314.5392035496256 231.710420384621 430
721.5339548891662 976.9937195616311 639
425.50834522754167 370.45844469170464 328
365.0295663311456 344.55151113553217 368
221.49568720922574 11.210872604471733 104
287.4982992609986 728.6353210388378 132
781.1627868681035 314.9812187985951 168
183.093351834426 964.5640636291157 280
573.941942135507 284.0392090871481 135
526.3118551885294 697.0628843549135 467
923.842754177708 877.6363933299735 225
510.0360015122255 799.6368669611427 950
799.7047528231582 520.7861918882411 877
722.4175565385001 80.57522897137659 581
254.71320749487936 903.5035482468053 78
111.35909229914864 320.2317422194897 726
431.1345660649909 845.0576263140064 747
932.2651840553344 445.76333556449777 230
939.3775024651098 214.22366558345473 991
480.7003935429933 598.5296978388709 58
527.0919978853506 951.2633302359933 217
954.1921579729221 531.9132261623122 139
919.3249684834985 632.270440720499 135
229.80980255227635 272.2205955086917 984
506.6915910288494 118.36240908879093 406
904.8501512439258 54.42919995467888 949
678.6850253652882 465.40335169638456 367
250.64677482940368 781.5870879279794 600
388.6833778122445 958.2698023126488 702
928.0878494869573 629.9718457468271 669
978.5513229062851 783.9112220836788 101
956.4434915301317 118.40483854137341 488
842.6772427397576 945.1025522643284 144
108.23583289711425 394.5623921737023 645
554.5261253684641 161.3859737874802 506
508.8790286757171 867.7677672296297 912
875.8586771019282 479.309661426105 290
266.00013978894464 316.58887588830055 907
842.9800514856327 889.0266644150199 880
656.7714204652783 352.94262786437 40
359.1367648166276 879.7556706523321 561
375.98350614570586 227.2845337528837 465
814.1182948680326 954.6514220054759 58
970.3765772578131 73.79585869461525 278
887.1835400273565 951.203355922637 245
700.8053635998442 322.37159065108244 728
881.2022621355189 658.987408082921 464
469.4250251565918 792.259474216867 233
727.1219133939667 299.5160724286013 956
550.5031355317578 510.73378013766126 536
521.415382811923 524.7262433433757 925
634.2231583661899 954.1570925529205 721
937.9956695349442 565.584369364025 201
699.0823785717291 129.12844615020336 19
688.0063147376569 853.3667661708481 10
190.4367623364358 108.01300468308084 227
557.8048274510251 351.6626465711753 805
894.3559195132619 431.6108363121841 683
762.2414577098276 133.2210308060461 31
535.5061004165866 814.0833579858792 62
441.67374861507335 7.375073210251659 303
911.486059495945 937.009593023275 590
470.9831965045185 689.1566228107342 917
885.8076238259157 814.1574595799623 371
830.9384218395793 438.0347951737923 304
354.3192373758983 544.6898322533639 50
904.8252979870717 113.11387765765424 296
984.5239757015945 383.45239854525147 677
827.7814475105267 930.0058332113157 812
15.193892923036966 938.9332047421384 912
477.0341888580142 726.7786910935783 59
817.4380973307309 156.0992544973614 553
809.2542733428548 209.2838432052624 891
33.32255500430614 322.63249979013034 907
63.815126272674604 696.2319989427353 96
732.665322651525 790.0538060213665 428
600.6169140144748 319.3467357635528 889
625.736091877762 653.7392810605947 740
255.8439385244119 359.8200022426274 952
875.2380200438184 817.9584054104656 906
452.6566357862659 81.12467301567993 145
850.0426650181619 980.8276922802017 91
313.2627839148251 19.850214668548418 813
117.72290795536178 911.7241264003212 240
306.09780133236364 392.87952807921545 734
387.28198035298976 283.83122908644356 870
707.5336492079715 998.8550827840552 272
69.86426259818523 683.7990706838739 133
71.84789741529585 34.5734206369539 712
931.0819434356752 713.2049009506925 147
745.6456664965615 730.4924241863367 508
491.5610203744587 384.6729275773281 644
656.5580492494772 919.3422007283904 19
623.6109302120188 814.3168660254717 389
903.5337057996096 582.0218664761834 784
52.40321191055997 591.3207739783956 934
731.1536701056276 127.64885762899225 657
396.9387000987996 409.5715265191663 83
748.7968141727816 385.2544971296525 605
744.4532456854259 581.8927763664611 17
697.6395746587857 58.66489603051106 651
589.120932931559 482.51937986033624 269
268.87615171988944 967.6238999624878 915
895.1041131768535 615.9027434803704 967
579.757484466116 349.0195107337241 510
540.9807639973737 120.21060582123854 453
230.3923013337995 222.18926282252104 723
261.54417960952026 923.7936876147705 753
188.45506562217952 826.1476488843285 280
505.1465306278643 609.3097724919251 505
594.2379142722557 647.3718285445185 775
787.6379295032702 494.78842087527875 681
549.5352895386211 915.1701757874648 903
21.132798626921414 104.32465430134997 734
267.2536511549576 192.2272911789139 84
396.1217309068279 710.8029596969542 832
99.01547474297989 897.5839447796862 171
208.34007651549635 759.3266297905086 753
160.75600061155205 301.62171268279803 310
936.1593373677606 622.1192682528288 748
18.192975588243733 335.53985513541494 615
490.92398456684015 559.867988689623 300
871.6695863765395 222.10453261268404 301
165.4393214679858 606.744733362894 636
654.002299704548 980.0670309149507 709
331.74620385895093 103.16996161222724 103
156.31709280622584 833.3039395722711 37
604.2453602155095 493.7181203656287 130
904.6330217482191 603.5717556848249 472
77.81205312339145 826.593039025912 178
598.0144634682765 11.552273144631698 917
812.3609769041352 999.0559021227282 46
671.2980989133252 877.5765259957035 108
337.1969682959176 617.1849414887795 306
206.12673096989465 992.5384323633045 551
834.8992819356243 229.5881272472896 527
943.6806102311568 429.3612531470431 634
261.6812756501806 128.8612849766849 992
618.8618917477227 783.1406125793353 752
38.16189257659319 100.25952073095546 367
795.8831431226029 906.242395653288 342
796.4208597124641 153.40293213817912 601
830.4941143124913 398.7111840786223 136
601.0549703711837 296.34689298889606 605
732.1633106162649 884.5550123535966 219
100.85305606854034 266.0732496503234 603
389.27970285414415 201.29487191826166 396
263.43302393781084 878.3879675220879 881
594.8379761862668 411.9576645132961 208
473.1680247036738 829.6539527686215 231
344.43779415351037 527.3079910565763 867
39.17335142187839 610.8853656704792 669
393.58301645933216 506.9394132136341 981
737.2661853886668 289.49805718065033 761
156.9364906529148 294.84518699621566 57
264.92938158694034 107.08777400431902 71
301.15136774520136 459.38108713892734 35
656.4071085373114 406.3887873543005 247
372.70139325093555 658.4036607904264 511
963.6706969772908 100.33359436146128 914
758.5972509673263 97.886271879991 342
201.4554267287263 965.1203952947124 408
76.74485014020172 480.68809830170335 900
919.4242995665126 554.4491760558966 733
914.912351722408 828.7734468174323 717
707.7511647464565 439.5920466518818 888
394.5805957367008 439.10200290532754 843
754.7574534277535 36.95566365716208 288
216.96291333891816 949.5435788697949 283
2.7752525691145946 151.65399132436642 392
47.33676526603104 765.384253278739 284
442.62890840716227 578.1190343548034 949
578.0507998801858 609.9177158042278 716
452.351426131138 488.6793615862226 750
457.7322810050719 530.6808007417852 378
299.22910213201993 849.2721937896184 64
298.9628230939184 372.8762205021097 868
84.4716242300193 92.20201273472905 418
97.07643282504941 430.7692182574957 546
602.5839397375664 655.4497536195543 464
145.26081831571236 472.5920712708054 505
237.4347437133757 834.919995484854 553
232.72353342060669 765.9975558241294 649
597.1696386389261 597.3268866937228 730
112.49287192901103 614.5824957082976 866
753.490595455889 202.7631288399765 924
669.6881137388905 468.36958963434694 30
228.5232386072733 79.9490717551502 339
890.6711950372508 552.564879221169 421
558.3314682046324 234.7207698798559 344
815.0136622551125 908.563359868401 525
395.8128986016476 262.56621487546994 601
803.1852860007594 572.051011137762 138
210.66395021783447 205.89322476085337 501
352.2792973749475 877.7257640824732 147
463.4351191280831 702.4703716950119 548
537.7255563863622 853.5932300859729 286
247.69026431573283 121.48256234946287 607
536.5349054233596 753.8474833924764 143
560.3929779188126 482.89860442007347 478
321.7438466397603 293.86370401104125 907
601.2691332590725 698.6171876166206 54
905.2093990818609 929.4230970970751 854
282.5173181212618 663.399334453907 336
795.8411011248797 162.660186696576 306
621.8915948246104 349.5323278812484 862
54.85246415756051 716.93498674078 86
805.6246885476573 949.3274105803338 541
105.75422260193012 104.65740394952871 294
183.14990073109126 763.4930858681679 430
53.92265555182574 333.10413420497184 635
191.35478502844916 280.7077854201404 881
667.2925374460851 108.93482596463755 171
613.5174030255728 975.6064203146253 373
466.6345220186382 940.959624954512 335
809.1280675925639 16.035019345050138 847
983.2281019511262 891.685535391475 911
587.0353601785768 788.0540020897494 260
392.22237906758517 305.620937509801 326
580.8911567365782 712.8809139093605 78
701.8130950360904 472.55748575698317 723
54.187670021669575 276.501709462172 654
346.08478614352634 71.85730585567474 567
281.34399422123215 204.0006330735258 738
696.8892381396633 581.3054279997453 215
975.781056905941 774.2679528471325 789
775.2823963492406 238.58561448728577 355
740.4538055772412 529.6116639568334 409
638.0428375487643 961.7269059994143 642
166.4913724987487 331.8511524997436 658
794.8871313889221 690.2784635154229 959
869.1106206887334 143.35787361695384 274
48.65328947753944 357.15359850787553 77
349.51034855277163 528.3110527997702 547
454.4401435301805 729.8353235493491 982
462.0441147076693 607.8504558563112 304
551.3488989777171 774.9787648377148 535
760.4042148549826 216.563206729956 962
504.818135838462 126.05237742774466 586
764.3197338123771 816.4519602543538 433
57.74331112404107 192.699264297177 950
942.4210642302992 953.257682693355 755
794.2041381651361 360.3914710630651 86
711.4799251589442 949.0487004361341 246
472.1477192178044 833.8722119509189 492
376.8032932716924 14.41964219803471 979
88.42278736021302 170.7195069031755 844
290.44400183323313 950.5679275136656 739
926.229613269629 985.17903161364 518
428.84485328421664 218.81601756049074 964
50.69195127938531 831.5356987781887 988
804.4210055224987 150.21086349842315 534
146.35432644994017 241.19878667462956 627
927.5825271695227 523.8134334655239 139
391.6993038359714 91.08443788200881 101
733.4942153925377 426.61993719820714 187
894.2708577175136 554.8023514682038 573
97.0685337080811 275.54679790254386 650
396.1091676575428 771.8358229720882 399
994.0297711620204 859.9868163133724 409
78.37439602870467 298.5078903577801 120
420.37578421016684 312.40951485841885 138
520.7362399917012 414.51617002876395 99
746.960429292049 833.59889367826 994
153.34182550567022 287.3214629305529 617
842.8887305211324 158.7847934828285 279
398.0493129223782 640.3641509339826 73
710.4957791292434 572.2637989400204 179
966.9760290269979 321.1040139210496 460
858.1024326902677 130.807171155191 906
402.5801107823047 305.85821551188343 392
828.8570624948036 741.8639076737684 645
866.6858618645118 25.33159598424661 156
818.3794275429882 614.8213005305543 625
599.5801641395725 409.51636526446 210
443.29233002781444 733.2659543523866 54
615.3615651206982 255.7890497310702 883
310.6094307338496 942.5061949193771 623
646.2317813457704 670.7768550850941 583
818.7511139782036 948.4686443141859 619
176.23520173930518 544.2478057022593 108
881.6216885258341 734.5939822717656 441
338.9420104684162 441.9144729990749 337
241.64539128774254 407.59758965146796 235
566.0389533929872 796.248829058642 647
26.630662650833802 89.57649453221161 283
822.3616284207064 906.5432347077935 389
220.44619476731054 161.65437103270196 576
25.4292695656555 291.8992028824501 719
917.9916136441738 446.1597944820568 378
277.61787793107476 295.0329984687612 387
767.6658823783395 38.868328656473274 44
385.61621208542385 230.69154636634704 381
794.8447036995927 388.6533198582415 756
299.5392507699326 189.80154824282369 861
167.41016705989443 87.45896971265753 67
623.5713972549307 68.6688031865077 451
342.64056506940256 440.66065477246985 221
203.81935498055225 966.657106145594 999
695.0204586030528 926.9313935270947 604
20.16282301961203 650.8105685587694 277
56.84244584313725 287.6473632978732 118
196.28843141039408 560.2016957349116 61
526.1464273846198 882.5394703741097 41
725.842188751879 317.5205635849768 315
299.6905547821465 979.3970117829734 554
538.1585283808668 849.3902489218278 173
805.2250041740634 183.52044331836436 663
107.50688069529369 295.18207931981897 80
956.8807989385878 748.3665189474783 936
273.6300336068703 709.5506331009414 543
420.19810099527854 720.4620950155156 21
925.0170310309641 944.2493915447245 822
823.4267324597863 14.831943750069353 750
551.4489598583527 229.5203737116208 854
852.6535444404259 30.45738245277807 981
705.5092946808368 782.606634249876 222
465.8201516464332 185.66046979773475 751
77.55158670781337 699.2148668016929 22
245.38679614845327 513.2629220276141 85
722.4151241824516 657.5349243616919 456
210.03367066331035 741.0418247160143 319
848.0389737585053 956.3485567180692 274
727.0275328302442 380.02035317366165 488
978.2088908076155 395.598164881959 614
586.3531931408513 757.213762342785 992
244.07309844172508 799.6290843295214 94
382.31736869473366 630.8442935867711 426
757.3329769212941 86.54131676369514 769
941.5830041248124 592.8793441216769 447
44.68440383674754 16.423177797020294 512
471.6906605600757 440.54753241572996 750
734.927950787894 891.4649881383102 201
169.715853400385 556.1557676982247 66
490.7725822500886 740.0312737837282 467
70.08684672208109 502.5116765617157 930
689.9897285394957 35.773240880686565 954
119.3724076457291 637.5491467062254 609
130.01128240737458 304.72180296369953 210
351.0918525354694 708.2830188355239 262
776.9302207827105 508.00653340583204 905
82.81505917265397 789.361253998622 487
801.5419018453705 175.35278767489038 721
139.32783263436266 471.27295975865593 964
87.89885256119967 88.90806762629333 322
787.5244923582164 486.61905499521805 836
217.82545891423555 373.29250410691964 657
770.2377645647302 969.9718079400013 106
494.67836465211644 992.1468813367237 863
983.5269339843092 18.943775574858158 33
464.46683516395206 53.891373086816905 412
401.99976329838773 43.6154579664545 196
405.5409332518749 26.788722754233717 418
167.5368549612175 585.0229500420542 54
885.0901201253619 732.1128708878294 475
264.943786057001 620.5217211080108 140
657.5588524610178 572.1430901332698 191
856.444870042336 942.7772238071519 542
759.9638607611669 358.53920575240994 335
161.62412153829652 951.3567592584443 924
463.32911870436243 437.99737924560986 619
398.5570244065298 454.9817354749507 806
24.851954326801096 741.0453274629239 885
351.1324933177137 89.15121180643804 145
383.4845762272534 999.2882614471838 313
3.0030697690749397 246.4040349255826 416
192.68527708811322 166.00378982880682 265
557.7709171974323 228.15865607169826 317
585.9444101002466 690.0957166294546 262
582.339232235224 593.1208445239005 887
296.35425447020305 619.3589408700147 829
633.8752816287223 391.9119183693862 130
119.05617174106631 266.1196862710017 264
286.5308780702047 360.68128181237023 787
170.86268564976527 824.8833213894446 291
550.0938201020838 382.4242411061465 740
589.1445188607712 319.3843367784318 184
645.0120474184714 817.4673502066311 801
594.2300442368053 366.0811099397915 536
140.3560029968578 144.22867374874937 887
744.872202555518 575.765718909919 952
157.1247189404904 611.0276679062351 635
341.76110541003436 137.12416165477137 148
551.7563000516642 837.2786130839402 862
986.1055138430145 722.5898880783016 809
268.95866773376997 60.54609235133746 529
725.1106894884282 405.6003226537638 10
623.875079530647 848.7263792295719 786
945.0054868809451 0.8618083540320454 888
883.5317387679685 46.18920841182861 151
153.320507483094 893.9158339302568 137
270.04528038866925 399.84346052112454 557
192.41379415419846 814.9034550297434 304
613.376513146467 665.6590182364862 714
169.64440225968536 802.2105180487872 331
243.536488472778 536.7025688774962 479
824.280325211825 72.1115605629642 115
170.0873271096297 652.284158394994 71
555.0940428979704 540.9060057474602 979
939.6597363177576 692.1061441138555 280
545.5849341061455 626.3723493536835 585
283.0456801821253 625.8335374557499 284
565.0590227521337 649.212124927351 607
182.71502851196175 694.767717942533 892
513.7638834473443 85.03312005986419 936
126.95102925304558 776.5650191023929 319
140.48565602179065 987.3022768835854 449
916.6266697593696 293.08830222972773 735
659.7257885175222 914.6114614319843 816
602.4383253462789 741.4797643821037 283
777.7555139622276 189.13414604825297 162
968.280914002637 580.0307994369995 727
0.7600514835065519 336.15543399730876 282
260.2520136915021 994.9962022205251 455
844.1744984272489 293.6181136116641 497
462.69493854203137 543.5858178141117 427
425.60420851879354 99.8919813843302 721
958.7205957244431 351.6862281042329 38
333.81868373401767 281.50173803284895 842
381.1256896416161 937.1023472122436 906
683.5841920849174 998.5221800051542 518
109.80937494823706 288.956586293717 931
254.6005411214931 107.10181469167601 89
111.56106144106148 839.1815655590747 3
457.54753180897046 418.09984149583056 561
620.9533094070974 180.88544331629032 704
429.3080798860777 591.9792977819916 565
417.87569581760306 878.402445653607 275
352.79116451594473 825.5991916477169 323
537.2297401372012 785.9373068372948 601
298.15104216124587 294.96652333180185 239
562.9353755152009 189.36672645559372 65
185.0667007644995 700.7757072631149 646
298.71791612478626 501.53970464963595 971
188.75310273281886 316.3026655650727 420
970.026238306536 110.07035630220085 255
850.9325537229874 812.9168817517332 729
918.8348252291381 433.54066488526354 20
717.4983259118479 934.6156446256823 375
977.837613511409 408.0761679823437 297
34.347808028069025 403.457610883296 582
272.52821535838336 557.270711049398 553
88.35801723751646 434.58864648198613 983
102.52189358748997 403.2411407931683 331
474.589718878645 601.1470685760011 433
309.3733822079259 200.70558095779745 710
186.4459415253735 838.9806162624559 125
624.9199378945935 60.24614178413146 10
776.3080297933365 746.6863892025974 111
39.44503984877157 760.8736441908117 243
147.89452069062304 30.10409770238065 870
420.05479316363414 773.6052214616877 180
837.0939837843176 606.5117961043566 949
994.8289029817121 725.6039593006042 502
966.9252716373637 90.28232920036928 109
762.7762639415523 215.9255407277253 845
456.87183578371037 457.6950568789313 799
824.0188772028752 589.6657344434935 478
118.83701237582156 940.908322463353 101
645.6786929155131 432.2358920364454 215
126.039415863325 0.5228346808642259 466
90.10116965789095 604.1643716235765 271
433.47767587743755 454.59824766375755 248
576.6866352123549 968.6000534288057 283
196.48625905718154 300.5620976450649 383
443.3267855480847 866.2961397647853 51
329.18066260567804 259.54491009635206 274
405.2882909830222 481.9843116138659 576
502.3011876378893 693.9804437534524 758
404.22592685704217 389.57656670660276 773
461.5188296378676 319.0471765750301 371
682.4628660543611 321.2957611506866 216
940.5022502106727 998.69653548902 555
354.19187587116 792.7723556817035 641
316.74255478584035 740.4441810102236 824
953.4578414639111 64.63467892976682 126
729.9029816967658 595.0751270785502 993
189.58429547446542 710.4262799171564 540
486.93930041989995 191.77711462129776 80
592.9195263410786 823.3360652587074 426
632.7115306791927 231.98683579715217 761
12.048148889818865 159.780054235214 559
567.326564196796 799.1047983188106 709
749.7803827165363 435.46818736911916 274
33.79870038583888 173.73188486455325 25
593.2654716647435 457.1499852457955 775
492.9505921819989 17.054801256673247 199
2.5454053974394153 981.0328818633906 655
339.85319064932327 560.0693018640887 575
854.8214756602804 599.3448009235838 656
506.5156001093074 809.7802793241239 532
679.8306883270687 137.26545257228918 589
782.6313840098147 533.8587002533717 11
889.8756598038378 8.439909793987677 605
205.22225671817708 115.87131321673849 457
233.66916481302334 102.94095553851047 40
970.9063749087404 470.0571158204596 214
364.0344916981775 891.4018162854203 494
9.523821945597199 240.04999847114905 309
233.93399762361045 697.8548815492245 283
696.3878075020717 560.1339939322457 480
820.2112229189999 37.18819867545476 12
573.6429262952287 33.3841456132431 553
752.7074439522136 718.0449735758901 589
535.4576734463701 598.5886780554251 773
331.6944885830745 464.1745014014598 768
693.7709766787191 142.99240416734747 613
342.4285188833703 746.95013965263 431
40.237840406583736 563.7635011460036 182
566.6124465565972 957.4755227882667 916
342.9392918567794 818.1674195858856 647
95.06903212821815 403.5389320445384 309
495.2384165418868 301.90620765339804 462
498.5516597317695 30.58854556958901 289
268.0290441926142 40.019182059101375 739
729.438085660041 695.833882539388 292
885.1961569570781 406.9883090175491 132
23.82450061118824 869.3945206168396 453
716.0045389231768 463.42888506924197 304
283.8375880667593 13.987129451867531 645
476.96433678471885 412.60699889452144 633
565.8668106092392 976.2254562003408 526
206.90129503060794 465.4022270262996 933
217.4869499855373 571.5292902659096 201
899.2844876067483 505.7333933869893 946
353.03850741604947 665.5102517820336 457
648.0229516924686 505.1627230587962 372
369.74542999668745 512.1124256708437 567
65.21417293684296 807.4262397528778 452
612.55884218007 589.4942604015149 291
680.8237650364192 691.6574184022733 325
585.5115669320792 565.6004857424 924
15.22132369694107 322.58332256392663 707
193.17887844717197 325.6751403810386 811
148.098396895872 575.4654608832907 866
945.617832278199 509.0893228946308 379
915.889613163985 386.4763151978832 440
420.7320809273931 975.8682823587108 901
336.07300651836016 409.00500341205304 469
843.7258199613581 539.6742820973298 628
258.6685090443042 129.57424453315892 420
984.5654715563337 965.9707217373224 965
623.1197910856715 745.3308793864827 166
87.1860593593835 752.998773760274 138
892.0531679847605 921.2022297364317 291
385.44076416338334 938.9381992824232 419
587.8005806473037 794.1769569523253 923
760.9876288785182 789.1287581947464 28
631.8993215647197 784.320436593127 352
46.31823045228034 204.81651400812683 732
331.558970670083 993.4683150547035 33
786.1022199206236 733.8793348025362 549
848.3769014236626 311.12773460344977 451
611.4577666372821 287.08129896173506 556
826.7086541850044 496.86925906722934 961
533.4455595169713 77.70477676231302 703
758.0670901446769 212.26987252774032 680
922.2467125373078 934.9799784963847 626
729.911140847793 461.0667119572356 284
872.0599024505526 591.2110658423649 578
857.2248061143415 987.2885976645795 464
804.6244361377167 367.9136091869911 56
419.2467039727109 277.7218601831808 167
69.31499198260416 743.9069979074827 361
356.9667084689554 629.471992823121 455
831.4828716356664 890.3952758360712 720
972.379184476238 922.455583256992 123
126.37238675239738 577.2307853610095 323
333.70488022450076 985.9258729753038 339
888.5465275988221 675.4635228491786 98
98.12049528902011 961.9306097242414 846
537.6956281957622 387.9310704808117 927
844.5500817442165 472.691208265685 498
892.416380209239 157.66907259218954 391
662.092000998367 867.6418657096909 833
462.7582924455299 770.0256031425911 301
720.6691719218177 842.3104899020382 555
436.5040282117089 851.0859670546731 355
320.77589374140945 15.359109313134223 465
427.4229103954477 112.48658100813135 351
464.8049528540324 403.87667812993686 992
549.2033415762726 748.8653145152232 642
564.4096862795794 89.3746005858943 704
107.69893244298024 885.141254097365 997
177.5512307531536 622.2661568733553 634
133.37800229543106 569.7738876168111 498
349.38631380391536 753.9373968826186 348
736.9409411542545 44.74242922546245 963
383.86346875366684 860.5363182437541 485
352.8566608439787 614.1002577015978 935
738.5995603816217 762.4187213774144 365
932.2183756320799 374.5664381768591 239
694.8858724033051 75.13436299687315 428
917.9440690632449 297.96912346764447 972
779.8704624143886 163.6950691446848 592
107.83201294422051 735.7596227442283 259
157.79781013299586 123.63240894420503 239
576.1313282178378 856.090498400174 383
562.5585776468243 374.12916400036545 37
739.9512390937565 534.8970072866593 618
776.2689449701733 673.11434794409 898
183.04592073830784 727.4929251519004 741
317.7519620611551 465.96984050116794 110
39.59485101767923 372.1004257515097 788
969.1600875287629 79.56844132488882 135
106.61340967040101 594.2074895912108 673
840.9374093998638 186.16937556279868 690
745.5432499269093 322.68781030232583 369
369.151938053069 268.79797330803524 399
512.6600902133234 79.78509866099148 828
733.9866134459468 260.22743082086185 299
100.2884145976728 86.21251774006022 568
712.1259698354569 477.02927094677983 192
877.4528873357534 183.49791483225852 422
277.82411233287377 155.90045472738 622
96.80156544087725 946.5095212091458 978
836.5022491923941 822.529287334264 127
242.61554333865908 544.3445733785322 942
118.13171110666232 102.6076711853049 873
234.97830559412458 266.1210158075501 896
743.849199036294 477.2025378254785 163
330.19715021656793 383.9834973572116 153
394.4511861425637 510.48010126203826 5
908.4598351872378 831.050780317024 743
813.0021803798476 204.1940129538544 64
261.50296829695486 284.920870970656 86
743.1919475832107 949.8742533999431 397
471.9375224313077 105.35524599733648 61
415.89516798357664 792.9623932983004 685
134.04112169445725 784.5907602684647 127
890.0357396680708 371.03034568975147 884
401.47813036676314 824.2348953534826 129
96.64298038957652 668.0607501989689 196
123.92756580145902 992.3981120673968 441
716.8093468359058 420.35799826797813 199
794.6824894326096 160.86177496036936 619
734.7221079886085 651.7990064771305 561
159.97577183122613 373.5708266023494 457
639.9542165338363 986.3634330686115 958
568.8503342513355 297.080080125675 876
882.2604613085541 554.7063005645185 900
878.5624816194786 296.86869134505844 905
562.4229508947302 992.4156820454114 660
118.42885600458064 373.1640718352917 177
370.7374098020464 591.1610975414262 136
617.8801062073203 187.7865584491133 700
202.1007528166967 868.0773331092867 997
967.6437478310518 955.2712188561705 818
408.8838084711073 242.72838051904532 95
549.6600350846712 44.13215945732895 985
532.4018346966348 554.9159749756095 980
38.90138046352121 295.6490122435121 775
109.2044302486942 250.53949435204282 61
737.9989043115662 146.723333999495 62
247.09244268733076 291.60650535500463 932
682.1402327237054 766.7992936334318 91
264.4005288222827 477.92196778103045 540
437.60098241433053 223.7743843320382 881
219.06968388937665 473.4077647889918 760
853.2719894870545 956.5355400455162 301
989.4215060049203 200.36761403396963 416
405.8756949664947 645.4503862039255 652
738.9976561769977 116.91057622872624 2
184.44386496269482 259.68249343524263 185
935.49428606796 952.0985117076121 177
372.8228117862735 400.6476800583564 118
665.6978378105905 734.3685016111822 226
208.98347761588298 879.7547231213483 806
264.45944397420243 613.7678203010266 37
412.98476142353155 275.3224326695297 199
831.4327228112871 246.77996399247792 411
82.592121032954 392.0466820559965 409
180.59244834077248 392.4667609787292 182
764.1060336002449 90.38993586846556 189
649.2540598234866 836.3535397446258 294
869.8036543580183 545.7194710287622 505
899.0773682427509 421.3438001735308 782
765.9525683986269 528.8641376788462 499
983.0057013882064 794.0043381149851 22
270.6569466892734 23.135466833869245 338
988.1792501667478 217.48566840284212 861
207.66545067497188 721.8996585784371 843
147.3606452497509 102.72706696316314 440
935.7185103507053 210.3946718505606 469
416.55164254290065 432.68992753978785 240
736.4351201457301 528.7955129928755 174
153.21765845482716 200.37813063952692 893
906.7890957143416 294.8271725059526 596
501.62049195495194 268.1534901151258 926
983.9108194893786 756.3083955925059 8
871.1209511236445 226.09894307287436 335
201.32755085686748 236.5827635009855 906
211.15355385240298 923.3330549426801 527
832.4094662894745 789.261669450518 256
267.87914620260864 326.80186090891203 718
874.8440759736003 770.7995745886421 40
676.4972656560445 224.95281412203448 289
972.9443695255034 28.56155745399491 368
751.2337715535025 476.3202187058977 103
788.5891079289121 169.06039324357025 411
294.61042692405135 455.12641588001014 891
296.8272137931239 716.9215435316814 391
826.7621209268134 924.3425555391542 102
642.701404654244 658.0580884571041 728
374.51230320911986 733.4290330620818 166
778.2086498940671 933.6922583626504 482
358.5726242323074 219.81203954359162 202
209.25773658912806 280.50006562180243 331
400.63240976144374 466.7385572051117 11
901.7304673131201 473.4060208279778 758
282.47076763072675 283.8462537897284 836
444.2119472201532 991.4212951409122 772
606.6529439203138 80.49179165333398 703
473.1443941975911 509.38117056515944 220
571.0778990139863 468.0061953628403 483
203.58598437515408 793.0190226778042 818
354.5459348657272 668.1062566990472 948
220.91910943881533 38.667228452435644 262
149.82748140814817 355.827240496308 195
978.5126386069942 141.4260951767734 739
315.510521472858 610.6220330434994 417
322.45583821807423 262.2339272683707 254
792.4163480421288 109.92600266091324 436
37.43485075219966 660.0820083494947 257
653.805895949945 700.7234310166716 769
14.04181128446169 811.6256439061592 182
736.0718687526265 67.46804957243025 926
804.4521580036347 742.9601364746463 44
262.1583070362965 857.7461327699187 964
784.6408339688244 248.5578334564623 659
66.61417344307775 886.1654141008424 160
575.7149551665993 305.31488556774747 465
500.7373564492866 760.3970788497858 607
31.17555331820798 176.21075043268175 225
139.16655806276168 13.475314519135416 145
583.4113382163474 638.7920649533814 536
176.33506196324888 772.1514550556008 545
516.5264877686466 752.3431647701701 82
690.3927333565072 596.4722529519239 667
767.4501993995843 804.1713041375172 383
114.90896324155398 944.2291792987113 442
549.9816221934594 251.2699841849648 653
32.89886376129169 46.37924592860987 29
385.5251664054451 508.10687653968387 510
139.02576441720947 921.3824827434852 272
887.9486679433744 153.02834862007663 963
928.9666182586485 431.64627557146804 123
842.2849303418794 61.407167768549265 552
491.3678543237968 636.0409669638302 469
240.78145694711628 363.1088034974482 115
54.249283648792556 874.6787806435242 873
715.5218354359654 42.459656715410965 799
884.688640933083 734.3759542081724 771
862.7900589801045 27.503988380778168 407
174.39664740951432 511.596014494058 30
422.8885493945365 803.4972042309042 597
869.9400328530992 269.31853055034617 620
305.83946674237825 335.37827491776216 464
454.97161008541286 80.53533312617522 639
223.29680006401242 153.0130091454528 458
783.7560643845377 527.9570107329182 119
250.4385123003019 920.1544854862616 363
223.98297066651506 759.9275118932508 499
608.9009272127383 159.05432613204783 910
696.9315227807036 203.7185360147956 241
138.28698120953908 550.0132375492467 408
263.97157121830537 925.3719902854707 423
809.7724913885376 755.268167768438 912
361.4432815196608 34.04058711541636 654
414.5521136471253 823.3909929152446 9
587.0109470670583 151.19895370783766 108
362.24662579586067 200.0701278992002 94
910.3326873197507 574.7859594179288 3
483.6052904708611 486.89574404519874 998
649.3265773233403 937.6553344770751 2
486.2200368881553 121.22151204731001 43
18.498232256661694 906.2595432601826 665
934.7297737468677 903.4331522529776 381
824.7247770049134 266.5894853433961 607
643.0995469125488 64.93784695859107 876
591.4992401601711 704.5328728969822 747
227.37596887110746 407.4939593732992 757
554.7031362386971 246.19387514449954 945
727.5630523772104 655.7174004046446 257
84.2779021011959 539.8447615943456 626
814.4317707618311 876.4173247631555 610
176.56427518659623 395.84123642642845 690
690.4810455629254 497.15626948537704 324
169.88943415826662 79.46757037645169 454
223.19751821228095 667.6286682483463 719
587.6586858549857 49.52660544638798 384
933.7569507579404 339.5894669096842 164
555.4287581892654 625.1543168731465 888
303.9404932119616 664.2124855660546 582
478.9609892437687 554.4714609116627 869
169.07617216585913 913.3894585757342 365
628.398500476943 594.8462996046072 546
840.295252855562 896.9153710873894 192
468.61926168211 440.7919834126016 869
9.268994811477693 189.33048365158024 263
401.8425845728283 99.92581247152333 672
664.4194438554784 905.6821010280484 493
386.41393166135964 931.6903029061594 976
59.24929508636523 597.59325974011 73
46.810098741843056 285.00355597370066 890
977.4777535532953 583.2221138513296 210
346.6680920000933 988.5006734007176 254
362.41817190390134 541.6639704114402 453
8.221192701256763 553.0626043311266 56
687.2512067249373 396.8012347795563 34
103.96683403645935 636.617762680675 870
495.06201745353906 723.2213608282257 977
492.18679189901684 960.6522146804112 335
340.36856009998985 80.85194567910969 919
744.3428266952319 182.2905979217304 967
568.8587151280117 890.8721911314599 421
884.743514507008 601.3442635377222 13
294.4582081913973 148.97165534201906 927
270.27827721799537 236.2551659699904 307
613.9139309676877 248.53136811854893 3
785.4712896824346 245.9288598323386 47
400.78333696601453 380.76298877331527 241
69.89385361053768 656.5592122746147 638
261.56811277611223 18.71018258408441 220
477.11040631165866 177.2628262524719 491
559.9985277388728 851.6075492428439 899
110.74298767374302 628.4163844825089 934
976.3949649836177 517.9533726747308 6
951.0758355365922 257.6090134717309 941
408.23934950897967 639.6312668050134 13
74.32760450971799 145.21926234581673 328
965.2833481290634 517.6981467882533 280
937.3289513305033 165.31074827803815 422
362.6790251315294 520.3328045266464 706
273.82364375888557 839.1244012162193 791
233.2686762228213 951.9735178215474 52
115.75773431596903 950.6964103581903 234
304.0616791814894 179.35001122205242 681
448.6378970438384 354.7051453378549 82
992.2257620937269 364.2721139133304 636
613.3566298330879 540.2030127742778 25
464.40209435742753 485.5063988793251 757
786.2346777848485 385.42853276832335 976
905.270944623329 428.24681309089186 181
593.4346435137785 197.80160489094467 446
309.8943110420189 482.15140096910625 629
514.7391991897074 976.1716257226367 196
832.4156286357367 798.0849175793247 781
260.58488597833053 553.2020739481981 964
290.5509914010064 319.0124388766651 612
6.5004890249964475 724.0303162552 287
831.1348705372831 114.5448052333341 901
363.3766629390072 246.6286920419678 175
794.4719679861165 931.1593732384681 835
322.7683639200728 663.6545609920257 92
75.03864765701407 995.6765661536667 526
71.35594935373658 856.1812203257455 320
135.67896188984773 425.11714495910235 419
667.2316479358701 403.603478888104 641
499.35832250554427 39.11794497659826 77
742.5273627461571 184.75080048562452 19
316.11146817558665 944.7788135517549 911
696.1831357478161 307.22228702798657 412
725.2457489590817 257.3325012436394 169
972.0645762490375 98.71246443350567 269
354.8546228563499 965.6413152700254 493
336.2354139527496 613.8727175726399 253
81.60712708995754 67.65267750919845 738
812.1516970926265 362.6994892997539 148
768.6442752250749 892.8758575931063 572
637.2219892259545 646.5778201409661 46
7.417705436614352 498.35294999250056 694
10.116420115942383 335.0455331696357 741
921.0836164796267 891.6860670929663 605
504.4696027603723 250.95238684202735 709
987.4383218238698 786.6772394452709 48
417.43113275667264 763.6077092007155 133
616.2028426709547 553.3730906355561 140
776.0610849668435 31.981430883655904 415
466.32735428305983 416.49367250255455 204
176.86419260084995 4.7305129033407 895
586.890263100673 302.5020223273812 932
587.7680024705957 263.15951342953593 189
970.6954606812902 179.47900649038974 1
356.92704472095016 900.6026139814942 163
817.5216209727782 136.74341106304033 508
978.4896391600713 610.1744378572869 72
602.805664934103 862.0832939119807 666
276.19505516327104 438.96438691798465 316
736.308989013492 762.1388575091312 237
255.5366715790799 122.06900568614488 567
726.6749385239075 735.2615083574192 108
503.64591274184147 912.954493684042 847
752.9032510667379 95.94061704964486 165
214.4362133907043 216.21492605897862 885
764.3130016451707 140.6724060890312 732
354.2498575163566 182.3044790795899 261
641.5443266172177 149.94352700639124 988
324.85078878795315 428.2614063902657 544
788.9321231427717 975.4763793102899 807
300.2873537635871 787.9045100513466 839
264.6093463297562 474.7035489878416 134
57.909073304771795 791.9724127776201 646
315.1969352024591 416.0536177880535 958
795.038571920105 85.12387732305959 632
156.03280903777295 333.70522969864356 390
453.254920992112 370.64906938545795 289
382.6607219348296 335.7040784905922 875
537.5928937146342 614.266217703564 935
5.479039075737768 288.77036237491996 233
532.8721758481671 100.05700714095222 23
65.16652781181642 551.8670025238479 91
544.1220282546697 20.8516117329427 761
938.8782074651954 813.9479138789211 491
806.5304999651977 573.3847515007776 180
857.9667029806026 893.7161981148491 922
802.2154982334777 679.7691182938255 556
109.9614089297517 70.15623063787402 462
484.4581090067549 192.50283769849153 933
693.2067901769886 763.8414560722088 334
681.1602418375713 204.4099392783668 551
744.6862482308121 363.0921263586452 109
832.3695831271828 762.3403481583813 677
480.28242779556996 213.28338805642989 333
476.400395458079 9.359540312305903 852
265.8301327573713 830.5657794453832 459
90.94340225986774 819.5364897024925 673
188.22563601821162 413.1225552998098 379
921.965388764968 111.80308900262237 524
763.5752098943476 282.91664498271484 682
998.098079223636 337.9031534861692 896
336.6084587797832 710.0748001818883 977
467.20179677178106 539.7532272228968 636
699.579150823384 32.78951220111315 418
113.78026173928501 366.9867394435311 667
496.8894643515462 262.84766054412455 511
203.6995952648666 31.130251106403772 580
620.3322329744833 115.35619941552045 580
423.89391993920765 128.3466523669793 934
378.93753754948136 803.6598390136984 163
752.3482562890888 443.39624387225706 933
434.79837390792795 174.87493835446932 114
830.9974959436677 587.2021038027822 787
478.8197803613505 414.2770419887699 579
119.3225943393611 651.7280592262604 399
899.4092647911604 149.37050249293048 443
776.2344970550666 949.1800657325513 5
563.9372335682193 354.7823087490819 299
290.1228749999617 653.932681556588 529
803.7603291991269 99.70265917067056 275
437.53095054697343 791.2387606555664 383
552.922729624633 220.59481292755245 32
232.30177892947123 855.538938932265 747
610.1713232504516 299.5397007916039 708
118.25637850549109 266.55542231323994 730
185.8005484078108 697.8242898896186 849
865.8011348494045 923.2510003834227 152
693.2155802719145 183.1102251052138 204
375.98029719978774 230.764067939786 94
551.7639945917156 694.0755362300173 455
730.2651561881663 871.22213492024 337
568.3238324778517 153.53489689939494 633
123.88350334999431 211.6341682436068 937
377.6785782925112 803.6221996204258 581
894.3154779570642 127.76797472715661 593
930.7079801510882 138.3859417515062 526
742.881747512406 303.58669839477517 73
178.70501455758625 118.07282518045437 198
624.1118412946157 803.9966302489817 203
239.20633580653018 870.0177753421834 35
964.3982266601404 800.4699099679563 136
271.4944378287729 754.8737595892021 354
413.7954267866002 176.71262069660642 316
750.4634062131726 374.7757571116631 231
772.9272007018435 609.9274697912668 855
938.5506936461653 873.6691977727369 428
968.8806673949675 856.8373654102213 202
161.84754780381462 429.1338709991386 39
105.55129834761378 498.781391840168 106
444.7447496311383 690.6312134891626 632
561.8465753201028 85.88913977094647 609
49.38025635176668 788.7747161109562 646
528.938465030418 126.6880210546557 958
226.3778553084539 160.9027779339597 532
585.8848955418465 575.3903757299709 885
765.238794654326 725.673099707719 924
116.36446276484469 784.5560860173441 332
186.27801036537116 413.0468256222682 829
39.14138527390898 225.25026151744555 491
900.0471288920057 692.3835444152824 402
141.29013363745236 263.57953252161906 505
101.80056118174008 274.764304352224 919
860.3890583501976 285.941118170112 149
340.9471270071106 14.823768732667219 673
562.160380800168 339.09643244127096 340
617.5910380160709 844.5580059592063 235
873.3375095063772 352.7854709862268 691
899.5139122183557 948.2489089453742 250
88.44632651855345 748.9397191155537 795
848.0306971416267 934.021146235933 591
