918.7548377004778 136.02516707260227 845
880.3549265290281 662.446725879321 740
916.899513538451 923.7054584085837 746
88.4928674244988 150.03262051012166 980
632.9805659777569 913.4586819174278 790
110.53511614607692 287.32755127257326 742
4.875967812790871 864.6739086450783 463
200.8322398487511 461.3435624865374 760
470.54984688179604 82.87930350102401 691
192.44222834436152 583.6566448060454 893
507.87941713277195 67.40553775517778 988
998.6043875029143 529.3176664808927 916
773.0708711871928 352.20609857000716 490
406.64523923334104 916.1277122089075 473
768.6149324849001 637.1904649971631 311
702.500856459696 613.9489282551843 705
46.48344326196185 362.3323415287543 807
544.5863618937082 506.1556343365502 290
959.4035407903017 95.15546132924912 357
167.9814288820939 730.6460324495009 861
599.497885045228 848.8802796106756 842
675.8001073605016 706.603328558431 921
176.66706948670574 456.68985358083916 701
284.52095445264735 65.20187699638858 527
487.9683121080929 606.4687783848649 91
249.23964319030546 855.3793360357517 650
552.950800466863 440.3897903496364 114
752.1396641834633 891.6029838756501 301
19.52052592441389 435.96824166586225 278
236.78109003075986 369.96081936064274 519
694.3302170431899 286.2955361459999 29
865.380407898849 585.597373568275 287
202.14432950664263 388.6342699894781 136
696.6882400360952 211.86288022372756 330
351.28663766006815 724.9273772646304 589
416.85090524678736 25.50649475234912 506
709.8545088168042 596.4703651449786 347
116.20236188316935 146.12269775339792 690
173.07407951247356 424.528251814543 624
618.4315057306388 56.900374641545625 771
819.9963611619318 906.5994622662918 79
141.53844920506165 792.1463866339601 404
592.8545677550619 83.89303582810459 274
195.3080784382133 287.095648611545 688
357.6359553768994 633.9180639854748 293
608.4526843439163 583.6107405655082 669
850.7294694875334 366.4561124949835 416
804.5459790265944 819.7532573530432 989
781.3233733090851 340.05348040792126 58
929.7524396942612 471.6562118786612 613
823.5108257466146 860.817014447056 486
86.0188372893953 804.282368529485 19
721.144416926028 481.9727753561318 32
476.9620696733942 708.1440020398986 412
640.0281040847526 676.3861831763128 488
574.768928000803 163.54660035072578 872
749.1384540340733 652.1879414952991 839
110.31682171652557 466.84277316460174 42
149.46942287534625 187.96515941102277 166
199.24880769978293 12.318188303613752 829
311.25118752251404 919.7976805031765 884
626.745203731553 858.6789120886986 517
452.76994400218695 338.13170059509747 65
51.34171881389771 146.71231650165274 106
377.91571276240967 503.2382554677702 942
839.4538773260488 403.2731674123351 259
883.5743693186456 46.33988836508473 745
412.1017381613916 485.739763665835 88
236.825504707601 435.90499503234446 498
254.23888767038937 230.86055910384428 434
683.815430381924 507.2894804319058 668
899.5479073049885 660.2641910376169 192
683.6158753822417 360.84656775854774 80
297.5689846712833 453.3015679570359 757
60.03408942355881 345.6270569952249 905
482.1462910681444 302.6068472583997 916
703.9626509601027 112.9030670802319 174
950.1046378183906 833.7236074957616 790
298.2174938730089 505.45524190717094 37
75.38315511197935 811.3180017361971 171
247.13810711304274 328.00682425225204 183
561.6459717335259 506.8714655494727 788
860.8636571776685 375.80698077407993 105
202.20266049128477 56.82054499999645 496
784.9412995679237 949.6801367970585 554
557.0100513417702 170.23410290336082 395
297.6819388316804 175.1361517165455 288
722.5519950217839 469.49974901016003 315
419.03034160538533 355.63083521421237 104
766.9692320445198 190.13914208067328 20
826.2969002353524 481.2374442740974 692
456.35779978259995 798.403088933461 350
336.05149204744646 86.34648574783466 806
740.7515859933583 361.30503608723774 508
276.12580467098303 446.30289767538824 387
443.48848052301946 383.0446916430493 207
952.0534662346134 694.5970701037234 764
576.0189622783403 65.56982782719977 646
489.18422165551823 479.3929586328034 62
618.1183170023239 248.48293613349247 845
596.0315929849594 26.496447003021785 123
453.2070337300872 683.8530104576649 525
200.07119727550483 360.06367882335553 119
270.1859154421369 631.7964445075895 574
698.3693974400229 560.0360686642548 376
756.4428526037427 159.91293980131417 462
391.2659209687962 249.26553511746707 529
356.47275416259083 636.954042014618 242
285.3833765508007 696.2971251772335 887
174.3791449024711 361.8189939061607 83
832.3188834699992 344.6737260821273 508
21.18707450727719 433.63768387303816 219
756.7504372052613 879.2677613087859 467
770.7429076365812 51.36819076915433 931
645.2183018919152 490.7465148934599 212
529.0404431153154 347.23806622438457 822
206.562654421536 26.786560262013204 720
922.4858824938433 153.8782736451869 544
687.8365016570527 131.9284499226816 583
733.2298613161721 966.4083570580389 263
397.25161828060305 712.3346200846566 412
504.78292697266494 825.8658055043928 587
343.94507753128426 511.78288228440607 326
605.8189074436954 60.33096794499904 883
323.77203795732345 728.2635971443733 923
815.4063182201697 420.8767846060424 689
190.930168156771 681.5701412020672 144
693.5592860505682 607.0709927579936 642
129.8752205270982 414.11177116547805 276
57.897007054748094 78.08147827501077 890
365.5066668383329 254.74540413529124 415
736.391506488672 158.18412309612162 378
832.7960084688807 893.0928217869006 635
190.17238283798588 866.4549131121653 618
404.93282230133923 735.3252182545464 410
244.8344076700465 444.2763726938392 59
437.5646560822124 725.6041018036073 608
540.2949954097944 343.5927578636614 735
494.23928647471496 835.5709385939783 536
977.8615572059734 907.6335278293118 328
119.17241670637068 331.32015494554776 614
62.22305520311166 500.81516155790894 441
872.3749948838258 198.4674101828492 660
354.7073377762694 866.3125282411662 645
712.063622220899 816.890359421476 852
418.127229864898 736.5586286399432 900
238.51780954497548 512.4278238946408 730
502.6660282544644 670.1290967691099 796
188.43985548103427 926.335471006097 793
449.1091399155603 176.7927413329312 735
808.4142471813345 443.60657111383983 356
248.88527460656195 262.63139343839595 308
867.5721917200519 789.3852486087551 208
393.3297387227141 70.86701730486766 942
787.4873002710614 880.3951312579759 587
973.1156279566751 328.10982562351035 449
280.57690418688065 350.7563434212827 169
938.3635295928184 812.3021115883009 169
318.84675669779017 917.716008407176 893
14.635542289809788 662.229499167174 159
807.5925165920747 580.8128368510817 817
582.7238832673278 460.43359638881765 769
23.085885389544924 125.26909842577028 839
499.60995477667313 6.245092461998336 824
93.87183674498966 497.44854442028765 788
280.2773538093634 838.6658414368052 228
313.8633777141019 483.330545553625 583
988.4765914427123 682.9812734496379 935
939.6374751813522 935.5793983134605 682
219.72380508219925 732.0943670217841 478
277.9239832494594 823.3896041357247 758
386.7790085340476 39.51671882985486 358
462.47464253265315 996.8361104764012 904
53.688008394528474 734.9285628948321 228
322.0264931796614 480.09636289381496 971
615.0452995413216 803.3536473182944 480
610.612430945383 614.0876786273598 433
206.22884741561697 769.7891172535811 622
678.6381808839708 340.88499526739 391
462.23660157270507 302.41966233427775 512
686.5487035636294 587.6680547975014 324
609.2669156627135 711.791653340474 288
877.8877305832007 453.1435231494394 979
246.33505884461516 816.8355223834212 146
421.1742629642041 408.69342775057595 593
931.4377659511614 869.0305296580423 558
559.7933100126011 187.06774917121749 412
688.2734143525904 59.26867876672593 962
834.8210852634057 989.5198312512027 936
709.9094454284203 915.1522413777657 23
732.4609207268587 976.7752527130244 342
541.0417499624017 887.560449134544 528
533.0987507327466 796.1838237459041 847
327.1930975439296 663.1767722981544 820
448.78250912194915 826.4192148462193 458
892.5596312239103 729.4647749485026 881
855.1299291685784 499.2195110955321 47
802.7769788920825 465.20242767711306 448
51.80996186561282 716.1700791648653 69
144.09409876165913 867.8932606818759 318
101.53263003397217 663.7222336649824 271
496.47959732626026 492.81581479494616 104
955.4687790820725 189.2049660907045 41
172.39492251330267 585.2263232769054 463
127.59143318119493 729.1381354204303 706
590.8943432867154 562.6573198668281 836
674.6928296349231 458.4733243697192 741
791.8850628180182 103.51130275631937 698
322.8474343291446 579.3318041004627 13
101.64293143723214 427.8115531032906 656
605.7740814153433 637.2946239372128 386
716.0914644421247 750.3936149822741 149
665.4028963974231 926.0242242952945 216
570.0894730583676 594.4322640329209 792
775.8370101757257 238.21319569728283 956
425.5433877924376 190.0450431627364 885
870.7562961922287 82.60849473161724 422
330.19249122304484 265.9993882621959 440
196.831639809096 350.95272300678846 865
112.84428531982694 513.6354390695409 888
260.0271041835365 189.6589853834558 138
912.9124958867494 138.09545953547996 839
992.4175871694011 279.661992726728 850
471.2367431357951 949.7534908416268 563
984.0606710348792 69.65649795850082 128
107.52798208164072 631.9036224128602 909
835.511334066589 978.9315919384766 60
72.1919158903711 152.83155006680173 957
257.4998286901289 769.0300679458647 307
800.3863078094207 886.0210618987512 348
291.2059603465297 143.89006931139235 829
358.12011910073716 206.91410620716556 509
500.10104502929534 429.8114698938787 868
604.3285254137102 258.57219106594164 668
881.6235200486212 960.0454646985031 796
436.0389916598656 378.74501958676643 615
307.74662125317076 607.3879327519256 954
375.36814479214297 659.2893656250749 983
522.6745367230253 242.24501199784243 792
274.940272106359 409.0888144688972 920
177.5714544958762 500.2147637224362 795
704.1465278523531 755.3632028936579 836
431.5648164289491 318.169608371956 67
554.114556591454 197.24888911975214 244
738.3324249045961 220.11390776186946 351
224.20427545915857 545.9499934229666 435
861.7798086389605 818.8723630808336 614
725.605050251664 883.7132986557078 398
336.06612753458285 156.16744188403942 274
789.7190374663705 482.2108333569284 951
924.1440029229229 965.9275568707183 686
158.58132360605782 660.6546416422016 356
598.0832433995282 734.2643019886949 362
660.3416280316156 720.516696362724 727
559.9722395557297 37.297317007173426 972
448.642989985909 35.461733215320756 472
478.38811509178333 274.9410237496519 435
985.1045940462079 749.0430256240525 601
134.42040582744653 514.5997389939246 732
123.91172118288762 291.104704323895 235
487.73346932299756 811.1238608283743 491
557.7500244194599 840.7629991433596 463
878.7040847893609 499.73061775742167 803
262.8833631948405 416.0912015726318 320
864.5758232487767 504.1027039663707 891
859.8858694196983 62.969633866450046 572
588.303377473543 432.65043039191 564
292.27036435954426 621.4158552797436 615
804.3197664898067 496.76471147781297 168
396.1673716756756 331.8507061562395 829
827.1812379146274 607.6193875825146 12
475.56958838497286 436.6392692047285 806
430.6710664607679 957.7767647360934 410
497.3794596195228 262.6503500434304 520
915.9989720468452 715.7592609479186 724
451.4243363532139 142.14513704781297 717
605.6939453474977 852.4994236615787 421
847.1570060941486 940.4105161300392 854
478.0389782871478 269.90645797160596 55
266.90019653931904 315.25070039194827 244
536.1735435682517 823.3143899193577 490
504.46199657252697 204.1721910449159 905
255.9838685478072 979.553569129566 543
116.55043824003974 122.3284016844195 66
796.5268162053836 760.8068257768596 202
136.89761436107594 592.6907678317575 879
73.95506139953211 792.8461208465079 459
365.0904800902779 150.3825202044331 866
117.79670622158778 364.25199642590223 741
577.0103638334366 819.982102254646 4
954.5223571730878 604.450315207104 991
641.790527243901 10.37826891031668 547
578.2940682398894 669.7931884755881 113
728.2721999658213 86.35031386150538 690
889.8516576836068 262.5190694518366 465
869.8537072738598 23.228707233499346 108
399.7867527138297 128.35517188837875 257
928.2610423713361 774.4597380832325 257
47.40922956199689 409.6511925745632 725
13.54304133962514 32.90831358773816 153
459.4482494389306 941.3650035060693 198
777.0035412098674 201.9375698749315 495
458.16370977108744 467.24796058091357 514
651.0352876471925 218.60173102732094 420
615.0404252324162 296.499757662063 684
993.5807460775674 530.8461230154852 188
598.9812336630467 634.7686581543086 101
387.5972953381628 116.27122866067508 100
947.8888060135741 75.81260603620066 43
374.1445831913659 466.99815424456625 917
567.5231940448634 347.6037936914388 212
246.3099461368049 545.6056743821249 214
386.0524104697349 614.3540960059244 449
268.75390755705564 218.78823578464278 192
201.67282241956508 469.51762836632616 596
49.06884913418175 633.6938927493629 156
697.8344481453051 498.3932686523607 893
481.3730882172357 175.89883048706244 166
524.6485906716973 724.5421156694704 101
3.0139932186812324 244.445621983023 21
706.4064643933955 672.5170502902013 905
87.06579673180192 581.1080145057476 870
106.6046023892474 315.6816462385451 87
952.1096455661777 406.55703472990166 81
790.0959384869441 962.5840918465195 510
698.1507650686917 9.749549124613566 409
571.4410389421624 143.2245432090763 714
843.3459586106989 933.2611917524781 499
8.473383596932504 958.831056608672 952
33.672601240029245 529.3055393681425 937
470.5804675174119 932.1258885468393 924
631.2380174649903 380.14969767661177 970
557.8307628655564 703.7700354252248 216
720.1726667437146 850.8525988458972 410
906.2211635672483 93.18559670346882 229
9.395032804513924 355.39228215373254 145
158.8533902285495 752.3603695829589 70
824.1970324885922 911.1604892621004 535
935.7505113282582 237.71105186846643 633
315.376149898102 600.3744078968374 621
288.4982647316834 604.3584299784904 745
623.0385123856369 970.3102710029525 460
910.7585124069296 263.86264510634106 162
755.5272597680454 256.05573948040603 65
117.01879425453609 441.869201711793 569
857.6060090956928 909.3903021780482 785
698.2353199003561 29.586216587302538 975
968.4590181331646 921.928854869432 970
316.6198400068321 542.4725317159731 48
394.32314428179694 702.8825173900867 332
533.5518712397753 73.50105243548622 823
849.2819132959934 328.9061189264629 487
112.81576206174381 265.35373312894694 746
749.4416128449392 551.0705889619361 416
743.395162433204 737.0038189134751 413
783.2247623842857 481.5582445386332 463
939.6468699809205 265.71868471884505 647
20.41301882603308 941.1466651793262 751
270.7609364543253 955.5278806727703 564
668.705478115401 107.42953694699442 192
423.97241649213515 778.6580323834272 276
193.2229032553283 738.8508049952926 797
926.1813202665221 867.9619591543134 379
858.6780803187362 826.9966409067138 183
11.13453279520671 34.06245816276376 961
924.8756316327128 682.0559048021248 973
203.83041003233194 306.8307107900796 503
798.4160873423082 488.76506562537514 543
525.8218808354218 328.417287502612 504
264.1510648028752 875.0683462252797 125
328.2448759274735 774.2675393279625 671
574.2392564455199 630.535040955228 490
777.942326326069 267.1065116958352 790
785.9547837262886 293.1110814008628 712
759.8224130362582 866.0345601102123 906
840.9436042693097 935.6980444327363 176
165.0392751608334 977.7590202941794 743
480.0164221461284 544.7838606917608 159
624.7238786092296 128.81841984221975 185
247.42096102871812 39.938184591387206 248
854.2518182859736 332.21405346524136 104
552.0786471363102 365.0712081125168 972
93.86678532564929 753.9074162853171 889
966.8495834078012 62.73215675483623 79
319.50404819850377 938.5067954195144 41
314.5590926180697 767.2119259863568 578
243.11084719392596 727.3332252678458 18
571.2528861197554 945.58690004671 387
811.1129658802578 927.9090053521277 47
590.3745985452946 535.3340292111023 695
610.9452117293721 94.42983672856653 960
446.4401858101511 761.2669266401371 868
532.2780560662 677.9309714611227 304
972.2277604676707 130.28186152264843 521
618.631231305507 191.63775880055854 588
554.2891728847055 615.949997261048 481
44.84850788563055 679.8577317416464 26
80.082220042216 38.856699176693986 676
943.118498412015 36.39945045004145 43
700.8564632742452 628.2960103880985 426
918.1686031793687 928.9915519827181 747
182.9617489066391 699.9162440634199 760
412.722159443375 656.8460376544595 118
826.5501485865185 344.99812345223444 328
474.6838015477447 14.296813454658718 6
456.4948861602868 260.9581364444552 239
784.6900198254289 111.99502073142098 600
250.09198771840659 488.53505801677943 141
273.33548787384 431.00861665090883 431
702.8420928095647 70.86060889279288 858
968.1660705937862 812.5075604981191 378
98.17356357953211 886.48903960932 706
491.19736227334363 539.2644367190027 28
47.830913397386986 861.9803483979221 777
972.5981678926746 842.3684279255825 369
154.1337704752439 80.01340219967312 23
40.2128156023297 93.80526658535982 507
815.8243430372889 201.85188958891587 343
557.6355703206409 382.85296823437665 196
103.28963312641571 518.2421561403318 783
267.86171979465104 896.322087908971 801
491.4121686805265 159.20389108584087 756
255.45937756946492 1.867861112059832 269
484.3304211517944 981.2059056753815 540
36.9214064231953 824.7465692882483 510
984.5193065561656 0.5302932713070474 738
362.7403945251609 137.07513951549265 851
891.0997790854127 203.45036793331028 421
854.3789230702948 596.1995865449669 328
714.3506797667599 447.94016276732987 421
256.99029918749017 420.6080426888345 638
668.6936490913406 400.74383552241346 628
373.0267780568727 528.0563894915242 373
155.4083336818979 386.72381815258893 800
248.85087163112763 386.01685735871536 806
695.0752448733625 913.299892002692 129
572.3505410400259 230.39458974256766 27
834.2674676779462 341.3655195701176 392
601.1652960232346 268.9724484169066 394
695.0936619616995 978.6552418761171 228
952.8249665162352 801.1902509565178 151
975.0264026545852 287.1451612016146 963
287.94727080241864 507.68130318016426 566
641.0073225454083 830.5853507773036 876
749.2323085120627 178.6632263759558 631
348.8487694572264 925.8698902050004 171
316.41893672551157 482.76659031581625 177
279.1004378843278 30.625741883015923 791
820.5175630071658 704.8816147189328 570
173.81181580795314 10.379355423805858 192
117.92616433573077 603.8877111741996 262
810.8561452529675 322.40814754343904 114
851.5175795454792 20.84663417083499 134
613.9721800929335 244.76345213235018 971
700.5482135617158 16.184146117247387 617
321.256836421605 353.76176052621133 686
784.3857991884747 309.8924501749735 998
652.2421314058137 740.3044870295614 701
390.40450449116 890.6102500642517 109
790.5256417328848 779.6655102248038 513
744.5057431319221 276.0064887394975 760
396.1344195159843 148.61576674504528 907
721.6937115452515 943.9214424521508 631
618.3397240667878 227.51836292146365 2
415.365848755418 924.3623757879154 619
750.3177085469525 727.2308005745738 309
329.0436634184537 625.0662167054711 257
97.83469107400089 493.5732371892505 313
156.35846652104433 645.6203654107984 994
229.58986697152838 861.6448417278979 621
540.3205454229469 861.2712166137704 421
173.9347010773138 897.0383572714749 552
243.66736937906708 532.1261665621523 743
874.2226711710243 359.9394118575591 493
868.2596598228407 546.1593302668613 995
529.499130224087 659.6183568980802 836
820.7560648516308 665.2926199428626 628
364.1178216069868 834.2945895451933 969
187.92861148673612 497.03314867803317 37
904.639560255234 953.4818351001628 316
324.3513078097152 639.8134652666744 949
179.35457910362285 654.6760323925176 711
126.8595298579035 61.058926777158405 733
940.5859960979685 524.3231269889376 723
613.6565960113278 304.4916637035353 559
523.5609967474867 161.75139302561513 17
132.29678466671945 653.4278670663751 176
726.8278029948596 831.3908528502498 103
181.14431128576146 525.8463585204319 781
414.6811414984004 520.8823754532824 464
401.258649295436 969.420476983569 48
709.6087003195978 334.553262205597 251
667.217379661039 979.8611116388231 159
885.3362147638154 377.78110692737874 418
35.82459290623874 15.867985613750024 442
878.2083187825453 202.07454772420698 925
284.559593019606 93.10762903619873 45
865.0318882223484 786.1061039966003 504
37.82710387196231 674.236770038782 979
820.5482038100345 819.441129404351 985
495.6069570200625 576.9160457148125 522
817.9126864926899 712.9255257952968 46
970.3618496227781 102.83582463469732 95
94.04179987516802 583.9088183625662 159
159.20423256138994 544.284614740076 471
364.23070002461213 246.69277115987708 936
986.7022905849103 231.5668893672266 385
162.94259420698444 24.994394295787647 155
105.64477256229232 572.6571925708496 965
739.162547802746 164.51810049752157 324
170.12923876020548 41.005533368223766 324
697.8705768727457 877.5772297134819 318
23.866277425815376 408.8153555660808 309
734.0789455146603 949.573309478174 519
90.79242638559771 612.2700679782818 302
54.708327073788254 160.3961863923724 844
901.643512006936 100.49245813168784 844
409.8786602427937 701.6109130608661 80
75.67836948901096 757.4787569623445 580
548.6856967346722 81.98207383161783 122
53.090850217388684 689.9162477515206 237
184.69358552367865 788.9168552210141 101
860.4914712531812 603.2793813285307 311
641.79427141744 741.1748010028023 672
940.329144993325 547.5277384659883 513
778.7081645085258 509.13395979001996 514
890.7779825874478 621.0423819589644 271
641.7022467422511 745.0850539108152 320
190.2903024940089 3.379473287140722 531
273.8331362679379 77.5686483332434 340
312.23987421975096 82.06216424726831 559
903.0351396407582 439.0422994568096 296
786.4910189012016 701.0265173682484 193
198.56556802949476 449.38013149112174 260
530.5630177108123 683.2860441255876 498
189.9085175776526 490.5383766197572 290
544.2926631577698 756.1404504744705 879
67.72340889201101 43.12337023257706 979
154.40711766891013 860.6791867680397 254
556.6640448951887 945.2426242624252 745
212.36332172440876 585.7104490957618 842
704.3344614501643 523.2587046797188 756
813.5099386282878 621.3218236817856 905
689.4488652901091 270.28556479098955 572
340.7472055842092 823.8850397508263 6
520.2038299575369 216.97358922465205 989
78.65956730490298 836.0172006551348 44
649.4395552825831 823.9114711117801 943
973.119602447259 654.6402481025577 426
580.2027958799972 912.5285695688079 497
41.44996982999039 661.4426079800934 71
365.88376950323476 479.1309999782105 485
254.037574701105 324.76429613440615 419
640.7537791106596 932.2287018253319 487
774.6909104632035 186.38343245280885 304
373.5175078313726 544.0222125660459 486
333.91683556186035 540.349772828492 242
88.36737568936648 97.94850904428654 321
236.78441973534902 758.0361389793103 600
93.48964018021455 695.1399137200791 204
638.945521494791 461.87706164629384 732
500.04712278393913 839.4440941110771 289
775.167165357554 994.114135406247 218
793.9082390155703 432.1826853230134 434
729.8732256957651 549.0477991577625 719
671.9409553733275 435.26419410812565 176
85.77266211597978 347.2101408695556 328
951.1702447207502 594.1614750357427 428
835.3538653782907 628.1702267352006 239
43.01193696659955 94.62661380049353 298
444.1968616258406 285.4360296664951 536
959.7240003285541 778.4575502932436 25
88.67546805308312 713.4413768837097 765
872.2164607152814 548.049435207676 883
469.4289456345573 11.747744897389833 108
391.3920531019931 631.7707367648263 61
942.3425816070389 793.9522700119101 627
486.7407152070257 284.6246712525257 495
119.92172808669233 218.87486608810437 669
447.50492913882334 933.0661826924671 377
301.45328658391946 209.4312823992138 274
652.7442660507807 331.5011012304498 767
178.00011779344982 668.6162901028661 998
611.6778488485212 915.5943744570433 713
91.90421641033186 168.52570777156205 575
664.8312287689477 114.25509881444029 543
514.4806038090893 479.6057853344151 94
856.755679704282 316.94810711291643 573
248.3296140483895 716.0161685580624 657
84.38149536168382 634.1834796115816 357
585.4197431581161 375.5758962097676 99
132.34606944245908 374.9909908467152 956
756.0444570452656 268.20020839841794 78
27.216736237746787 261.0269143924978 807
405.3112184316697 631.7118082580573 871
590.2639619236389 740.6953336128255 335
579.444292098931 546.4639813089508 292
723.3701725053793 747.9928446539533 861
317.0272121423563 626.3599972167019 989
220.5005520183082 872.0679627431023 65
725.0007271434896 58.13195293249984 302
684.5508821037469 201.89966868121067 451
893.8802122816626 176.68375479428923 52
894.5017817003728 753.8087918198612 796
973.003669366922 265.5167345978722 653
912.9953104204315 340.02856728931874 435
57.49921882837072 154.53811352199608 75
940.8296747029493 737.8888065513115 290
70.41122468565398 312.1461614684876 360
37.58751660202042 73.82329628558415 615
836.222877285706 816.5955639467076 200
246.62903754666308 421.6089941219117 707
219.30562037106216 303.4964416155126 778
887.9470426216875 919.20457804477 652
49.070733026837175 188.62340961056012 710
787.731514070151 801.930675461192 861
644.9447365817113 629.0814130027985 332
468.32296497213986 432.03911742489953 175
403.62904182393953 868.505668450161 341
240.2045802334738 909.2178346166417 213
123.40617917494012 984.0664299985729 78
464.29756389545986 659.5709071975617 568
563.2463241078553 463.4851407101246 579
659.7330337631654 61.604489548301224 250
357.89352011584054 619.8908131185997 180
894.539277636203 837.5945426531321 405
619.4502814015716 578.4638069130867 58
975.6713110791852 176.37812335201252 389
237.66016491772712 232.60032348920257 201
107.05216271176555 164.36922227535322 310
35.39448307281179 273.31178625175977 596
236.78355188504563 672.1476239502236 673
374.4260866779563 289.89463370829105 550
415.47662344248073 301.00651081448495 961
83.65525639850912 836.5128129559067 993
152.4589584551872 381.8418775708424 924
763.7745529649807 150.75878943505506 278
465.61713371463753 448.28178125258347 385
640.4024269952295 965.2945522454881 145
583.5730561162591 898.9751762366475 381
979.7188451081976 531.4315730889497 559
243.82234631864296 290.9647129438111 671
512.3651218775758 317.0744926467283 523
830.6732859071125 884.0872175454034 252
414.70444991377076 984.4677313871497 872
350.4359997565777 611.8573719264549 431
576.956778642461 376.3256168794559 668
159.04880622671956 645.762677657314 615
336.31211819680885 279.67374092405714 78
120.08851576711754 498.8196636082927 986
66.06323101865408 11.124766240414697 678
786.659367213646 816.5599295284331 519
15.659070932705244 480.15861183515875 985
649.1453238842103 669.1563494334549 630
301.6568090588807 13.580051472056432 803
525.8097716787928 663.7193029491543 921
330.9533557531764 326.0078964818135 9
308.98824435594065 322.6426600381084 193
186.48067378261524 487.6048090395203 239
778.2534257014707 950.1433783085231 720
614.3606906125436 488.3614546586985 939
797.6773783820822 957.9168005899821 730
671.7106455106546 80.0636963107001 280
614.343826668878 357.59158822051376 119
882.0312320860403 934.1278122791667 624
401.577347635688 799.563514422326 615
992.4301156414425 256.3552051590061 292
446.42200566626764 376.6192576017377 706
946.2861165253908 664.6732528641637 608
330.9836898011214 201.5399999068005 231
445.84733678587463 555.1729113516661 441
741.0344863631879 398.55910663618374 410
31.876905797276645 866.2228182839822 534
860.641656425904 261.1968120659195 439
940.7579980337559 873.8726475726952 491
315.8887313572668 593.5065603694628 26
931.784869599045 384.54114884958267 416
544.864513747229 335.211633253204 433
679.1725074969357 347.7420977759901 284
390.2806828954344 849.8631960526955 349
828.2893612082588 790.2971264363566 245
830.385228628703 265.8912527347901 887
849.8423736896314 308.8975158534948 956
144.17200625471938 531.4225186332012 632
298.12152581059394 156.33838167650362 398
630.2625127427631 932.4194289468657 631
879.2607669074423 956.6009461391568 764
840.3282301518179 238.08426491695377 978
577.5343931710082 746.6006249372662 596
624.6823276569714 793.420027237363 176
851.2819198677084 356.3799666482487 871
352.24480080902066 103.4138037525687 958
619.4122961968651 637.5086721807733 831
793.4886227440078 810.1475798193404 716
560.8848313055664 348.35344200556597 278
115.41343814134675 43.165947988116685 341
567.8633379907949 522.9044411390636 722
428.1459537187754 956.4814829688864 893
960.33425600951 393.6082281556471 118
749.7943754134416 929.2491986708718 147
353.3436519998131 39.317997863071 247
515.0892420462075 290.9027822381001 869
204.29278053437162 574.2611021689031 141
566.3135755401264 333.4186711209598 648
91.5953832503963 588.3778026972508 349
112.51907185606225 975.773400385087 1
92.39586939912836 845.376264518219 321
459.73923935142545 253.41270643131708 401
604.9096553984945 311.98894911405995 594
51.11058933151613 79.99764974154388 172
780.0296064255729 554.4669352021767 78
330.4268831796736 364.4329776761207 756
977.1558140193752 904.2195529678334 720
535.9460907229422 98.34493272412415 228
47.7993176022532 273.14981864336283 572
116.88657527256574 249.6391280107909 460
190.07052968621997 587.4288329889666 801
456.8645398084706 273.912472049142 360
342.4317131987763 373.2569404028817 12
974.629962114783 882.6459358605337 697
665.0296781276408 88.52319997793833 53
861.1757446888412 49.38938342516097 271
996.3576788100686 411.5119990058637 79
960.8317550252257 496.9135042516044 148
909.8511032852014 754.5563250909325 740
158.32677783264847 71.52697172590005 589
27.711396117435783 162.34393455350738 642
679.4421785927334 202.89062918480104 819
354.3755898188278 208.43101552242004 929
41.16378891290273 397.7032628837337 241
139.13854866177965 221.95040449745272 724
624.1671548113869 968.3215919624026 309
378.6599637437587 376.84888854424037 483
939.8616211248756 811.216147284002 679
494.9430029100198 205.06683661489998 291
173.97044388138914 625.8761035081719 290
289.52870865022084 883.2047497458933 958
946.152091665595 248.83848371889707 925
634.591795040073 229.52522764563966 174
994.1274594528822 335.27166165549926 813
525.6120614817962 521.1516328920762 530
80.82748299094555 62.998271091517346 974
511.9512188573858 142.59695407617988 734
728.1458418683835 147.91815600607129 214
458.70600164427833 977.7588827600567 716
238.80912509275421 468.1639907826517 452
635.211719369008 989.5288389039823 455
624.5801593441769 192.1418163149593 785
685.7418935877024 731.7587843404582 705
19.863771618759518 191.76157946318983 277
449.86622036015746 772.0021561915961 400
765.3179098624062 287.21470730792277 425
274.0212876795044 701.8838946261208 498
483.98103520601796 53.55547046127873 622
816.6417215494379 785.6356782387813 20
114.6100903893722 366.7282591427593 841
859.6824673813016 556.5960689360016 228
315.2604555919284 636.4830408279254 301
719.8371768655009 130.5529792435851 860
208.61367898231398 330.6523730964429 843
951.292301721728 794.6405430751041 547
598.6989067892708 390.5374589856849 922
644.0934408356151 797.4556347139122 581
21.802833421500132 803.2234435396548 884
915.5022978385945 365.85867532631687 252
247.29768609454672 308.0360759254396 342
592.29179918326 183.70776946011947 415
687.748910830523 446.61836283989567 224
797.1386228161111 551.9967505954049 761
150.09282264870492 623.2210752481271 847
150.06828849246867 375.06211427866145 529
627.3095001672393 410.76246022960936 716
881.9340034563014 773.257596212971 222
514.5260125542815 472.6048120174471 455
304.3501825651942 681.0837818568414 822
534.9181891478685 487.61525125560877 279
847.6348100354802 765.7873570440147 355
335.61416779756684 149.01905216085999 448
783.1751872894921 279.8192345861702 727
543.7907067264277 868.0983592022011 207
613.6885464769026 753.5431305353717 410
536.7205926443298 734.702783886469 189
644.6401561338454 727.351977670865 276
942.925553226291 472.7500166240315 351
681.4693565571342 927.0239697138969 218
982.7802452546924 369.57009465652226 308
350.24473040393457 264.52785675448763 12
434.57032747538784 56.61058312517453 629
842.1286257850131 331.04880928485767 913
579.545830598089 618.8823923156481 763
990.779123372577 199.62068203659223 278
556.1904059390349 224.71086129176965 670
758.2880864505665 721.1193913547281 442
675.4685032716592 96.77501165612867 125
205.54701450209734 939.9707373857417 176
422.98450262483556 399.1575005204673 349
444.608189014007 931.85622594437 75
582.0895804063057 671.8887886235921 335
707.6611705357467 851.1486691646049 180
58.9871217471567 437.0403951151766 389
171.4493104148691 315.5584866173701 933
604.4187645507038 468.31436140810223 880
524.7882212049387 498.1664328075014 721
528.8682141544892 826.9519556330815 525
334.46198875435283 989.6508578181233 285
572.7897014249394 617.8315840986922 494
42.58147297679471 359.89951893565484 256
392.8172270435911 847.3863060473265 80
142.29007044385023 493.6358268783415 477
725.8646889863651 309.05033325621633 149
928.2943329867574 186.85101060257904 13
134.27336050981043 578.6784547190467 103
190.5665040588851 454.40070157771464 348
948.4361412903178 955.6053578046728 444
6.324540906858633 45.44316689188821 575
10.404401239532124 340.7529922816196 535
664.6193295749786 506.43923550493787 959
178.14783237763055 724.1689787495058 205
485.2035138058651 605.9713922323997 577
995.172816961712 156.43004431676766 470
991.6330628106398 469.5329221653187 505
961.6302672418939 758.1327324538973 141
563.8749237351017 606.0136254829134 348
973.2305575799112 236.82500838564945 594
0.7538925562309284 86.93950729199452 25
423.99355417382634 879.9230601940825 944
695.9299355280765 920.6099820348506 802
16.7810970625164 944.4369992564834 991
203.17912357932133 679.9336783982975 150
294.916656005347 644.8730735516098 120
710.739310596594 339.2603621054787 24
379.6698973340943 313.8595066350209 877
907.7591972675391 320.26533925757684 323
614.1626417215699 338.925184999583 998
927.2979511664972 924.3695342096938 357
59.43313377688697 143.1334768780482 310
52.39336196623534 853.6648567323657 601
73.87309697525846 885.2573399412328 414
229.1560165352641 185.6159832939689 942
127.45487523690791 244.7729474819986 421
656.5506797947738 114.22311193046963 724
456.15560774294386 316.37606282176336 216
455.8610847897094 955.5251532048069 927
302.7625863450528 991.6702774340897 995
978.4012274437316 694.5338319130551 634
70.31348809172067 72.63989191797803 622
492.61218732342184 462.77954530038136 361
414.4762254472582 962.4138844841763 422
382.95469674674496 771.4864597930209 216
317.23860757890634 251.17634213974372 264
960.8415717681372 656.6951189881318 32
840.8396000091287 698.1221702333937 265
782.1614384670889 944.7146559982366 196
161.5038692916535 751.1692081083249 630
472.60184509544814 633.798186655284 64
350.75569869459866 503.79848266843584 739
353.14376256001424 814.5341134694025 916
150.74394475298257 469.46577028007516 384
398.22124679494084 462.5553451242178 903
665.7538525830807 914.9662877040403 158
768.7871235212914 490.58663769812404 599
536.2128055642876 307.7545144865337 131
487.11595181300095 10.012372900741639 369
718.2475565011238 993.7907544833342 533
48.73399066088946 144.6196856773505 611
601.6396987605619 426.18679766790876 219
364.2661735961096 673.1228725307972 18
426.40004225015207 842.6510696290502 215
301.9076976771946 112.32641379543928 178
629.5804625287197 502.00954482510207 35
173.46599004499674 187.0161144351079 922
739.1711034083381 469.46415271523523 426
284.72999653738265 457.6636626697971 459
669.6908534358315 838.0461011752922 995
962.1260524762758 81.85497345785164 609
333.5308589323284 996.0578813705432 502
966.5932657464936 670.2312177194253 918
499.0084618791936 152.07090088922203 105
592.8820931830129 7.301901294011759 784
833.7452511092185 389.07276744709463 794
560.8808475266472 305.5614497415187 506
801.9063136888226 624.0110412435083 65
6.9941058322308125 874.82305095432 535
881.4169941440758 533.5123474296645 416
919.9132613600322 883.4674659561053 382
478.5061792055162 498.36094233730876 139
507.31487054063496 67.86055209095387 823
37.0222769556785 416.75938497715083 69
607.6305908505428 646.9930819956916 922
579.6359095993822 4.46434448474442 959
680.5200560724603 851.3512127106341 491
851.4799671292413 29.63449036612498 877
783.6015512293171 684.26172658177 381
803.6482176267857 739.0663170967207 224
823.6553353277287 495.44854756412735 304
401.99911920608554 616.3015452141484 546
266.91990879094874 254.5033576478315 156
140.94992277562125 494.83812763758885 476
617.2664520278911 702.6501120557948 548
881.4396180786019 482.50416885270084 815
543.3488703892119 391.9430298596871 27
105.19063169889542 304.2483482859221 161
382.62656919629615 469.47346468987615 147
141.24200479641902 111.99923953877588 111
25.488895570844996 120.30476874736739 112
842.746157356454 221.7592225651286 782
323.91712479856784 90.09745349994658 379
790.761960181769 868.3465780592177 636
339.09962954478266 438.79533293665975 450
324.8775101858594 802.76041172766 664
974.7152295190386 616.1585957006109 221
513.2925229897314 310.78725896488277 825
273.1128012885069 246.4523793783 209
281.50634855458856 54.891522986331154 822
657.6729545737943 613.4003806312278 760
717.6586968904983 199.29269875085188 656
681.7423993659509 825.2155507067095 750
750.4625372707548 485.75745277572844 977
887.39943777826 189.39308890388284 244
277.36968429982664 310.56575644755867 701
580.114058320932 842.0693486074459 907
952.1418010431922 121.7379709438975 404
239.40736173478848 114.11928745403021 871
792.0785434975334 199.1610853644541 157
272.2883526169135 189.21932920700414 641
596.1724042521702 170.45126712595692 905
826.7206480571285 968.5537628850354 33
859.5930786626083 548.5562908488623 186
18.114423792484956 76.73878905642061 688
323.6172786354434 425.91876127092235 989
706.886525817521 801.6963703959588 88
476.54502901181604 466.9826591523213 384
369.90438489428146 983.3153531387005 158
117.09632273982918 308.00901785136415 80
228.69400733342493 644.9433068125119 233
532.4338059810257 472.36368653555326 799
647.5297293430841 169.16231542469396 281
572.5924480644031 911.3833633997602 905
215.48012415170103 1.007698864452733 827
269.6111334906155 105.0772506990223 845
375.70906760886066 228.75651636256723 571
124.1267900991131 647.8182922630358 575
30.171023084655356 181.91043425088992 600
389.7556592630724 907.4254207991557 605
688.1209310689284 933.8056563212533 10
216.6987353040699 280.2937844829658 564
189.4587391991196 290.12821297078364 519
308.03650013652896 341.5241738291209 638
257.2411569629094 54.93554000636492 48
42.92595014952949 203.16446417532407 884
702.6218509266239 972.6030565433787 91
35.55476297123261 963.9368881971714 424
398.6887464767033 850.2539308063887 67
713.6166984818827 515.7289205419551 6
331.5720633918845 498.1101229926782 418
224.73514513638827 799.4426492556566 786
847.4563088241302 945.7994528986634 50
470.8319947275691 755.6710539966389 935
379.942878229931 102.09047264484816 853
24.850679279086908 585.0622585867559 815
289.515772568805 323.4101220752549 605
564.7361209324811 68.16663293728153 748
408.5102876676201 392.2653917906057 836
404.5245134546869 436.1369325698866 961
372.4174462325374 563.8773098598956 162
153.33376698016332 214.17444522950478 265
217.3033349691298 552.6113453199902 887
244.06770559586133 852.3472442178247 495
218.18045027491684 387.3936193647345 562
47.20543234672159 743.5599669723018 35
595.2909530288431 131.18850444675112 682
887.6078914110254 685.6308871585059 970
685.5579208770262 780.2819233020834 412
190.75056854360372 269.4973436055752 680
295.031921919683 801.6247781548278 361
989.8524982768072 896.8964240597104 157
478.99745826637394 369.1418912816835 13
161.2298844510619 912.5965867151774 433
780.1286056261201 302.8357922469578 592
539.1328344938164 411.9252040961608 950
395.8127389640694 989.8681287246318 870
683.4973355633944 40.56348089251238 577
124.47011886942528 813.896839065773 124
226.60018282420768 250.66865179740006 714
911.8360619648047 620.4837797787876 222
230.0367416408925 76.75012073964527 781
130.32337219686275 889.6502249548738 453
177.3180863620708 393.5230465712212 796
408.64627968292524 995.1974539079594 169
637.9544109473135 221.38356313717554 813
816.6320231576462 701.0413409138862 864
795.2768563258246 921.7676378462796 987
819.5956446856926 408.641912586579 102
130.3086972925318 67.87555490496344 825
16.12975429712582 761.6035279351103 833
655.2456775109316 29.899338443786007 741
461.5025289566089 145.24160243103023 609
314.5136603091305 733.5335257069038 507
994.865596946119 550.7944057264667 300
355.01327993653587 176.6426743172783 614
