560.1276630640897 731.5806800920742 777
840.2719133453767 292.2582094153592 715
297.4812943006955 537.8252035157061 299
579.8303930582199 341.97769151126346 877
17.0808007707417 957.9382622149832 53
333.29709928909557 970.2830089868742 421
935.9653097194121 522.5915100122473 859
271.6499880412926 341.5596248601975 218
726.3148514378821 288.25560595384115 530
588.5036093128912 345.5634074149178 879
168.16098573469017 191.93175585235232 192
244.71504839977476 950.459893188468 561
757.7110573682389 304.8746738526691 951
563.7565560417714 572.0641702131886 772
549.1391937088777 958.0103747776146 261
75.52285345561505 798.8993425025557 101
273.48252612403525 574.6705604561876 26
765.2295734399389 987.0244550407506 393
743.9894559773511 296.1416011780232 574
275.039017024835 623.1767341861791 452
521.7204554731402 44.378078488035214 945
254.4021746619971 545.8383947415203 354
822.8577439975422 239.6585723471496 197
584.296748077708 864.3365628729099 52
93.29041959372742 361.41628949109315 851
788.3899651833158 881.2524885165582 631
476.9552392571695 839.5020878232111 438
210.62228871482102 736.0190349982065 967
26.591236576417376 32.67763072364982 681
928.8094452892936 52.092033956607445 659
230.5428143737326 92.15041068389107 835
693.6469106064745 252.88104036336446 278
447.1472471733735 785.0824183609874 807
725.3494076903697 2.915004707404689 615
276.68408220626674 578.7561457983094 19
142.03083276027684 566.1543331420968 209
346.6327974417046 736.4757181010865 928
214.81970570728203 57.67172643265639 100
509.5008688346226 284.99534125061945 26
848.1634452643617 411.88220470985004 469
705.9132193131553 988.9030117366291 262
345.57347209588676 252.23937879786774 1
276.83488666168677 137.8730666420761 452
243.3778962605876 131.24007502324432 617
755.8497199689934 947.6245911206868 786
298.56908589767227 557.3556489963587 391
188.7928539381112 953.242717982255 81
613.9484119380014 71.51869194336913 854
560.697243947884 178.6481033405799 6
531.2401569973608 851.7277765241487 157
653.9358934201058 138.41094916906104 811
247.78683060529204 873.1098777814395 723
398.01069687546806 840.3375570594077 338
499.05708247844274 390.6723398716122 116
451.0628393035986 524.7377808905927 52
811.7532961015249 487.4298649565003 517
507.41363122903493 639.3437451011711 164
794.7702678180933 194.16325623782816 721
570.2712701055267 497.37676866788524 607
877.3447580569053 266.8974167522353 8
336.881939130694 652.078638297378 978
811.5214757702535 422.7364962351441 651
631.0846371329676 279.20308838075204 565
400.4349391483356 792.4580159882466 557
946.8358110780665 420.83488127645154 784
15.347562047817064 45.27558578561608 381
554.9691375647787 310.44425484254043 597
90.56187802929361 587.7399298810949 576
494.0791271157166 3.4327402810901964 117
987.6781264278864 99.40034615379123 816
381.01018488206506 511.73185408073317 900
507.9324159654004 763.711412913001 45
940.4088538292185 592.3808413606527 906
902.9555568886593 660.9113294348688 952
457.28359115858916 681.385055493587 110
730.3887896072303 265.90839499349005 46
452.09908424833776 658.8296414726713 870
345.3138262194848 841.0513128443806 12
369.7122644523371 908.8459296557668 486
430.59242919242234 511.00357540515705 831
574.1327263832605 736.237412041211 198
705.60613063592 86.74625998865059 581
162.97377644814603 225.4169780658283 974
328.403917633192 572.9938528263928 853
503.22384776751784 124.76436062147178 370
172.91616310190227 500.64796580539274 883
997.2153463447703 490.9605689491822 300
863.6929017983244 787.1752014196642 759
776.6275062078214 593.4841992211674 562
133.95957177449358 160.0992743772398 641
115.16099903054544 166.99224777701437 653
656.1143876006928 88.89401641934647 781
362.1324282690933 84.88935745275595 594
116.09630181827235 476.62759072656934 466
640.521699263107 380.72386965762774 83
758.3690041498012 436.6361179988254 74
284.02807573177614 188.08135507481782 496
527.2380373836527 60.85874112039047 498
702.9269034986813 857.5138838389582 297
983.8385455595482 412.1775380553888 498
477.3100218945053 682.9023960967653 331
921.2993258866278 5.012199385257765 558
664.285373210734 829.382522207224 393
295.0662312955466 229.7889542445073 707
943.9263719003347 986.3962071463225 587
851.2645818962027 53.45150576567026 795
243.893234284974 641.670532270417 110
565.0297789734362 538.346917133103 781
185.17873450083323 26.28948185208413 755
423.0346546604452 875.1389674645919 759
366.8878206033549 732.7947785307955 88
288.99015631028357 590.1439567544211 374
415.5500370579074 340.942138239926 741
586.6820075247675 707.9362519758957 477
897.0886681188223 279.97238829196493 949
913.9218546075175 917.4251945315118 176
487.7049333883976 603.2085280115425 514
198.62046998565063 345.74688622552384 72
147.60640318520436 142.84634315616827 757
852.4427091161115 662.2973840005872 410
752.3337684641483 752.6375352549713 487
263.38608097285754 371.72178329357564 538
946.0436849413873 0.6430774071598533 36
174.93102032635676 681.3953336910915 161
781.4781492764655 120.65306913368468 844
2.3553173969829144 255.3859695883608 242
302.5549071864637 17.81024953846677 143
819.2274065308413 258.0892122666565 744
569.982763674645 583.8733282433656 399
472.75458947376734 289.6221237736 601
176.55163413164266 827.469476696065 415
217.25283029857755 761.7497811025113 881
90.39472017096107 620.4336904944939 353
606.2696778689557 762.5214944486569 251
567.7428619546761 798.9047861992358 294
88.24169593375497 857.238091864167 411
908.1114524450741 1.2911316579331533 130
697.1422347779534 315.9368570713125 491
667.9595528241695 706.1032871797158 622
451.7481312208573 651.1237474661153 792
928.3243841184786 632.5844429444021 222
201.09849814284263 342.2306129459681 149
287.0091148375832 294.08527802652327 807
401.9591619249934 190.03581212529852 808
575.9105429209128 880.8422212953722 359
479.99362304237746 835.0450451499702 673
702.6771300038505 551.8654412390135 248
469.130349607507 223.20614645002303 928
273.4513923453801 983.6789710427107 494
189.28079909151674 641.9574676742858 674
951.2545216751986 620.9495251523757 622
640.6096815531158 279.1679668089201 294
251.40252409292341 950.9469333127599 591
735.1112559837748 14.578668639846581 234
651.6719036871444 233.35193255440822 586
676.0190265149612 608.9971416155772 485
979.7984994748754 78.47342049792915 823
341.635039825651 33.3123141065228 510
379.1386750593557 415.1345705037782 466
33.10774411223172 27.75337713418913 359
394.07049527700633 88.03203939780724 313
632.5958870555304 489.12527304107334 431
93.72761684715225 29.193423870281897 571
7.658970805358822 349.49912946696406 317
368.73831073597654 412.42047334424035 459
247.6803334574339 92.59675921801292 420
883.374947187521 17.801807809184055 37
202.59281634992277 864.9046860456464 988
640.4348726465287 72.97182102720201 447
189.45452292791376 34.52149930615478 803
302.405045834777 810.7308595567256 14
747.1599544827479 842.5501258224774 775
346.4787969532467 885.0987096750326 142
906.9086628372501 536.8507610265762 387
628.3925105938958 872.4583629375784 476
114.0521848230811 628.5045695536603 45
282.85227845868985 259.2335205216086 60
732.2032081250774 522.6904996121973 642
715.4319130609387 135.99272817862362 539
824.2832002007793 789.9810741766571 383
282.2157287615887 244.84671382539025 595
941.3104504492346 807.9321179029895 228
372.73920856652177 230.2831583914159 819
785.4063905745771 186.37995459750945 912
92.0344175370681 188.23955341336452 392
937.4328986726172 51.17237456011247 217
833.5427149311023 867.6780045453988 558
742.6985744525401 291.5592979977929 436
417.2235850613656 52.15603314244566 899
164.64084688373072 1.261999852504081 46
392.9229209931873 285.9987410068372 815
614.9523721855564 964.5149590575994 386
498.60322861280946 940.8993841443859 84
215.48340481655336 404.10995672585295 556
351.07318930165445 203.93346223354047 990
104.88854693084815 510.34361689031726 573
567.0858296888317 730.5818528322353 261
488.5245650290687 682.3189944109141 207
204.9755417381871 724.4964650900338 325
544.3747343345469 14.639499776606169 923
115.49583893476212 817.4931811482364 725
215.92665577981384 294.591989758668 2
384.1204488059387 625.2143046850448 357
909.1888408739625 231.11126606085776 216
266.6623580268552 63.64246071094048 682
350.05603126684605 108.66130815919483 894
111.56545851366084 920.0817358282944 947
136.33322362984268 388.07558838926934 206
388.5887673580798 616.5363434487687 931
121.25090005973071 501.70623657505854 503
490.668031201025 274.212842986037 993
885.9154416351358 296.1542103249228 809
514.6893126977136 127.67300649053304 947
751.3643136991178 898.2332402680099 971
956.4377540884802 94.23296524951385 812
849.0194596021994 966.3764235047619 10
67.12763190674987 351.9217336911218 471
545.7819342641994 64.44753609512478 133
992.7911883513134 337.90489240034583 837
17.899852764385994 743.3433358544881 259
780.7504195857899 178.13307563757098 651
291.41029291768916 108.08397759494449 80
849.8698952438469 934.4857609842994 212
8.774453074076316 806.38604207902 186
638.1574650081558 389.3671136996023 687
606.2165473348322 576.4345107016414 909
154.88613473912406 383.2228577744369 872
855.0452160190824 868.8963846887699 591
615.1141882998052 942.4133885546623 305
748.5668960815688 965.494622200702 18
304.3564942855088 529.3331967355855 821
897.2475702830695 246.95646856405563 583
495.9512662160883 260.86923972588704 764
145.00607210127535 915.1393186421252 12
511.2012414758253 91.85280164736342 881
935.2693053489238 40.5654074433357 516
305.0411649699991 544.5948143165459 989
857.4308950781086 367.9715788346175 620
293.0294354372916 544.687624483077 217
302.293253757809 983.0479856273683 264
229.70199897776578 333.1721100871127 185
986.0843078637204 491.10357366960886 418
585.1974765226271 317.79969279599993 773
501.1845762122783 769.5346694363725 601
27.87789245839356 781.2169171983323 841
831.0975674008888 405.44133025605345 799
579.4887288385603 734.160754462005 620
194.3055670315853 850.5470819528873 555
166.01983538689169 806.3213400006177 639
795.8785904526452 164.53771111305937 389
205.4461512029143 675.5202083362265 931
741.4007357884716 243.398257123838 656
308.55628341084696 317.411609603512 929
448.1539810221104 753.1441255064544 29
162.7740016315581 396.33136409057255 107
691.533279651486 511.88972036098147 562
987.5913220608966 183.3053377852485 906
904.9119990376837 893.4538538171041 307
381.6767544909304 894.6685370232543 461
49.59057389864252 967.1180866008864 534
738.6708281391857 987.8279853603881 889
302.57302210020345 421.93887514398887 390
15.800424716816753 310.40700759946736 850
840.0618227718601 500.3262128861986 159
115.03559261227936 922.038872421878 256
970.08594472236 896.0104158874606 41
486.12846577949574 450.8755374008041 92
640.6527547285463 719.1548083900273 423
350.73173167224724 624.8138636959887 825
825.7497642859123 797.3030075670188 127
517.8593336789502 333.20145924154264 971
623.4525815877672 998.198850482204 342
33.15887956419816 782.3299380398927 165
832.9010585888075 488.7694237177503 516
373.2751395713695 599.362834475568 951
140.22434803279992 700.9444598652735 966
351.93802993091003 946.5122656828394 904
447.18636322547655 641.71129232133 990
909.2248794549558 959.6463538100196 680
713.63362736643 506.8771781357956 571
527.1912755384444 741.5146863626186 982
388.94433854535026 976.4142409624703 796
89.96186043877385 818.2539527386227 487
534.1069151319612 640.9937018684559 747
209.90475364201967 546.7206909800188 43
144.8026964489627 306.390550863647 81
5.552765630467582 393.7105876446024 975
938.5593818835061 529.710559161476 695
876.6909442390406 879.0113306970968 701
979.5965600747817 815.4878567262278 534
853.2499049266231 672.0202577305153 633
489.1812135471586 303.70543575319954 866
649.015325313024 623.2793696848977 248
710.453473994765 466.4828118520519 599
201.69234523040237 363.94893682283424 655
568.8655739240878 849.8686903284951 120
892.1756934885981 659.3536734657752 232
318.14917420751465 847.465089644743 392
563.3276902133451 447.8923931185579 14
721.7219412083746 572.8467030670757 912
691.457549710565 741.1086349574647 1000
629.6200915722345 10.086792088647378 453
956.6021020978715 538.1384441708597 984
166.56651602111282 624.9256170636052 626
218.5455969675888 892.0190812089606 272
170.15624198276967 272.21725331653045 739
845.2122394730359 902.8576469637711 897
991.4744679823929 239.8473402043283 515
770.6054129094157 210.75819849120458 190
915.4066217302058 423.7788991642314 891
413.1192855639777 219.96675785675612 345
729.5828460304296 715.565322955058 977
553.5335360815964 425.06571713235917 795
995.6474309629024 20.046408046103803 619
992.2308273284535 898.953210133037 314
857.3831877212257 35.73633748652638 744
11.089469119375806 479.00506951413934 724
850.8028739929268 29.57069597931927 285
78.48768704468844 581.2843872350672 953
462.51597346521413 781.6700010987648 237
460.80391545707823 753.9937988990861 936
827.9683589881611 163.08583515853604 879
356.763580720425 326.0536058020783 393
715.5085047711658 803.5006823054825 707
825.7551792530649 468.1200659671407 772
731.8486367013971 562.8504302555091 869
88.82822692118908 71.65028689183228 472
236.00642932911342 52.72691568331356 149
27.187895943173835 246.17002978421908 683
778.5304575594026 214.59040598683288 470
255.34591862512823 28.068685616145505 15
636.4272802656062 155.13919309998926 371
788.6047252336192 85.09634640196417 309
897.2570697124702 244.5979590335461 850
961.3033196071831 115.50840223387604 89
163.02419917404677 497.41902725879817 249
586.8077243860381 534.7724362518934 358
973.7175845179111 454.7196569200755 179
534.8127508548708 742.2779486631099 123
659.4884393531753 217.20255450189575 363
498.6687815414116 163.23711739594404 131
127.6819143695509 789.1677691150732 95
205.59555919949602 235.92111237532376 200
304.4108656205986 775.3109484094506 250
807.8106838444348 31.33424391092987 707
725.3869604841314 100.69317335239391 564
810.2365329040559 822.4012389297026 413
218.40769633588985 346.37510812144336 122
133.8957593696337 861.6938407572125 400
263.81953672347333 612.2130266958262 336
697.2119453748405 490.0755763540443 800
561.2197144381248 716.0701475017706 792
53.803744108857245 243.92022538578672 515
261.3222037980637 489.57045227398487 867
795.2621725666428 29.02161581813467 192
321.0273641613364 675.6575714786507 611
3.9821628892718897 883.395807498248 426
3.1653414693636472 405.3029888664528 277
245.59749978573876 803.6002887061283 653
604.3098942134438 428.7538722341733 18
467.4817364799733 163.71951893946311 989
86.24046050995415 580.6147229454594 767
778.4278553321972 57.97081744858035 314
331.9796417770032 292.91276265998425 728
243.46256175804936 12.980518304085088 567
96.81920478570316 633.1379707149474 935
147.08242618550292 537.464154926404 208
699.8801689788103 213.4708420775896 323
629.3655132601161 222.2808627787962 387
500.7361123223366 555.4616808245074 550
68.46669963011887 610.8351074118922 427
38.94536817032501 377.39645106457954 984
485.85486516270004 563.3843222097836 838
384.40276645162095 595.0869245310053 959
903.4123078209332 954.2903032674269 810
962.8211452617015 752.0213589164363 841
916.6172673536811 80.68451902470774 235
747.800045952608 532.271060742375 472
761.9871887599339 141.98091601246153 671
850.2301024293902 463.1607956906321 185
653.8805058104592 224.37239384002393 763
29.980084029643695 42.17791733240428 280
899.2480015928339 951.2053193053354 154
278.7568303801131 699.5191736029626 919
700.9222407636214 113.33650935997063 866
190.6635118686142 961.0760343693722 9
916.7538118462743 217.9628106311573 99
357.70311159656234 814.7716090925213 776
128.6661400458513 42.896382571181 319
769.5985827689533 721.2752429640776 264
164.11100057848572 288.4033480064221 279
254.87164914052119 276.74005708454507 724
591.4026701844468 948.4522043858533 411
833.2704595334461 591.5858189876587 366
791.9463345285122 141.2333668562026 262
502.90348469165616 537.9121293621454 211
779.5289368716826 262.224444481578 34
127.52072964837002 601.2878322001146 642
447.9099402108924 304.3791687787293 229
621.8371341125829 937.722430132163 746
887.642164830298 721.6388883365917 167
936.4091445565048 611.9222801212774 950
783.6888155441736 347.9737981066192 366
618.5848890314141 944.5635972841872 738
690.9471314358104 283.59018247509795 433
904.1353318564593 374.3573679742337 733
3.086355181663003 232.3348624470729 554
353.2554229712624 682.5992778863138 355
720.5554584599362 735.4646171603312 370
150.51551123038442 432.0889368485722 755
710.0470278280259 438.10427587188826 522
228.70451416238325 843.5441710524658 682
624.0159612193399 91.18725036507969 442
686.5687386936431 369.3695245326989 725
218.99641824558958 807.3846095471293 612
138.89883892605016 331.58893204740656 849
887.7958291336486 955.8055804303336 810
129.56020731724215 309.46862997181034 769
78.7751859542839 607.2306374633013 28
739.9192499951016 523.0090981605757 387
979.3398080364051 140.13712929917222 852
492.09215636209 387.06540492213105 93
776.6669762973326 187.14118729240735 340
470.07889432430613 461.3067775844649 525
476.2875351426512 484.29553654521595 214
638.3470670852217 529.8096685619666 911
369.7771224373577 331.11520871476716 909
311.9654270304636 808.1942750508522 120
258.26434500415183 697.8703901483768 100
245.5420551181252 66.58149509589173 194
556.2019708815552 434.92209393360616 114
217.8411615043815 979.9591244558683 237
741.0508570891902 982.0354135384871 796
79.33044608552319 427.8527703006639 577
252.8855803183079 8.474645938094882 785
339.22162099764495 888.3868721720276 165
482.86202253051044 730.9243969047019 632
199.30333999690208 371.7195145231133 753
322.3761218437243 263.99779880667217 516
798.3260590873041 706.9466641290054 555
873.6345701542817 232.80042375400822 721
968.4859614915226 211.97603167830303 975
408.37928097624 153.22382356045438 54
658.9161744903009 602.3189529859746 894
315.6632225183885 814.0826202117921 497
199.99751234621067 576.5017823153803 658
240.13797350063714 980.5273917367729 82
101.30000252548999 161.10811078712695 288
937.2559264066965 78.08063464928583 952
341.5815115620134 956.3165171873333 238
339.60213660716965 575.5348770644383 815
467.98277192805136 889.3104170537727 580
801.1871656622252 145.9255428045917 977
262.62019191177257 781.302499401346 91
591.602113215493 772.9451024825056 266
644.7374914103133 859.3951666738318 500
651.2728289875486 482.3241334089888 957
777.7041122332471 375.480630624263 354
869.1661868221657 917.8422863796363 238
421.6151818635193 857.3780191834935 36
72.12445650133658 942.7262653245558 106
148.03942678310455 250.33115289390395 631
436.89251562688 930.8553617239538 263
260.37005696696616 270.75724774697443 372
370.789983751906 741.3363642643461 230
420.3272608860137 24.72825462315886 719
849.992710554965 104.53862620935872 335
808.7178934562139 352.876247870103 113
487.15301699726365 510.9530000026906 735
449.57906240823684 887.9106269626219 284
667.0385599884848 709.361367369018 989
938.322353394358 409.799803298036 838
72.02327781403051 2.7759884860433237 625
490.50369233766935 115.6231700997059 454
525.125209555078 520.7066369474871 160
37.721842368419686 804.2697396625292 909
242.14204516082728 57.43551084954035 269
528.3974999413531 603.8621532858709 343
496.1404602478752 689.4905893522243 773
176.91460301455132 651.5018120557284 520
601.6443244705242 836.1776945590199 523
434.30327729577056 404.11668729767615 604
265.0654847973015 562.9094530051657 640
66.65510524926555 561.9180774375245 415
437.95397441280835 874.9319703727223 765
409.10853319689056 572.938382616585 550
443.5304347033898 702.3822571035341 800
283.3245417966126 107.08269455203734 808
309.4094270196082 896.838094883056 919
814.9549005048661 893.7824610558206 97
793.6420463335379 545.8678043297525 888
641.8381630560522 571.2202759869192 664
943.1903963030073 267.2500012436019 608
691.0356178363382 964.4077063152513 857
974.0555195400575 717.1955004576598 665
493.4903438452104 641.4737079384638 768
972.6410459588036 443.93581686759075 95
344.59750767078555 767.1599074309166 464
84.80226983217231 366.9331320343213 550
707.1422140285201 138.67868353433167 482
37.20468980548297 154.76038467141083 797
811.587807393316 748.3290185849434 603
590.2673342192218 349.02805383451505 133
858.878221528044 587.3678383153433 575
671.9388316877199 886.8588337589655 478
211.70241799692047 800.1142832312879 569
590.9956493914586 766.818946327354 298
938.0337292048697 636.6323429204433 165
256.4059434215572 37.16796095780317 544
634.8188119589379 475.83933929810263 192
802.466040877415 267.7776165326704 12
256.03595360712785 79.81827090780035 749
734.1159160061576 179.46863522772438 93
667.5058981738881 857.7665377428483 395
588.6346644596547 826.1119748866341 274
3.2632394982702317 230.25325825168696 533
496.6737303123543 350.355376038636 999
136.13705667353037 949.165971695916 967
319.9756706561428 648.6027116801757 597
595.336676829048 714.9177100504907 609
69.17237411541899 309.32626694065937 234
887.7145001338915 652.1779381315214 228
100.04405899323943 245.1704627778857 584
44.13779236283055 988.3202371595107 644
712.8971944628037 58.6536986946653 143
206.9454616299249 571.5298420296349 714
205.96314394008232 625.6982395712204 659
696.2524739845888 70.00690097879992 227
970.9975616367514 903.2657851405266 863
225.4102995987356 678.9302134088733 97
288.70333825333563 243.35849594294268 798
472.7473656332015 726.6156057078227 472
400.98321659784307 597.927892279359 867
909.2235005472982 559.0528671232587 835
287.990810521902 592.956364976552 751
335.31194191297544 929.7014466277614 711
121.91700036613229 199.60496049178445 754
500.0586257772175 523.9457064822843 667
842.6540706199606 434.1486690692552 332
438.22586979167124 762.1502172910058 381
281.125625441174 545.294913119377 855
221.938276829188 261.1967697535051 529
119.24434064914612 819.9303793477766 962
188.3253347119981 201.0574573811208 138
297.72584161093687 212.30658802088197 376
138.09505234615048 118.96167707671445 847
365.14108830658955 748.9365645168492 590
776.8026806072486 488.5392296532444 530
539.0753113872846 435.6964125707965 949
161.12439779277622 269.08685119317863 431
805.4944168771292 848.0520144178649 845
858.3933531230998 642.130986630744 109
543.2435857471904 729.1827082953673 313
773.8408627055089 729.145413955895 811
151.04473785216177 324.8693149633035 17
623.9872679492655 67.17415502791934 380
684.4955445246774 824.112704709286 610
296.0729783179811 782.6380363294269 608
600.6214175919444 90.68111930107747 777
568.0128664170983 275.14899882868525 803
434.79634251158393 586.1639144393225 375
292.6149546518031 928.8248166022921 889
518.4120380228304 583.0468413211341 959
728.095622843851 407.37955163311847 871
466.25034536867724 36.84325789208265 780
66.76675793726427 98.53987632581907 385
50.025767446103764 850.9969922749257 156
889.0996664497567 956.746559360832 325
477.6620736726703 329.54899926265034 863
500.91889903767685 170.07862761920512 501
674.291416151706 739.4603690826269 819
461.2426586232372 739.6407520872372 346
122.34200283985075 26.064696809950828 746
721.3681695520164 980.3438033883485 425
109.78148061217874 955.075140934542 389
885.2254376563498 972.9955330470391 33
210.43337515338246 924.5724375108135 345
487.0268068253101 289.2452729634621 360
830.1093630918564 833.0921938967455 98
98.50947655511023 441.3502597233555 557
531.5060605841376 997.7378533190541 933
763.7374095596755 419.52572823400334 392
957.3961665608252 889.2381163874709 580
299.1911442242631 882.2441398217337 317
210.24321656502187 818.2329475068719 275
98.40204196259583 16.80806521422895 469
73.3980277477605 953.9590344804117 964
885.9389077507071 728.0779996088969 273
40.250259969210056 196.04418877754992 896
664.1172610710437 709.2950973488291 25
271.4289977154439 443.097062256857 222
561.7716510507621 18.37823696651819 974
876.8390149274704 293.7023630353065 516
178.97342163368813 189.5235759306405 442
721.6013685689198 282.83922837518526 938
528.0666174556891 980.9601879324106 224
61.36001567385363 177.35925566422551 846
777.979439138644 865.7941273071054 151
337.08242915646537 700.7119382466698 271
299.70675174179775 48.80547825689352 870
12.747866440252498 171.06581953556432 904
389.09556911838195 923.1740397045536 709
568.9596783927394 273.6220115077527 946
899.4339604841102 59.98166200329524 84
553.4446415522165 191.02642262244018 911
188.96806125253073 251.11203686384 906
769.211420350694 682.7611668172152 93
255.53298113007338 61.327256186481385 21
40.38673216798383 131.99574359632172 828
973.0943672069599 68.41571511220212 232
981.2702270329248 909.7689949865497 452
535.9952165033869 675.6913097294622 150
766.9781766313812 752.380518819551 382
672.4255126715211 968.4850574681723 704
783.0574405499992 765.6518019101769 363
908.7406672757659 80.4030042941547 828
83.61769470082481 134.8566111158971 66
949.1633391697274 820.9625390818935 29
820.6201404929402 855.5753229697713 676
109.41352690195704 146.61618518976093 859
58.12598796819335 377.1434021512553 1
179.41202267295563 978.9549121968679 128
681.8568981253155 874.6945557353152 537
516.1651524042128 449.7889032763066 242
954.1773785094942 261.237072313173 548
586.1347271318049 741.8048858917437 253
941.6381870445321 734.1456011916956 874
837.6683393371684 580.5628557045259 939
953.5377984180092 402.1091353913869 719
724.6204707471777 812.3709619683415 391
829.5097807467207 901.4986818814019 468
63.34717546403424 291.7127144989232 964
907.6812573531694 893.5585610429132 237
300.6070969400144 73.08019724677828 251
216.5351103624331 880.614838064907 423
983.5483612280727 134.04129308253388 149
955.0540500602568 774.5282135954021 145
907.8940554662411 633.62790893343 283
674.5826450427297 676.7390582873553 783
790.9837996270037 529.0185774320493 114
714.5208353488558 467.7878536136457 995
896.7259119931026 112.04000301095552 814
291.792948649896 849.5029848514421 821
935.4540837725349 540.7618118844016 357
290.0644235411238 468.07782838953426 584
964.0837325039246 563.7253694752754 87
664.6137654964505 876.6245954883943 529
59.748861692348385 545.0303666775482 124
815.5398674297709 849.2885516518857 520
2.619052862992799 909.5723667682507 320
810.1219222787857 843.6845697523448 989
672.4468799932167 745.9013718753014 199
488.3317805257478 95.4996760183352 581
529.4071618192412 83.40845591238377 460
885.4919780013623 54.21775359528069 211
615.2050523536285 705.5323472951536 513
280.63795093482435 194.48970051955627 279
360.3435035781323 434.1000182106344 79
714.3512894575584 638.5400765355688 814
827.4269515644422 760.7057401177356 396
595.3009128391866 857.3898123681807 782
406.62524335563575 322.1187268795356 333
925.218195449432 306.429167276437 802
849.7422239148839 230.02433361279174 280
510.9543532956573 51.91949533473972 701
902.2296028769581 564.498646699306 59
66.58294198008763 103.00014215938447 649
565.1710643858385 801.4935068302512 186
772.277807474246 215.849254132893 985
380.6939249978749 864.9156905942932 347
328.689330175016 450.5052349968949 58
808.4103270131947 74.24931966452198 322
153.84710679188362 760.5207370127318 294
423.4582611001749 17.968215802242614 254
591.7013250509099 514.9234517532077 781
593.1139819536298 983.5925173070367 460
873.0143455217441 29.374519970959856 218
310.51558005281663 447.6198760517374 810
124.17063854692523 654.8519168307307 871
136.17993736869226 651.8269720420138 972
61.41418116326225 271.5021399109686 675
894.9319222331956 802.1088007203659 346
81.67757612844406 722.7807130685693 700
832.1528560131211 663.1665974735866 944
712.7448691810522 945.1095346549083 1000
385.27855271566335 635.3874477745401 322
240.94403353691087 253.71375025352637 517
779.1253432639184 96.69912160465233 773
589.8848303274036 751.1129117146008 976
728.1562731250511 364.5146416088947 907
663.2950372143649 890.9000767173179 407
638.2239649320929 107.86236062202914 369
391.7911119910168 953.0748454077029 112
71.34452294782567 49.489685757369784 289
163.39220779193442 591.2518819537017 316
79.83759152798208 431.014547140399 615
39.554408681393596 848.7440705336962 334
749.040701292932 957.6948620042706 385
683.1209783624872 638.8748063892402 614
959.6344076549572 142.29090468073358 602
91.70561184371917 569.3379103913389 250
802.0578276495402 82.72606765429913 736
637.2971971380564 532.4199553853325 268
605.6741860531657 3.4689482623058154 965
14.99898835013802 586.3166535658365 675
439.03399098888394 64.29486833004572 309
469.72229330166704 162.03876560216045 915
925.6461001012699 18.65544258690932 888
934.5428874729547 152.82751915419922 912
427.7725833703541 113.57487674923561 366
726.0150668086491 218.47330341522553 60
306.68132549849037 597.8606669519626 411
167.52757936072592 607.5848086353345 374
378.9894350202251 378.79166583525716 899
457.0380210493128 605.7916770283854 387
222.4876066650575 170.3268477834361 656
766.9189018716866 150.3652825438654 351
655.3815082928528 216.79979113767988 716
446.55603309407064 41.99391872206937 881
972.637163465024 275.8995593720768 487
726.7207393571714 952.5752634679494 807
446.9782885350886 197.09496280524576 654
466.89863622553327 298.3991239090393 714
379.5428311603778 399.19546305173003 247
822.5515895460775 632.1963434513151 639
379.8053971534051 35.86142837264605 797
521.7581526699972 215.74754947062513 403
825.2462456521622 888.1677117292098 680
767.1559134945326 890.8655071945279 965
504.28613416851056 694.5304514767041 323
312.42095133685797 424.1117392097726 887
263.88838162459393 439.0070092742203 896
742.8965136180598 545.0276521043021 488
226.0730448178817 321.1720684751854 736
826.1738736619155 788.7804837004901 977
320.9579533091271 62.68595776746133 761
784.576932776233 453.47832876313186 941
139.41205561572045 378.56357191151244 805
164.20482133457426 530.2775754739389 247
759.0440542124255 193.09696380507714 377
282.1404988704568 345.64101871707607 31
655.7399770168715 768.9062294128511 555
172.32451153409278 140.02412123981355 717
312.8963612766583 261.21815683902315 863
816.4761201380073 887.4751198661633 465
111.01871113676576 101.54492090888346 529
403.041307490305 75.86228366375047 290
360.26152012790004 993.509446084448 65
978.9407468493993 297.80928072204085 649
949.0058793311212 136.61376347671415 626
607.5409013680763 271.42329782162847 939
152.29666802032182 760.5932298551132 892
138.47022683233047 473.9296199003912 127
59.19258696622054 788.4354763530006 272
284.3941000805914 814.4641528456182 627
416.81688492149584 685.0742742469446 438
955.5569596238802 16.4427720858773 755
459.0317181546436 514.9606958186505 47
76.74683406835436 749.4791052551338 615
688.0007247448029 642.0671573644461 631
444.2875327464039 517.3870671049772 654
8.338636371785224 382.3249616893432 749
441.53194227658213 301.7693388714778 367
625.9567866651939 180.03505861464419 256
250.13316384607964 880.3886867677315 254
581.453988741103 152.5044723561183 766
535.9349905925571 929.0361311746251 796
237.23961931617953 614.7136855356456 804
994.5264808819597 536.1784112247321 862
632.7584443344434 176.65591978603135 953
671.959150838672 191.1565013954263 126
413.8961626557931 379.4206118591064 305
969.2966977932159 59.04833351217875 163
401.0151815814401 42.514947351008914 904
10.403524808061949 777.6120716009217 805
728.3924583195003 802.4577265627365 165
553.2365508478682 394.65378783685355 449
847.8623560897081 346.57812396943774 553
823.5811914582985 786.9285660268573 246
953.5477831583777 794.0587073625655 908
78.2873208473266 789.3084698050154 33
214.19030377256186 123.29259249201385 340
333.1281294080005 244.9559993999849 715
111.80952072389194 136.67305713364598 253
879.4205403419725 131.76488905109608 619
147.72894273069682 412.97867576550516 203
279.92777330268814 860.116854853578 501
537.4307744281366 357.0784939611478 292
820.4282044681311 608.0010504553615 470
922.6327379928431 391.2853972228162 253
704.4901424759945 712.7001464848139 198
600.8846388396395 911.864635953853 234
942.3755597274537 285.19104341253933 661
298.75421056844186 914.2730293829655 355
301.7399618743768 827.7125876442688 377
494.48355170948946 823.5237750991396 724
197.3878620779126 404.0180385601966 227
646.9009675305982 464.3101988497773 223
964.6227756260694 455.80612839251256 792
120.11763242989315 633.5884549545865 502
187.76284961967437 760.4336648941703 80
730.4828004660973 44.99014631539167 700
338.1964202646287 269.2098278982935 361
292.00586324812036 535.0066238885323 848
501.96760435606967 97.83535181269187 698
559.4080478623669 271.12788840225176 602
100.36632640619558 45.592803394449824 748
620.7034782194874 779.0198093522816 304
865.7039259741703 586.4355273682613 811
293.39879494550405 296.7182083086306 286
643.4801714276662 6.622861106858502 561
382.8698538288057 147.23113240333774 291
91.69131629968908 293.57903294140186 760
161.39075156318793 323.97122181457274 151
923.6710535198299 926.2950917849763 652
365.09284764943925 466.4748904166529 902
190.89226523327673 989.1242504423874 441
455.53733645788077 387.7816732610927 206
636.8691144936029 642.0141699162621 971
651.1646954154537 541.910112200358 987
731.2282455741948 561.3794633701505 213
967.7820606719373 671.5612872046125 60
361.70212146418544 848.3707815802948 152
762.7182781551581 750.3601976174318 338
9.011180691353427 371.1115865728645 189
486.9008093956476 878.8542025059543 746
378.6713073187741 96.095136271791 85
121.67828335436859 20.50758400680852 854
882.0034629297339 389.4116848887885 462
612.052580011123 855.2011879397289 549
968.7196306369501 575.4589356669034 362
84.7347962319107 112.33556530934518 74
796.2633054071614 76.49219076837943 147
650.3925281132063 125.26490193680462 672
45.903164410913135 283.46092642451714 955
978.6508974687265 630.8805073940995 686
440.7464265473089 20.64908709381086 236
196.17224969571467 115.90060787001477 148
186.56670828444334 655.3510019681639 28
282.2034392103563 531.2617017377357 538
164.7191752203131 769.168285026588 747
9.252623764102408 496.41291290706755 972
592.7440040811586 171.351900348666 85
883.7495064307557 682.2176500226589 715
373.3109939657735 893.9503762344116 832
696.3629079048739 347.41823543015613 525
272.6068519797976 758.5585642931849 904
548.257087547952 649.509660986842 982
792.7888624934484 83.73115634725504 64
85.59475028589003 404.2788242621852 390
773.1645961074163 938.7920068681603 456
355.4279841931024 676.0230506426827 304
21.183971307823125 148.51015390278232 128
284.2108476153402 155.86596738371895 598
67.66862478120228 138.70815369346946 351
704.2997179991057 899.8757521637527 882
672.9961961422998 187.53523212034895 561
744.3470682725097 940.3599197622268 607
794.2771931929221 837.2715462056543 437
629.7049982179565 286.19338737142294 409
786.8041940219664 752.2192974920688 73
590.7262812268219 713.3732668747951 410
416.2555953488718 885.09127532693 411
955.9902368443792 423.8389202435974 895
442.83924081321936 167.84629121535778 759
3.4136223786671582 191.38803073247047 537
111.56151374990408 471.9202752524988 989
131.19750865528235 226.6464627969983 196
187.9354028870126 936.2217987083533 748
293.9137946449795 559.99523831918 315
370.9690921851513 994.7540792212792 113
275.6435710680116 759.6421257761526 923
220.36812882662727 98.44974335118583 536
643.2981923310296 163.7085666672936 547
280.3664272530858 340.8269110779247 742
184.2762950174287 441.76369934992 234
976.7818641082114 519.0390750046297 448
144.2784982213181 33.971362676023965 314
373.2714984936364 631.4910621304261 8
733.2248436308357 913.2968839618651 211
339.0710732012124 947.0328750975825 984
965.4188859323449 655.1147887265698 357
378.30724110363144 661.5673626763507 868
317.781472485805 430.27008290997213 485
360.8920843998842 625.273646789957 45
810.3564181442929 944.5583386382776 2
745.773337073376 314.32693243677056 363
420.2824841492573 614.0702129902968 208
462.4884577885565 723.7044801656446 525
46.7616064005465 271.6425185514116 626
932.1460215581393 521.0946150336804 871
144.7137929876383 402.2891961175502 389
121.24336900448984 666.9943626062911 556
466.3035890719982 862.4013091513394 789
929.1355426129563 543.8000908762024 831
800.701790256503 362.73489358972387 575
605.2538068702232 73.72783510448488 609
935.6745323200968 990.1161760105566 313
30.965638410105466 989.9062581623728 664
528.115081148014 591.79589892508 501
612.1882091798248 792.653701257434 721
142.98118049500584 461.77676045812433 251
177.79837858605129 147.75733422980042 940
681.3735895217275 452.7899315579407 875
925.4212143132628 416.44549508247565 657
400.9416003431473 141.92395151478777 993
561.7663074520336 531.7133827766754 289
368.49370499098796 944.1660486782528 355
68.44924857735224 721.1114706627108 143
823.0678198404644 814.7933732591324 789
965.1245033315996 150.6137548366856 767
572.0722661159949 397.6312273264249 619
467.60381302646937 446.61927239975165 648
346.7344548824307 715.0445945608376 110
182.50607260025032 397.48628251662075 61
560.7558367985459 679.4330484017643 2
163.38053734752677 694.2343227874351 991
538.3815955214924 609.0471845109959 914
490.68689911802466 87.52216130481271 25
97.84270774790672 478.45827510393093 156
308.4042472769857 478.4327178577368 868
117.03375844722896 177.6451116026021 844
955.9685396200724 367.72134879965137 759
715.9537153858787 280.30064739677306 435
292.97572039563266 116.86408120985293 579
766.319810288846 201.8731406293365 770
815.6116079452275 641.969314120199 401
7.179736002975945 953.6632323422309 42
874.387860946357 439.746001531912 124
261.79795155030195 50.26710489120756 964
557.3199650025293 851.5641515028833 136
494.7607773596707 183.1261580216913 644
232.1450168811754 5.310036015182984 393
602.7756669955058 914.2552585940196 150
719.1975585526665 336.5423610024392 281
973.325782063608 843.7580113591889 799
681.2366529607598 977.7301627954982 130
726.8250555636353 976.5970027912775 329
152.5744228431345 323.78105188337645 862
389.97332045520085 640.3509178721074 664
529.3151557716525 144.82711815665562 782
552.9749829098386 726.5975126285945 949
90.91214757850518 106.94354597930855 765
319.41632447802846 922.1910712756506 385
286.41066561747294 696.9127099696349 125
410.4473022946902 19.15836054414566 303
15.250366372243196 338.14628629401557 915
355.2049216924952 404.4966541313885 243
303.97296451217005 286.3874596985413 133
497.3071018247699 710.8962446450438 896
100.19757302831245 29.939132281464275 61
86.39756114822316 294.23765431987204 635
773.3763525947863 298.23688208897926 628
366.88040050162374 917.016114728011 659
23.251546766985044 665.0407732483792 611
131.15508957636735 746.5878419861963 743
552.8010176401184 610.9032017558304 884
771.9769925612709 957.8066384905419 462
544.5096108366183 966.6148584267147 235
56.07883941751079 552.9676818101066 635
938.6913806340079 397.6919613870383 509
840.7751805149267 596.7872943097498 101
739.2147029924148 355.78262086302436 743
287.0038991544235 754.3196208995678 212
282.6914509516739 462.1783644880826 918
391.2784667848017 839.394229178728 248
933.5196608087668 686.5064124432076 415
107.24706896895309 548.9919270594063 281
781.8167687403397 305.4570783441061 349
581.4204768520079 662.1414705848076 236
232.1208799239719 359.4510606783755 259
603.4685510807748 745.6751824110886 797
812.500183593235 489.82744598399705 498
223.66889679414768 296.35258289570834 377
959.6040772156315 855.209044429221 616
636.4145889740643 212.4705655906338 654
80.49732679762256 661.3737120432601 671
729.7082568006566 424.76371264563016 948
171.9942250000873 305.5839942620087 850
564.8755620081013 611.6663879619924 172
805.8482734247721 676.040659144657 399
460.532231201396 382.1963107767908 458
587.2165676176952 295.6127865754689 414
932.93608910348 137.5346164778213 920
660.5284944872942 336.6682835932353 266
591.9918801311819 668.6693698366419 624
163.31486876289037 354.18099119243874 905
851.694805709676 673.018389347949 485
258.7623885680257 301.71640988214807 344
850.2978139004806 553.1675174133508 446
965.271632353802 359.4275268471282 801
397.548296984906 254.34681369857083 19
641.2225134597786 338.303644208841 619
517.2415130303285 50.38807073007601 67
779.5382791324805 341.3724470264017 653
461.9589280199411 34.959177953612695 301
764.0471445943759 619.0460630728204 391
74.37878754934869 111.47112719121499 759
333.0654942002834 575.7732400367378 77
870.200727124311 284.9435761267819 992
