672.7451258702089 606.9312234701513 966
235.37834156969828 856.1799297268432 158
291.07109242142315 91.79547430633039 858
980.0469115454146 101.9276260596601 625
912.7464759990534 842.7168658717283 533
839.848405355825 804.6144764470444 217
509.0003662085664 483.6486573267379 402
746.3153763828567 260.0171535359515 334
288.0024164064895 852.5534280321907 768
543.9289447345168 623.2535184558816 512
682.3984653430589 269.89845948128857 982
12.726544461694967 739.7531858973236 754
827.6854543038044 314.83845895891903 378
404.5191293599728 949.3391023761416 741
806.6563473666376 619.3661977373092 726
778.1237012521955 697.4351535406546 818
99.23586143772256 286.6207716344334 522
278.82601967494213 640.5713503950271 71
291.09664344239116 278.12348957235935 337
743.3069464064179 558.9608020287418 961
242.38137894188316 873.9823965722281 137
0.6280205070137157 371.48227602592266 872
177.0893388893835 410.7465938527652 577
256.3867457983183 850.7018054799598 845
405.1222114040164 5.237064463398222 736
512.1215199467362 608.4558902581754 916
335.27656824030083 635.1820472243909 273
841.4825597161222 460.81377343434946 292
241.14522721549437 826.2029710105254 271
854.5127579932283 247.8754363281682 937
664.6540981327896 201.30350431976618 155
399.07281651819204 475.7538200206526 555
243.67596629421973 632.2025446403713 279
381.61803625391974 595.4135556327188 441
788.8184712426379 14.728234657071294 269
506.3012309977032 275.0947355775315 865
656.2781450404495 254.61376064851405 724
148.6318218808661 694.0422045317943 435
545.8264763031907 313.89912496502006 632
185.63511473197914 139.41574084372078 569
335.67804615959227 674.2988823516498 717
441.38183671865306 635.5441524139239 181
485.3660677307472 903.2179092557581 323
961.9209488283844 899.5092267385555 975
530.2968994634624 866.6937688796337 185
217.08138001096967 267.8039668012306 798
635.2441447690933 195.4817099354854 345
819.6422923547852 523.4951632692197 307
928.3868595835363 409.1284021872059 33
223.05881406377148 621.4225878838035 697
649.5168898140469 63.24480401666421 232
761.6008266841199 683.289788605589 720
149.94509839393044 490.9857305944342 737
92.34505997222297 51.85424532664595 991
1.8930964121820493 86.98858234323825 910
422.6917784748854 429.564276797642 298
748.7936904143843 354.8041920039203 99
745.531038562232 441.74425817297157 147
215.13316236597336 108.6651020068664 876
588.4407998187248 161.15020369439358 36
370.10956028191845 613.7379200788021 749
4.175125074314279 397.62553493538434 705
271.4436065962098 46.06601448186942 716
188.19749401611674 169.678122921186 364
812.2104753363664 402.85513795921315 375
238.24386579848954 900.7698734221581 929
212.29300873718583 800.1711594652196 231
477.8398098376396 102.59261991421698 69
307.9450087659099 836.1376904756519 633
978.3441103242538 444.24186690920544 62
559.8957270481402 221.24128933620557 857
58.513677303451026 230.37864595094825 417
318.5276402368257 917.1437969101698 171
449.4218466857433 728.5400086611315 757
938.4792734051828 255.80094842298206 256
558.507237907247 750.5531417203956 50
170.57888226166028 685.00312245978 635
483.8424400311493 24.88353046504499 384
826.1249692090498 528.3500234882289 288
525.0106063649541 863.2981509080834 527
51.92073022379606 717.7531888641618 691
565.0661855466423 725.1587046395255 320
472.5365542949921 649.9821146511395 607
405.4665219418684 264.92133685794084 667
988.2989568270933 573.5153130253495 825
287.59211519061677 294.0252844205068 739
668.3507038547627 6.474729135067969 242
358.497610949843 138.32012313950747 685
286.80638103875344 491.7755587512387 191
271.4378803499543 175.523542373478 189
993.3217524062112 599.8885292751543 584
713.7645220983026 317.5812114859503 505
813.7527920966377 764.0547704493214 373
180.2559916356591 585.0478042628228 764
928.3735436652673 369.3786389693952 300
559.3672672228894 850.0055535380855 477
131.13937693501765 641.1722850952216 495
943.6901649684484 608.8976047417804 819
765.8448335772449 379.6289763275823 119
884.3037708471112 582.705444845433 504
493.0605684127078 450.27973725761706 991
840.975560289245 995.9510457012522 209
42.12619415178287 114.24952861751613 592
326.62872274252953 344.27630954545896 277
675.0518601058488 444.4844972631287 632
687.6304404486993 177.49874998185678 860
737.3043665268743 903.7410617396332 461
300.1377399573715 242.9037254289773 864
89.87007395991375 472.29250129381217 26
61.39734449508683 312.8715440149892 806
100.3983983819362 177.0379245273117 21
981.0145924937419 149.35527371877677 229
323.9829332655525 566.6628231438344 132
652.7240848811676 198.032772002662 798
872.931988671135 210.67162739320665 54
766.5782422035497 453.5707728185463 345
190.78612862487364 377.8865123500818 591
94.58071636857012 902.7502453169692 891
62.901626515253106 794.5621029156858 47
336.9261712217482 272.33983904431693 773
545.3774857934284 52.28098551929627 112
893.2976257664839 101.06442939318983 907
937.2629597739704 825.1639817661348 332
537.0931203823473 848.0073483722297 748
448.40585354928663 135.32815810383815 951
172.67358971571034 746.8935965423946 477
225.21177498547428 721.4990969472882 608
971.3771050864493 281.26309680383144 768
661.2169886771724 32.03748005401719 187
671.8843961727679 922.7483561336268 214
784.4134161557654 405.69654549637346 395
645.0390813059746 78.12726071242749 356
999.366508616259 783.8460871373929 457
556.0617012036316 804.595112639062 108
752.638230802369 254.33882423091381 234
647.5405933826041 73.94542300188822 817
25.672122170083632 391.1097943788755 60
72.36884860650584 983.0182231887001 661
473.1370383399962 797.3253079244598 680
228.01915584147957 489.1789776313791 738
439.50945044137603 532.6879974351339 107
244.47094392296586 553.9048066234537 473
210.3270397700966 517.6230055829545 164
965.0957462510943 646.5560467339333 841
328.73448416705395 137.1176476702891 721
12.524736809002457 746.3205918191915 76
431.94191067965284 726.7903101606676 692
570.2294789521056 961.9742733282044 819
972.2411239147639 193.6691802001682 724
721.7390105692527 481.5361170476641 427
321.13420774273305 63.93307459936936 720
57.037955216031946 949.1661452227418 977
391.46304859126815 210.7285954332897 487
559.3720228675078 566.2813657448485 639
757.481433615942 586.5754069833255 677
307.6218220185296 999.9665699753872 458
607.4324228533717 411.92602298695846 149
303.33079253657735 102.04340406883749 989
859.2523509559904 769.1053205530548 545
647.3832746689128 2.5344065458187126 998
212.14086198961434 455.78615363538313 678
651.9274133410746 155.76235305690454 357
387.20975063515806 521.5329732170939 895
16.5088834347179 704.1418168816375 772
915.5593094841574 58.02303462607139 260
494.97980056733593 727.8880640631222 942
251.27584970059712 823.5544419183021 552
258.4007669046806 96.78273075115918 681
680.4840975688379 146.21093361775362 767
760.2884374742056 560.2593154296928 62
956.343723115228 759.5771702951314 81
455.1016795686738 128.84796389685772 905
363.1373974625852 341.49194048602214 576
19.492836238349742 296.1391027444105 174
799.475327188007 857.4102821912371 388
889.4153198383666 27.485243572561323 614
362.4884908336904 361.6377793727343 38
246.15341680060465 173.40717210765433 157
594.6316906481794 606.9409016328648 470
309.3865597090698 785.7528096915165 675
197.08337189499525 880.9887088328858 896
125.4733023780239 354.1751935019568 635
863.5386061392021 373.75334959288875 436
668.192487915486 517.3431808528602 233
174.7129275763112 584.3181922860892 555
156.20396422145876 722.4727446426032 115
352.6597501373718 774.5536499632451 961
817.8170724152137 900.7760368421685 24
725.6275434486598 447.3350430460176 679
89.38023554163898 529.447753731096 195
856.7228591235454 495.85875038108315 611
576.8791244925503 928.0934313129067 209
819.4917573960861 165.89311044992604 228
545.787791884109 367.24225544571675 44
348.66935664066744 984.8706436019744 602
194.41840048000503 452.8329538798327 32
144.8538444272023 954.5453247368572 866
960.2020291997044 748.1724885372643 702
497.0994272473193 309.7267263600778 144
800.91710318188 568.6795377598243 694
512.7841782713807 403.78166263113957 40
301.78412601435235 447.65549006127634 169
286.45101064936296 118.38125915922771 684
553.8145100793628 496.68993163018496 253
987.7133024806808 513.5995847514336 936
105.81455072337975 658.3785634909627 843
445.34745808264876 16.497261001998886 150
243.7648004590801 652.5224493100366 3
755.7188039918682 59.54753998232643 137
111.41140866433197 338.9169738257656 113
908.7260969764183 727.8792619532059 128
363.39505789472923 254.62185897313694 996
765.7209580823118 363.8814000765305 262
475.55850502756147 93.00649822382923 717
413.2557529263299 546.3803180789326 501
303.36515553836995 467.96114621094307 609
299.04887304717755 197.8212309913433 429
238.6963861914103 899.0596506377047 832
785.7306710072281 119.28184952454424 710
97.25513907082085 650.2953415538874 297
271.87487947163714 129.9286462987449 351
587.0405798938737 892.7197509063028 212
782.7114559829904 333.02704998477486 339
401.19165886226995 249.50628632347227 111
734.9495764536332 269.5118259344467 293
341.2900188768696 888.0986976210544 995
203.66109959858193 227.24119314769243 249
224.36956390778963 655.8552506410996 422
857.0645027800028 408.43561053802466 920
700.2027481641785 964.2414866792634 146
879.2525293094602 648.384820078212 299
156.88980680342812 315.1832924136163 9
639.0178688638846 624.6109263223868 833
630.4542156014033 355.02849461180983 396
43.30271194697222 64.32975056120227 162
402.91955249281654 912.0896524811031 798
759.0495241273392 35.369383435703064 682
192.08937945521475 821.0770611891121 823
912.2745552899067 815.4561827973894 378
916.2830385384689 114.03245611099355 967
633.0122058242607 10.814345420326333 438
790.1181704026703 654.9676309755664 717
707.7076137709589 940.7415755452624 104
812.5381262710035 993.3419900893288 500
256.2606459065896 749.4865796368521 961
529.5334843999535 835.9486956741306 784
118.56515039180849 197.06870557901647 83
124.0881983823353 790.7279342160342 723
233.0159150649359 829.3828978467427 104
224.39409836716183 584.2903647867294 533
214.32245459807132 798.3838018777407 698
429.5050741776546 809.681351781902 50
110.61048974740007 572.2483980163321 572
564.4874919249937 129.73172832284564 793
404.57384896201677 916.7586146227685 23
796.8566606839474 211.43008035040046 384
671.1791596428608 246.53725856064435 220
840.8299938760168 875.0926554093783 238
791.6603212971934 128.56913279469873 143
539.8561109416421 218.61961972577225 214
927.1671530594945 272.95964452381526 580
878.7734255848758 16.929190667330563 586
373.4824899246456 247.64617253363386 453
792.5336487388397 310.707094641907 97
769.6891292583691 975.9668865952522 475
875.8070181289634 484.2392653525658 916
150.1113058942284 229.40327897334245 292
649.5509488431279 469.0307620190152 927
438.56252076103465 701.6823611998802 209
431.80937094332097 296.0304537212074 656
784.3781238599569 191.9174507376855 746
968.3047772285321 30.537523858441663 803
588.0881146515692 509.05551402127537 781
338.83542842674007 611.1423698989814 59
929.6020790575869 300.74606331783616 604
796.9624706447388 282.14763960022407 600
444.46800445923765 618.2285835456955 899
761.600454577773 224.3178103488308 670
202.16254929093503 570.3895705844839 490
759.162451673773 396.2732780472116 961
607.3620194391117 443.46829557420284 982
169.19733216732124 185.49311790423616 305
315.8164982396852 439.3485120362449 511
687.6813038955096 433.393007665273 616
662.8637180654296 997.6874417294017 995
744.4209868670506 120.73735428270015 88
463.4879391910781 227.84099182231165 453
680.7275000533452 700.151580546737 670
600.145115388995 180.18504258946922 460
959.6904126290038 141.01940987134444 727
250.6572143897976 995.3813813865402 557
652.3722816898078 768.6066870318467 488
71.99237145364768 9.638310237556237 683
891.5667456763238 202.55073765161313 421
658.6993686411479 694.0043219461978 69
185.47763609644153 582.2339036829893 269
793.2064361441609 305.98811493048186 312
626.9906471564349 727.335582813799 916
275.5339451621746 267.89433313750965 30
126.99865555173918 101.25946923146078 297
848.8340042027934 364.94102650590355 386
222.3115658769935 582.5156139695362 99
628.3415384517594 265.2429865554593 482
505.5076612645577 667.6357793232603 623
521.8330154635922 838.55701461471 487
923.6341976864716 558.4182175403228 617
352.42549181161473 698.2797228787651 642
454.2482121455375 810.0332014891416 244
630.2320786057322 144.0160034874649 416
648.9379209837425 99.7357270287218 716
128.489017750793 289.72421970566944 419
464.2118626970074 318.18412080976685 638
585.7377390228849 988.9040495598476 676
754.133463888974 192.8663610750565 881
143.27122055380303 605.3815839908059 81
76.05449502250971 899.4683102784666 90
726.462533624113 49.764699341158014 649
38.69309886756045 810.2199361988734 223
914.7166236472306 850.5690328240595 537
718.6037802141532 739.211856510981 38
575.8350411559086 470.3606554360413 933
739.2583740029755 64.86392600171698 235
186.95534414688265 776.6572761804172 335
804.8620351966804 743.1141673648689 783
773.7113640344568 154.14460049680667 383
65.71572251032298 603.5880270910501 638
640.6449664578402 986.0830777959237 182
446.0445518023793 870.2191901182534 959
689.4462798949777 381.75745917694337 63
151.077239727759 725.762208993432 929
479.91172854961263 301.4385805987466 247
612.89753634624 821.5373446071901 387
105.81329845066112 94.70631032760413 535
21.649230259616957 491.0879536833039 119
356.3307045885171 315.3624467356681 441
450.0371801969969 531.5637447514611 230
477.14385397780154 299.50996590499045 673
658.274825570087 50.69749460448924 564
108.65387367108337 635.8889836836971 709
874.2008203140521 916.6218832831636 187
718.8659032617687 310.62282641585017 397
828.1191444451724 157.94988435256363 800
176.64750316251798 506.056749528057 829
398.52048700435563 496.85161006768465 327
388.8817751397352 696.9826886307055 598
747.0592223088993 667.9686650328354 204
582.3093513152729 349.5335611326267 407
392.89611250393284 180.43099267271833 513
760.9070949477995 669.0545600190164 479
732.2473535602792 624.0196012530577 933
251.3437710571007 499.8679836726322 459
380.27158412063875 76.24034907504884 557
469.7787870189698 465.6300232197438 584
926.4033635336992 920.9936503649162 353
562.6646278382547 758.1743511617879 830
744.2599657482436 464.50452925585404 272
221.44895833369293 599.4197454824573 723
709.6318857166289 225.90349799668064 392
644.9189156989229 525.4368151113008 806
749.4287112379062 78.95682702120422 96
55.66913641507709 646.5501724339917 647
474.6993116442395 413.0615887005721 437
106.65178555835841 791.5681442226237 654
978.4651407734023 297.6986424061591 820
958.6035336025077 518.9529722195147 657
753.9237550732776 650.4231019747657 620
421.4882128976678 28.110875079857657 802
764.6560990943611 274.2706130534286 556
648.9241152598952 898.452206299389 571
419.12923473653365 302.6794050178976 593
587.4891768643516 651.8483900551579 382
819.3803757902205 365.1175685837426 232
646.6253826733406 444.5661387176981 611
98.16420030344308 321.0960945238741 485
713.9085496370991 446.3043447992825 617
817.9298542073205 464.43842039439767 711
484.3689711528526 196.58932639917782 871
730.0666356460183 391.7524708735254 190
102.47069822866072 431.67155536274737 362
48.59175082266454 228.81833353305103 118
686.7414430643813 821.2988167351297 419
639.7326958019564 539.4530960418199 567
419.61077635866053 820.4002897858107 266
856.302023606284 422.1956042180618 30
337.6714305097771 425.97244933652144 181
244.5791159725401 236.44818463266824 345
987.7106120878186 857.8137110045266 298
938.3069417428745 164.5112399938391 848
251.4286809161026 422.8572672139886 135
207.60440203154252 380.537769435636 205
948.2784116430677 610.7320865342203 794
974.9779443288842 629.1852746326169 585
883.8257342401929 222.68194150400888 128
730.7533397718953 970.7863232862753 563
279.1238712063592 383.57048748379793 978
936.2152762499557 198.5701626347748 10
15.060979021019216 420.58553886676907 960
567.1614214833426 483.9984548048193 699
769.6265329337692 24.355617853577762 815
125.20106646713214 770.5277208247566 671
353.67921460233873 912.797028304796 980
78.10105757277597 92.0584894968982 326
760.2464794136172 511.2253707428619 320
419.8020241381166 606.7142559274799 725
824.304560360997 845.8301068603237 232
545.2050238542374 481.6420729866462 996
847.0154369542341 624.9213525791131 704
286.0381686670669 727.6881986762297 72
687.0330097396019 945.9700866254891 30
944.2011411824807 88.62947837882828 922
507.6062584273918 362.67752640932025 192
755.4739950003095 464.81336267670923 228
1.4276899342857696 867.9515397184197 106
350.1092749608905 132.3501951711513 701
652.7688530257739 651.9188235021994 290
884.1190883063572 731.3124878649861 9
656.094792629127 671.8734807167427 134
688.5757474626532 506.0948131679988 127
610.1451179338708 876.7612395202541 828
716.5532432169807 827.6832765742116 442
948.4554975361739 735.2372156582575 587
192.01302508646512 654.1942759392476 250
339.1859225826601 186.58106316187096 774
991.3468882809917 975.6782935754862 187
701.272689653712 915.563863604025 160
139.1684288344156 797.9427060323858 126
961.7761072258102 650.1259934124798 330
489.70407336051267 660.8940323689 284
983.0848055659424 74.04469631036304 265
259.81329206729464 17.644782737985643 235
573.8775492017562 863.3780140512732 595
895.077973091275 741.8253298152019 436
91.14487436687946 426.30374004036867 439
226.30746763529885 846.65641653325 338
160.99146356035033 606.238569407399 60
76.7704648519556 788.7772298786227 89
614.9128005232924 485.98147249539227 477
637.8764648637782 618.1370601470852 703
888.6458506750829 439.6404714387112 657
58.90564909292462 298.1050090513091 109
170.26646741979158 565.8243873809962 614
779.0611236783578 49.8970755738175 507
154.23172795158112 564.0270511387978 690
590.5603972361439 922.6173422338062 879
941.3844080786594 638.0564004404108 784
286.3282089704212 62.158456896296734 702
341.9521355355681 416.98746251799224 962
633.3857338108246 365.9372262667615 225
793.5931792778177 974.8409109232375 388
188.26472244991498 58.59399002593646 903
122.76571500518396 281.7415839700438 682
642.6814523929377 281.8540660890118 137
217.20979026319253 327.3819304796924 343
188.38590638354657 615.1656431846313 245
524.9040554693964 13.20581007916366 712
625.7592888037703 792.4448759308574 563
497.14807521994663 854.2823381366029 790
905.3935514148 638.1595610052526 596
782.1266494845859 552.1587575904005 500
678.8948637319932 98.36616038715084 484
523.9735808863827 609.7219805060698 570
432.4870403962261 164.49231959120368 291
482.7623521734217 691.765083623441 67
150.16125918372558 93.08530844459317 513
633.6117434422388 951.9837532801519 215
983.2832354607692 988.0459159838667 482
24.942412570597927 533.8077023953256 794
676.6488266589243 114.11474140880429 147
772.8390785508315 648.2471978593213 668
964.3496572631342 450.8450650998219 822
397.1347663854257 12.88399074424329 272
569.424144007354 70.98622819011003 852
234.26388776900575 425.95942136550246 418
956.1732380055568 139.2489035518294 232
797.8660342047693 445.8815198854711 513
376.0118801724448 688.9117145101172 383
21.78161049486027 342.7792490445905 78
587.3067258967621 722.8690033294474 130
75.68931085244301 66.3845562345673 76
166.35043034517162 378.3905981043599 723
695.3453296077703 166.58761827819467 510
589.2274888674285 345.187945579718 662
777.5312193954754 638.1843084944032 582
360.29673047927747 139.8363196228426 760
611.457460039136 9.073405355998322 695
996.0706085773962 63.23524726827567 155
422.54454378851426 923.7940718189525 940
184.05956159749314 540.7101373202676 698
772.670171068803 782.6469098233322 876
597.2982849708727 209.10917195304145 184
211.71410303520588 753.8945050760743 693
252.97933292391784 848.4820469869718 804
885.7245396407315 817.7086529159999 288
138.9282772462911 291.14911892754156 746
67.57330934666861 643.3857576644784 336
947.3238113365487 242.29820220439558 479
336.1348011555976 598.0773623929454 141
330.26665546807385 832.0497152353539 629
418.9151803463587 717.2578860155431 294
372.606649816267 823.7968731734969 605
144.4394597456463 602.7647839682883 684
33.56671546356837 616.7812094313638 145
57.34413228858071 849.0945509664448 135
40.13937290216085 386.57412765272346 637
817.9129738695765 475.2514523228453 227
940.9964765059887 603.6074119828208 951
532.045266903837 180.19142681743517 146
730.996925953089 414.5288660836026 71
312.3063100607612 423.85069580625867 107
97.69528750947032 134.16156534108725 715
461.3097236866549 534.2587246890287 292
57.884146872436034 301.62163376903504 917
583.2589168216213 636.1103814032031 601
801.1789981876826 926.6167145332026 788
918.7784031882893 521.9795991418051 783
775.9266839953657 689.6774946608247 469
135.47639959051781 709.8498693169324 179
468.0465218209655 565.1846915090584 37
330.76445291867464 31.09134789982948 642
453.54332737794647 255.68258495829267 734
771.9190791159045 399.4597302565682 332
31.68417441648652 859.1019155550459 695
385.2133705000739 822.7346524575878 286
977.3196464692219 40.41203390266013 905
844.4175908855001 269.8430726499954 769
167.3786284946187 476.4198930854013 703
147.26994307726792 773.95136025606 211
960.1778172573853 274.88797519971877 350
157.00757572585334 794.0559408097694 448
179.316850568613 384.95548409055016 718
505.37765078770013 484.2203868761256 166
886.4947794088941 575.300670030804 634
273.67833982300436 524.5500090660821 640
554.2994021108753 361.82996803436464 769
973.9312236431814 992.5938455862602 299
928.7641190375882 743.335070572257 574
5.702020497952542 960.7464464332431 458
911.4659590516274 879.9739541705904 704
226.01907612599248 351.617738324727 69
423.07752723773973 24.8624541753697 60
740.0170634510429 523.5257306150049 859
302.9366987081238 832.1252990157392 788
555.6435221328425 754.5112507723393 676
847.3172884049408 311.97822928976103 723
719.2888260271377 91.70637449441233 912
542.1068340238663 652.9015767024907 372
934.0782403623232 760.7992713528561 300
538.4103596567621 278.7045344263497 997
239.29252553429382 872.9079511838092 713
300.8852128889812 412.85905172241775 297
208.89105411610754 490.27296540489385 270
393.6806314688004 327.2073919868028 191
321.64541894684595 558.2127636206872 943
787.9641681101198 320.60062641395217 148
756.5118109277677 692.9737017310493 769
784.1770967270107 21.875963471272854 400
609.0603935240141 912.4847986522142 299
116.88379356248879 196.12220007405446 411
154.16417233343526 679.1949619299951 316
552.5834970419734 445.3521213977227 882
888.0020790315415 221.84132807881252 696
486.87747885744716 550.3183685524849 390
523.9012972609227 986.8447107075035 571
246.72096063065675 752.6488300065516 821
531.1780538022896 298.8047400350812 303
472.85798804671595 476.67021859797984 87
29.413738867626105 285.6868335074795 770
306.8031153092214 142.76484637561182 624
932.2202452605927 287.2303802624502 315
366.22863850540153 894.3718921090874 853
224.95013146794983 226.45672622493373 129
601.5888081566802 781.9188353039424 417
148.08070932912943 391.1976137528308 324
534.330262535771 239.33644727705095 940
732.2849505320778 668.4872792521579 988
762.0555367656352 4.891660827831101 534
412.4544856744959 857.0438838211757 170
388.71476837982885 219.13282910302812 644
489.7704688048401 728.9451043798208 308
41.0933867223735 813.5907659501698 745
961.6583112414226 662.7857100675201 217
739.9474907529525 965.1241246502706 679
293.1030858909598 882.0737178960284 586
223.60827474198985 17.40843411572768 346
675.7295919887281 297.99068057394084 447
526.5794683936981 905.0567261822595 693
448.8931129056597 892.0094707467343 793
95.19576826102794 896.3818916633525 647
126.20092666255556 907.3862295487011 154
772.9789039419542 991.0682249645308 620
193.17677139966406 65.77489870734144 767
369.5336394241996 94.47884217519187 912
22.407243238161676 786.3320644512845 489
557.564701090235 790.5802247515322 35
861.2390430948928 766.9588682304513 586
927.4596237749842 245.9179061618163 571
130.72440059652845 429.4913476229602 296
125.92545545230493 938.5814010714031 956
966.2189941916755 923.1982884579322 86
885.2970627920081 54.34811419277696 400
165.52448868104875 637.4311618644199 670
670.4331361419747 710.5288995261869 985
517.3240958092916 135.01410271284144 835
684.3500550355535 705.1196881396363 867
389.0302864974088 620.8002093434785 233
379.12913160770864 384.0709988064842 940
551.0926952575685 454.3277350406417 44
691.7955147236609 964.5725943302056 522
18.636483714251305 231.20834802085844 375
810.9031256759052 393.74767923814267 738
999.2981639688322 795.2979313606747 147
979.4948684824817 633.6462604512867 467
869.6058661291155 4.173899274709125 423
659.1620488445092 121.34765165618899 624
137.0882619790479 122.86617976074743 331
893.0608126801512 252.99056596958803 409
256.90366849177946 631.1643976543413 615
109.34112630890091 340.1996000668436 808
88.45625344903529 450.3340150051337 498
255.7996987512362 831.5737706383895 385
739.0329955354935 473.77781265490285 522
0.17191986511266855 477.75556330810906 695
86.09901472244852 978.5947534838095 486
294.51601672817776 578.5928951458458 220
12.139100389324863 922.2370172112774 754
408.370268424328 214.56388663273827 628
584.9840124387686 411.2208119250511 7
796.9849272515214 105.06654392265912 379
34.703039185516204 175.70354058689765 862
300.8448483834675 916.8130373811629 459
181.96510274580058 722.2718654193803 691
297.57513857627026 408.7742104551707 657
462.77181161834903 359.08782786779045 163
974.497391668767 78.7377609153348 804
713.5947366381121 123.31838019028818 170
41.08973497149171 385.5206848846574 444
227.11310942954987 8.646514293113693 293
774.682978651132 204.4951068625266 887
965.3930084351792 993.7588398091675 901
622.4479635778131 773.9100467066253 571
787.0711351580889 931.0823792237328 482
400.0695650576289 654.5525515512945 504
177.65236647695605 890.2564459524285 687
688.0697433695584 694.3780245664667 539
392.30980216117393 552.8283578892157 777
481.7532765002179 164.57660734632373 584
470.6081825269043 355.87684408747424 25
125.9137769027524 640.6012883526842 44
266.58224926575923 361.64089762978136 641
55.34210687714136 957.0697544077876 569
41.8837159461557 745.8809146370603 777
412.30762195405515 611.219028027666 79
607.1394657353151 923.8189696469773 712
207.80138824168037 467.30933099024895 568
281.3910129007821 540.0842027707772 812
708.4590476701478 277.1132853394602 251
7.025081174049097 495.85481778478334 820
226.28061947185495 152.54979969708015 743
702.1326445464155 670.4842353277236 61
774.0620368142486 646.3938283558005 547
429.88974392225686 906.8470515737306 917
24.575520708453922 108.11168410921712 115
188.96916378878137 19.216372517325333 140
687.3234820590957 658.6694216969983 525
143.81574961004395 361.17376010852445 314
401.18585879656246 641.0517235071925 584
327.0907704046008 337.42878590503443 53
191.43841666353822 711.7429803577859 673
428.27200951175035 556.213111240549 801
536.018643301413 966.1587590369257 342
955.788345170877 160.81589507953296 610
493.84311268776815 932.3805346964056 545
695.7670376288146 280.7547984045109 231
720.6271506725233 360.3097485440934 190
833.3775431042276 121.6729936291967 118
681.0950273709908 170.37512756715333 525
121.82873218765423 338.6659946892858 203
124.97387134586224 322.06710077901045 768
636.4880464297797 462.54779529402936 21
403.93169621197745 79.51515138909993 398
425.53713677699454 784.2823419881505 616
436.225632856289 629.3408805976678 19
43.45914045901112 979.7138579967447 575
304.1618757363519 451.3244763864503 424
793.5413130717635 81.40958080111848 627
100.4250851274876 785.4445167650495 571
586.6034044802406 984.3988566185642 723
182.60665069640547 238.4664131003872 678
760.840203510761 81.44105143117952 397
787.8881123948545 865.6307108579093 308
815.0815573958436 214.47753541748537 111
493.84565230559076 148.6453915617274 444
848.4796464919951 273.46235749197024 764
549.2796932411705 16.075796405122354 373
247.83917285672408 210.72195135155124 699
723.8185557660794 428.03745677758917 652
860.2454169858486 33.27973616945579 123
22.82531642783603 195.47613076476168 482
55.100213154070985 415.60086413704266 103
238.62425878267112 108.13798660856777 354
357.4199436555686 858.607805996461 921
664.443227661019 517.4912294409085 926
498.0468583434878 106.99344622157281 303
93.89355273841915 529.7154385081424 537
548.2438241382993 42.092683073105206 914
855.9034135661988 596.740306931114 158
989.3141091323486 196.1400144118859 573
372.9484891297586 264.4374045129911 672
259.1952277944504 9.084333496138907 422
256.93924967614015 185.1736778414317 105
57.62568306538762 621.7040142088129 777
282.84176667773755 677.1219448953789 847
751.8358486012213 106.97398378478607 233
442.89727680690385 202.37901515674594 24
394.00806396123613 738.9041857912742 701
70.86262545801215 975.3022065493931 423
673.5049523401323 640.6403978132757 49
606.506162153424 177.25603019125413 317
671.5074312957898 178.28819319293765 460
32.8222938710544 767.6443434785584 174
59.24344415506766 259.69830482353296 360
805.1397712308183 613.9924502063021 739
313.26017440241606 733.0102702378866 878
313.6419930009493 4.06169308876736 963
986.5968189186182 25.37969215284153 147
873.8796606369643 103.26774719253784 465
327.9939115362367 68.30204513913729 841
976.4133789933195 928.4728405628781 926
763.4368893619755 758.8760397364312 131
647.1028871261032 835.4948543635924 96
409.24992631583257 614.4353202848798 973
193.41239539692324 729.95506100374 495
391.6837508014304 681.699191372994 797
113.90554784839335 711.5481899708448 614
729.9442466242335 443.93448713912784 919
35.93111118687142 864.653094417443 572
654.8841014873304 650.430344515493 974
673.6095408281386 877.2389690331182 377
853.1892324084571 481.40634358912683 442
629.0233442138274 263.81177367375454 571
808.2762471470633 238.76365800374012 518
878.884888419743 647.8302237759091 756
956.2503477173967 43.19459434253914 218
702.8870633257778 463.9683905830879 117
824.163407699243 912.1876435005286 681
628.1291384512613 506.8556394596465 901
985.1510442686631 103.30653867331374 473
540.0132836092449 991.6542343409112 474
342.16131907612123 387.53710633274505 128
394.55959621875337 582.9659576433418 48
415.7624647051905 437.6056841441417 780
100.46763413236381 316.0781076545752 42
270.3938889706274 778.028881982415 952
183.8966225239672 601.6809329257679 437
900.0820842458485 719.8887673088024 600
320.6447172256626 962.9650760496526 212
320.71044166693383 855.1186012937258 564
500.406565738026 711.3651757841048 682
479.4306674870694 255.5847606642825 167
720.1863248134791 583.832504443825 812
504.924178154073 865.5307163392736 436
230.89800839222318 277.4710660248567 315
64.7645623480383 119.41916093018756 969
308.2714906557643 302.899310774361 242
311.3117850325273 744.1750595174021 792
432.7850185402215 540.0573267590504 662
317.9441722690121 915.1508505998316 106
118.07176530572228 733.005809185107 837
933.6045254366759 99.01905528252331 361
315.3082840520114 425.9141731593228 167
199.31898110317658 347.84919972898984 25
835.8100384208085 967.6652976260773 880
12.645024108866698 58.09657405828494 200
917.2688594376615 333.83430882391576 561
39.59880365421342 847.8079096343965 564
952.3056095908844 452.1511380199282 545
134.138070729368 114.87679565026177 730
183.09539964705468 341.95164615617676 542
268.23653835840923 883.3980387995006 88
125.83808854089851 957.5996920727413 155
891.1829499407057 661.3216404686166 772
665.5288619188517 320.66248918874976 169
839.3669183072069 488.4912210863017 154
567.9791075453778 367.5897086345349 305
401.5034249778429 673.5470821055279 746
567.1708393342815 72.66488459616095 421
95.34281099355269 5.7441442413245225 399
635.2089734799165 732.7479793010789 82
960.9630738270886 310.4397561504775 292
868.7930396541283 984.1974938003548 156
117.55782143367132 859.2385827702334 770
111.53176932857446 765.2926571848966 748
533.63365164075 364.50322653563495 154
776.5861599186 905.4374860821899 197
528.4350807158667 653.1776928490538 159
303.2645468744821 73.24546913345509 121
813.3882163979898 655.7514263962361 652
159.02045312531556 601.6260585473509 947
6.294205821578136 210.14233079094168 521
412.93443122750364 709.885994810895 490
41.83915891154677 821.3534165057722 49
804.198326190906 318.2326627406077 353
942.8297540731663 904.8592919554708 130
832.7451884760609 66.3804304450415 118
613.3011783240437 122.57877673218887 949
56.15018648579395 818.7248771791094 428
857.3159183554538 408.5742633205357 264
168.57860824495364 821.6077282170518 267
376.15466282535147 532.728744919924 834
981.3535324611362 538.9885838111817 991
824.5593201134111 632.6362084011575 14
984.4009451757839 232.32947671193426 32
352.2821165114056 592.9496952392806 959
429.740068342086 147.31749635711367 946
407.10475647572366 802.1339471761343 931
245.7365674631914 169.41914079103316 149
449.9950775259589 839.4728458241547 675
784.892739219113 698.0168172471834 692
410.34008407607746 665.944896656245 731
706.3398719840658 234.073137224995 231
111.51004988518432 505.55379751619955 540
555.3480494911798 759.7114059945535 422
379.54554973781904 195.71051373626358 793
117.13845192292072 17.7141456360117 648
993.8874890397449 106.21932708586202 24
973.3580985755453 733.7842813716384 997
40.9097957965624 427.01352920694836 16
621.7378036422929 42.40974021332289 753
634.4598973111276 590.4100385062279 601
511.5087244104626 570.0357070839206 602
747.6998656430607 386.8583146865329 645
881.1761291442094 307.2505794622949 488
175.49848510344546 522.2872033996659 631
668.9209070233546 676.8790738244777 103
787.2586906850563 792.3406797176423 802
142.9495454444707 815.8221608040184 418
564.8911106843404 93.3666920682632 618
76.70856848868101 413.5650407451055 719
36.92268801256604 233.13441613368147 315
304.28843378778714 537.6173284107211 897
469.6904900673263 293.6548035544979 25
397.5843540714474 712.2705688334796 88
216.24253511779912 129.00789407597003 702
773.104307976145 771.3215272696513 699
614.1324196464033 773.8488190555448 346
112.13012544610001 9.698832496525478 967
785.8581898790254 796.075186041175 635
213.5916815054959 195.19594289812346 683
797.0253960881968 398.9504513924339 217
828.876195390517 217.73482695657643 319
334.5303854815823 180.61284580549398 970
479.9630279151865 965.318839714614 423
473.0098877058203 30.5669527403003 182
580.9228870484066 90.60321616256329 700
308.48936512485983 202.37319400106745 136
6.050837407618914 140.3205990786792 103
146.92911872773328 537.0203349136283 756
621.1648738179047 313.0562753408588 362
778.2611336279851 947.0622170986692 387
198.21134770547377 442.666051870048 405
951.6119579671137 166.13623555835034 998
902.2828900748295 410.36793259604866 771
408.23630165308253 382.6915343080538 851
492.8840276674772 200.72844478214412 953
678.4210659756403 248.31500003370266 726
350.9956311764589 752.6734638614794 438
825.3499488316919 45.221466489205554 227
747.5299869251705 837.2883762268311 552
879.1118964519098 404.57254504522666 591
35.06075036864853 859.942327369513 603
377.1533207829102 331.5526116644073 719
130.17815194006133 176.75698301209763 21
432.5296719754045 885.5942005903318 584
244.94940824200094 168.51300621970367 96
72.36715921665382 862.0852643695405 45
898.2425440036887 708.2485148654143 35
508.0799420502415 825.5801471884583 491
604.3100467950259 83.91814295456979 164
772.8809348939245 543.554581329801 270
344.17730953149197 427.8098866834651 691
248.06351206138277 303.7073746366201 181
73.65012094206736 123.50824756407697 83
791.6008156040359 996.8662349147912 56
949.5474295731718 435.8327602449231 474
389.65547933709144 819.5855991501637 258
570.7229545955795 979.7038269364854 946
41.97848748916011 366.7080960051229 986
316.4187505483288 242.89399321337834 152
63.33590859301319 25.58308852835067 509
598.7623637591856 644.2059528522288 931
922.2518079369237 208.84101902213314 826
201.61842207089597 236.11256016674963 158
385.1722730334335 19.76942283247485 340
264.2722139518249 921.0476583486687 1
527.5057604285244 687.5594227129371 346
315.22161757098 107.60440887453049 694
800.9961775888464 749.8229244676107 227
832.3194049035549 88.94482482728772 934
430.0096437238661 883.1463567122842 582
297.2170215883538 351.18163820015735 902
590.4356232779462 397.0068875512226 720
968.1342168497357 516.5123447462865 55
320.70364191435687 261.7962825905854 847
546.2910321469363 123.81102103062113 935
902.4734631104072 963.865680842449 127
939.4608512347153 244.7678748237211 543
583.1365855794651 645.7019602069223 502
904.3361844335657 352.9640736094526 730
272.0502614599889 370.3341875443562 341
677.2798489924743 251.37565991858156 992
952.2038790645047 820.951798663514 277
863.3402752532205 261.456464749781 216
426.9356008562065 805.2785146636537 101
30.34734897048308 535.1152222005312 189
827.5057269664525 654.5843291471283 14
733.5981459671721 349.89224330306655 380
35.38280553338857 38.363909480266464 669
197.7572341131465 180.50274116948285 850
880.39531193945 792.5875668334479 968
400.32435900821105 225.74406441968608 129
79.67006093953 928.2442789667555 897
568.0799957497618 825.9615069312558 695
533.7512042615941 167.18978049830125 795
674.7048396397454 827.0238724736191 105
979.1975245983188 86.0759069250827 744
267.6839059923204 210.82055374719877 490
568.8275254649747 259.87045794003626 400
323.06645039009095 405.59308502537937 67
246.52901755408396 907.9439859368961 186
935.741733566608 619.7913293430374 901
345.55096607186607 359.6980239992804 236
317.80973170551664 81.8514346369601 564
334.19566005401293 856.2259298647053 832
33.53429795793039 675.3450560968906 828
79.83729156235364 93.28129665144536 917
107.45414124478137 15.55751281481399 995
700.2416719171746 7.786728024007594 292
284.88278205591524 291.496538127651 939
742.8496026479982 118.97816372923398 576
147.2591389036867 433.8874016551587 870
26.91616393551599 275.0611901285334 668
735.0430581344449 717.2848449792187 875
103.52557074080215 478.64165472671635 106
795.4377515410611 207.78473011180344 372
771.6022609792665 868.0978998246947 898
116.88244348543108 211.24848990133094 910
989.3393696727022 544.3128703665648 454
80.89488320894722 286.37800932582803 507
897.701509036193 333.56862957382907 663
585.1348739486494 139.14749145713924 659
878.7455108194322 716.7116019571814 753
854.726061114349 931.4740274806976 696
184.9920775540035 98.30448226742506 857
34.137130645527925 42.86595992086784 898
883.1297876855026 486.645790558016 983
131.79903566812223 686.3929312801697 55
736.8423053066143 546.8045565062903 758
664.9006423441965 647.2937349802438 100
817.4845721666293 761.6369994311939 184
240.96878896660644 923.6791819238749 731
194.6528042323833 692.6656181057069 408
548.3570848174617 9.169808280402258 105
408.27199976461617 523.8111354148654 477
318.30609730148376 0.6498738333654552 298
990.0835653397122 199.30695146713006 774
180.23965467167403 905.7680838811839 94
91.80387172672566 708.2504442568863 952
939.2910471954734 738.7307692350729 964
795.9543580582271 412.1741833274416 778
329.39224699968605 496.9640645739486 789
708.7646154833212 142.52493114738806 821
127.95658187794868 246.12968589418583 467
104.75890819070999 936.2930303961946 111
64.46000901414128 112.69071449220402 106
817.7705985670603 808.877392564301 421
703.6150635973138 743.3877157046774 652
584.2697947300953 676.536776039234 485
643.2836903101916 910.4821124978541 88
199.80969499782032 347.3856187743062 339
931.1195707429155 325.4537224468954 167
752.8259580216595 462.83323214130337 431
77.50028233765161 217.71460622649676 427
385.6764329151565 319.1350676409824 482
960.3639996390871 581.6556367481396 319
874.2831831415523 972.5867329886726 843
638.3364449983832 702.5820699868042 630
348.43749378044 188.22972883823618 447
903.6914465040134 371.211980183205 415
943.9717490030392 898.6604521635824 456
158.82828798007574 53.27437967647752 291
735.9791352176117 210.29898356403476 795
385.0193338503375 438.75168733968974 910
638.2136298960411 146.1173532933978 161
555.8975802144988 516.8620343700276 681
783.2857349539858 731.6331055071335 776
706.3433694104524 669.6104182432546 629
877.9909172331066 103.79765111114992 726
591.9902107948307 872.6615153463478 513
231.69659876636882 877.2092798680112 329
657.3128784628148 475.3437011521945 873
