785.1218625415718 994.2852067390509 179
760.2640808642503 572.9195904362822 888
557.2046518734486 936.3760260723541 541
378.70462319410694 0.12402028271130128 216
575.6111067767664 338.700779992234 141
13.201376205247195 646.6028939429616 98
634.7993619302417 102.85727972574877 349
335.8390599131114 889.8050048315392 713
645.3431980551884 742.9843322961534 753
372.0885827449656 118.69148935971263 197
365.21743085054493 879.6587175558623 573
475.58389307053307 424.7376361139686 17
505.43009692038464 552.7803974742833 617
772.6022463750498 988.5500722595458 939
391.81613418506953 851.019245996308 151
832.2210013031015 478.2551424859242 931
318.17430946648693 885.1202904506771 855
555.8252643501243 225.61314548331134 380
500.15542473712503 118.89209647939258 656
181.95037829475214 76.59869611657544 485
612.2162686128786 70.98830361561681 778
886.6258121430277 482.7507693156043 834
181.6995225857312 919.1904310172525 739
833.1138925013379 367.2367648146787 783
570.6182429018425 718.8403538200237 80
479.4141337476806 360.93078142414106 700
427.89782635338935 234.20468422903573 136
335.14462178234527 888.7011497506847 184
592.5578555822376 954.0171971144542 531
298.6983140025402 455.0192995308547 604
451.7129139255952 417.8672578983732 96
803.5001027781886 55.95862888081405 747
880.6353528850677 371.43557954493053 370
323.17556695232054 861.1667505155912 157
518.3290753498992 151.44002032695346 809
251.28073866636169 741.7180844583528 348
699.4594592653991 447.18634425793323 389
518.1203659880463 326.0968063713647 85
808.3299270567336 349.1301664667813 875
896.5416533109053 345.20913738680883 437
546.6452967205693 781.526861019983 714
636.7213431441343 15.096904100259989 540
277.6841252184693 22.678247463405743 224
905.8507894520787 558.6195590622906 792
437.276134311691 53.05634025211037 930
13.967177926275888 190.25006842788162 250
685.3710886888464 840.2088118212373 455
813.1881277865409 700.145844225117 489
575.3763501155519 38.10483269467435 315
279.66864905536727 860.927162725026 760
259.24851738156707 718.8221312755879 531
778.7019617622244 908.8146269106686 832
445.58934919725755 77.31305478988781 491
149.0222282029361 873.4017912547622 714
566.2463703348133 689.8611276920394 58
714.8307826206058 955.3397951426407 603
771.1468547225259 957.0620612242986 986
386.1890354580976 333.1428864759216 263
876.0132545115462 711.8064599675547 384
800.4894199392756 396.37409176487336 297
818.5406555647877 821.6314515000184 744
579.9373378301099 362.72462724902687 443
727.5754928931271 566.1174668355341 352
538.7819815295459 972.2840064586011 204
94.45045159172571 971.9699786358328 826
436.72677052192944 295.69168871317675 483
784.8634464780495 808.6407687631532 311
68.70246108040156 562.5879754448935 528
135.66495871687945 466.95505398796536 712
3.2135025799046035 690.7333222010375 793
778.6555559182449 399.9358477008981 317
399.622523707619 177.69838192584132 959
268.4762427038373 538.6343153636534 707
399.5748249572434 13.898358712443383 246
439.09736882254435 596.7485777537189 817
592.6474131870125 387.403451992352 733
504.0538605862922 134.9335741917821 677
769.303760676084 896.4984938437012 888
912.7430777821281 601.3270695054048 854
183.25252018573613 703.3190492416107 846
555.2554783458562 147.53372028724178 509
980.2468718769494 863.0984395585809 319
150.54818055528784 776.3215726878964 49
191.7027005545666 791.9586874932888 489
367.87743113916304 475.4933015565879 802
554.7943578157168 217.86181649766834 9
401.436556231575 799.2222415149754 406
78.06620416486409 309.7981885759258 648
739.2733032588727 171.2112238736242 675
629.0635621560255 55.30004365698116 809
536.8872708582023 589.6709733860064 444
861.7645107962791 727.2977417846008 677
929.7151490800251 52.70062323995162 864
728.5715708340846 773.6492221761356 674
377.1882265632268 622.511456114753 343
880.0417734253576 213.65862670473612 643
158.05897570038286 400.83450903364206 796
173.76324377743092 513.6019733522569 679
215.93384198532527 355.8463899558937 305
692.5320204252682 241.15581288202125 975
626.1706588598341 292.8512001230681 301
251.48547661240494 139.1177142654101 632
604.138695007761 385.4636281886592 940
45.73602807747301 394.6079254645667 346
370.37092178993225 992.4985786612356 542
434.5636697824994 872.9772553715044 302
271.70813903869316 224.55115832005012 33
532.5800710307101 846.9585036698616 160
952.2027877367536 628.6861757349117 696
631.335845519121 35.172051143383065 661
700.4832811201966 885.9679777882405 76
642.3792066229016 238.94799019406287 931
942.6140330292644 679.2500988877215 718
656.6021528080961 260.033262542112 451
619.879432027815 941.9319088375526 685
429.8540847586798 656.9721448392227 563
354.4190808464224 428.8493531556278 184
767.0143897511222 730.4964703656029 165
887.2490472871301 140.16064853333665 824
534.9988574637447 848.6008826497136 946
649.2599581013106 270.79081275956185 200
813.8525529240051 910.9063822612989 40
887.4489212243288 900.918468769805 729
83.9471323085762 478.83545079550606 284
18.011385305781836 125.37804183889844 121
200.5371305133251 383.36314373563806 205
459.082488580407 475.2167074558672 434
133.0682783984475 750.3086651916333 850
807.5661588771818 774.1448149131312 846
545.4630141354862 227.659195456816 554
918.9605330667157 435.0483990476213 531
19.901875053427442 465.2260093358127 924
873.22471231125 927.5791843685026 581
255.1331893247457 76.7089942227226 526
307.3912457192999 98.24473642056886 512
577.0019809159504 566.6798799820583 819
322.29509984789564 386.56292852497 826
823.3745444600453 494.8461943216902 170
818.5289594858903 603.7831071770191 94
973.0419441705519 46.50198709499909 294
458.726901537458 90.65695071273905 268
810.4326429372668 57.84636052564418 990
784.4175846139551 677.8417049278635 104
630.6986354298472 399.12184415379517 535
379.1801630138505 262.9378465359142 451
861.872688034613 22.2183727607832 724
913.2988062749056 857.8245484273364 1000
614.3883250841815 784.431161048094 528
387.5520618356544 832.1109095619976 569
916.6615294354496 332.6096167372511 400
902.9833618606181 740.6894815718932 182
715.3832493524914 342.9378883976467 171
434.5324151545437 231.28615023676235 427
419.80367722629506 0.4642082402093184 599
860.5357671876054 202.7270972771147 360
521.6096611783273 841.81183048896 71
296.42181800147506 695.8536274670982 195
584.1848287359877 643.8530514497661 304
965.079621995782 742.8477125711423 597
65.23566146686844 288.92096828721657 461
737.7747931483885 618.5275511776766 932
925.2877884411173 272.27505248274974 650
189.53565117512937 933.5838963542238 712
870.9280775269418 771.7134493265548 88
703.4408986489759 506.21945071030325 549
199.00946528323294 926.4844359540701 521
646.9630850190508 902.6247821990149 870
998.7490918678699 586.8132938004856 270
303.9115050114339 141.6644270878571 482
883.0055577275157 408.85317991620786 643
463.4326685903073 652.6863955661704 83
586.4641135262633 739.7596851618085 245
863.041569528771 875.011119723961 975
562.0870091234009 62.67316465686146 925
333.66025915334484 495.4862223702066 147
217.82761276123043 402.7740537515904 220
588.2654650779864 977.4568201308067 306
944.9918923375275 85.6259167173401 315
380.33401978447057 822.1221122497494 407
815.8945763698106 155.17658157740533 703
311.29464016807475 937.9752769390781 24
500.9603065141441 608.6063265289586 528
716.8567106183917 839.4481509028011 899
386.0629234742837 473.1940922399104 267
583.1728115621612 504.58204918579554 592
387.0321587009763 570.4518744758078 403
613.8305887029074 871.5142482573485 208
726.9241944494012 741.1878168040068 970
731.4091024255815 404.63316721141473 752
239.98429764385432 38.41095792212768 747
426.6624865685409 837.0072749019839 361
496.2965139950798 260.41697970838186 502
973.3661266675949 192.32559023022233 864
403.72334961026525 927.4821534248276 351
172.27994605321217 6.0585881254965335 125
676.7259928301015 432.13220802642803 982
259.0987145073813 299.56392022003166 306
781.3633259181888 392.4840970748451 734
985.2943940233918 452.3807847943325 768
538.4440775537074 552.6429968944447 474
612.9463283231454 261.0271662350088 651
96.84577022537555 425.55557513950504 545
829.898639555655 36.276478536662715 93
645.3747315201645 756.254533362732 439
318.6255587025675 536.7899297446231 948
708.1790836495168 218.04057055377223 647
504.85682368532446 344.96553215954594 113
825.3209295567702 99.41274625876927 788
483.311155650179 51.523215937994806 736
691.9362840439809 941.8464885954372 854
403.87844719923095 159.3623317052998 644
512.9292313737016 326.8738250198998 276
341.10130542415726 286.3371054452812 177
142.5803536942587 841.1667919082375 550
61.79198687672982 370.0889033212539 662
450.90056955369926 842.1018784509421 730
531.2285357225733 42.04348253302115 256
171.66700019542557 869.7492641831224 108
913.4998823188105 602.852905746945 846
616.4405103765808 305.6552430183329 463
453.94857130856957 815.2174632413511 676
625.4326388274613 401.83102475014033 887
423.41515568125124 491.23441026014194 127
725.6790211317947 585.4830533546058 460
291.1842918690076 732.3562141103039 56
121.14211692960919 210.49530124846783 247
323.8009090849514 936.5908219301745 429
920.6101733289524 131.90868003955504 672
483.74131343681194 134.85848673128254 245
44.51204006911635 761.2343645879436 655
626.2863638597133 747.1786245680116 905
358.54786577408294 225.21889097308366 957
591.9634547561516 771.9742469086149 17
887.219616490504 972.9245928914227 446
38.78758757861167 180.19141991237674 435
105.25209157061977 827.7450749668677 866
122.74187283064907 223.9107754662234 130
893.0449952345607 27.517970535399392 644
604.5615751235138 241.99276964115114 17
821.214642981998 957.140670919216 337
993.2683282414221 547.159833315247 770
170.05861997520233 287.96641764848476 957
649.6944149672787 406.52005783736445 190
801.4085237168248 742.9045652762032 136
103.60536670322796 355.0431214076196 70
463.93645539317407 790.4050632580172 36
180.25912666278887 982.6733472222791 622
96.37887456480276 159.02187869160568 506
61.40412108175419 403.2388609863942 213
667.2196110203295 705.6161135408075 629
65.27646447280944 501.50580157762624 938
429.4800903732443 544.8331435171316 437
874.09160475246 351.86530044718813 623
320.68335761821544 187.55837405762642 352
761.7779880538727 740.0655960339915 147
481.784147273291 913.8319805388852 673
690.9770324245667 362.2688748341383 725
588.7836932979021 901.5121180772512 16
202.35833018451666 582.4584659182714 533
486.51001290495435 715.8683807717566 110
936.6904551432281 496.1266463957751 832
878.5019851053343 989.6087806110156 355
841.6414305724386 142.42326268986315 942
138.49775589170565 450.86951974404656 806
919.9813260694447 824.9143153458489 614
173.01118165770944 462.8945378074002 243
120.24999250674051 688.0603173264731 212
927.4118797711606 185.43882101222164 13
15.278067720201683 526.2720863181895 461
895.1284107228788 952.9664209105446 819
557.3799680005649 340.99542246220926 754
441.7259815314878 490.9280085109944 382
952.0051454621401 631.4846532860923 514
527.7364082557737 638.3982846565441 968
49.27098711087818 613.923100756167 664
120.41852767263472 173.21943264468553 112
490.2267435065418 609.8728313504746 940
549.107799858589 520.4699696600981 922
676.8094475962077 459.49309358698764 139
372.743221379735 40.25667823194601 912
847.8999060361834 997.6060318764025 104
910.4572890269079 108.14845535944117 135
410.455812088647 363.19274434057945 105
920.478319000584 861.3130690800174 357
237.70074145271857 22.284642693636727 201
618.1268333794433 608.6452581143806 993
457.47472218708083 744.9711514231556 846
656.8091567347105 875.4531693891967 561
20.755351922519093 194.33067703541042 911
584.8478220246525 52.70380314555945 235
335.51673363063395 513.0153829774843 302
708.5990514898233 761.9231878307859 492
82.02569747095178 671.6374240558996 891
535.2140445114582 51.0050054036022 946
693.3817325677556 106.14338600535133 368
816.6740961552837 755.502148888294 216
578.0800712708392 945.2541539800214 71
426.76286139871877 236.93515831257972 633
751.3654071382938 678.7503017204692 318
280.3362596273902 911.4119742831457 92
623.7254521766555 675.7501596221103 826
601.9492690446419 352.2954419236789 392
804.7414928283544 515.3906217736122 220
394.8326672022769 921.9777201846138 87
625.9618356684373 967.6163686077527 318
217.5377132231402 591.6137579165512 970
907.4003933230799 340.1908563439211 916
604.5452897856865 762.6506992135882 295
285.3395252892288 205.9233979038507 885
36.13295035268471 999.0578152873692 274
426.7687285522326 42.25437521474107 972
593.1448550052746 329.4262830431797 675
42.76904276217941 864.9414915066992 385
598.7045205883849 840.5174650036305 684
899.7411547316253 998.9885066249251 464
102.46968326599293 369.6459603620407 587
608.8787489495106 788.4993163234418 353
863.647819312374 692.7702159286516 972
303.2126975844455 207.3088945530337 582
169.32657059878952 626.9314236148232 276
884.1492618406504 799.0096885381814 295
871.0242141850232 128.82539021698935 17
996.35737413034 330.72148619163056 994
583.5234943778835 207.44237060446812 880
564.2497088184159 441.25857033606894 779
987.6847336146407 414.084009981559 57
536.2683778564447 649.6563750258506 601
567.227964993664 144.74687064448898 325
490.38660962859916 589.2853327777418 893
857.9232702490633 43.498010368420495 282
194.59376163688324 704.1910676447137 732
311.7102995026536 386.52437348815494 63
680.3254209458348 165.87617564686374 524
105.81372651834742 618.8561836043006 666
604.4551844258044 458.5096544630507 642
699.0356910053946 660.2960505671903 68
175.45146368397312 354.29475810219856 721
58.79248454086039 243.8735674155803 314
436.8841126409627 72.40646513779281 817
390.23483469364726 946.4373608576115 20
267.4567884108395 536.4364358227077 19
191.62593867433065 580.7042552983598 939
503.88803269417946 605.5896371778276 327
147.35597457127002 202.62485600550485 356
208.37988975530496 889.2640159020738 894
433.27758238852965 642.4660611245858 152
414.5380588526324 562.1484705468647 366
190.1682864992158 454.37322323445386 543
351.98867443808723 332.21140651950265 213
700.6351878345056 704.3105473323584 554
125.14069832271669 143.21260614367193 470
975.5645260233281 23.91715368036651 535
657.8339482382765 613.8230260973448 30
958.2235027540447 557.6718967112698 659
274.86265833976597 129.93404323348622 903
177.19772624264374 726.9531459357545 80
638.6740011573137 656.2056411920767 693
784.7050755993971 425.0309458254997 764
930.471111682314 552.7455897918027 194
558.7653417296854 135.93102943621048 359
457.3545022073768 884.2259119113897 885
90.25974055015718 551.5635627446619 749
284.3097179217029 138.14408448497295 951
0.7945093964716321 762.3171005652418 769
350.85793172654536 749.8552314872767 282
214.28691935770138 667.0325431706945 654
235.4566776847501 101.54234585476951 819
769.538657377316 139.10606091596023 818
920.5097623816854 643.2090840663045 375
316.9277452405701 25.7427374547714 145
398.34592967681573 62.46325691974475 569
970.301104519603 148.04433799907702 699
697.9205499765643 698.6331414002532 988
204.4152942869104 35.89759122082159 436
733.2737323519169 750.8476735621722 580
171.3439544203196 774.7496836541935 901
302.770084335805 18.809349622671444 150
972.7580501359859 854.1324526841621 339
232.1834796848329 746.4217083649108 708
675.6304156414841 596.3369608472208 766
921.7746682451263 28.020743822170346 678
519.6782181271228 883.8681743698047 968
619.0056196904131 530.0691016791696 822
865.6009507078227 882.7223331621261 295
161.17262717608972 629.3957397164993 99
279.003300877573 158.8835577643718 143
871.890406950481 237.9512787524095 129
468.86459051812415 741.4649959621474 360
673.8053470968156 256.4094235073388 369
977.8662500609978 318.9350880419277 103
474.25373964962034 708.7519019291826 190
21.599777619946693 549.4510101721913 618
286.94259608507787 208.7224856884434 807
465.0099303934239 24.196260734090423 448
32.90621718192588 616.1839542145456 741
984.8430052570379 269.8727738833081 576
862.9766840238839 387.26028622791887 351
779.1695604956853 904.315025604307 488
560.1041460418206 814.0149445672497 375
616.1712663201687 587.5461916737835 200
273.15585397452855 839.0206866856072 338
164.51752103099815 128.48221044272447 600
599.6054372109993 538.4021510099138 486
618.6781199951001 942.3476642964956 341
642.8521426010703 152.61987803168708 827
867.9371380654734 595.9288684877228 355
508.038080728256 754.0236824526631 944
983.8206268915397 710.5111897080424 34
992.4473822967008 457.7938282515374 283
532.378993160707 289.6538612423163 352
889.656626864741 99.40394609615477 157
980.9331498046772 89.15375364871225 294
316.88924805513665 327.82694057252 264
923.7082048836398 651.5683164140886 223
523.0280847900788 755.1890783900853 127
691.7008006559291 398.9997763838904 583
812.0243314608641 811.0932835226705 389
506.9321081866609 337.958368880648 62
989.1887871220373 725.8864430196273 116
976.4304760209924 391.98517996766293 713
153.8994172075311 177.12762579305863 226
924.515982444844 831.5816964764281 779
909.1950912403372 297.3246541227943 829
645.8293862527911 277.66213297856643 901
354.49853552199585 530.7170236015779 389
803.8401668282387 724.1640377734722 752
189.59449635249814 690.8859811713511 500
132.70088581385264 484.3156308343379 205
106.58421324170575 995.2973078188452 389
883.410787564903 402.94872491679854 284
128.94344216069808 685.7211745713473 979
513.4263531035688 484.532527843622 672
259.0954364481517 698.6239057915203 370
700.8475796136777 359.42579139464203 108
989.5470423524177 807.0735889521405 930
766.1761378025029 534.0689840647049 271
530.7619434066207 440.8674732864083 580
316.02263941995767 800.791005710511 737
997.6064934426789 611.4897682708614 1000
705.1619769310254 625.8259708823514 422
27.321088224446566 969.9481056044398 694
327.91493814639904 14.256868465103988 390
621.8920356109193 575.451729044774 329
620.3175115487543 145.1604228536767 250
441.287049951664 247.8166277023177 573
486.5031440179436 979.9146047081448 699
164.62729248818886 639.625449244934 721
802.6637915267663 509.7236587992384 14
972.9065257324608 72.90222847109773 836
55.663398961714684 623.0897526258215 432
466.8932698464763 772.3384103556727 538
221.2284931390174 574.997631947049 362
599.9802734285375 375.17735531388996 915
647.4344927924303 662.4546844196534 653
164.13601016335744 898.3435148447832 309
306.6984438233417 414.29636930495053 552
951.3889656901762 141.45056575204796 590
92.24859265021423 332.5493557058805 106
297.86270946446416 800.8542351594258 966
274.5061943188627 808.7331542533861 89
254.5228178244715 135.73584865377708 294
676.0130163582985 788.103012632792 625
312.96136444467106 765.4922796589143 922
434.1207875534663 569.0402221749557 482
943.2124514778554 166.33060200483018 739
816.9876437050475 773.6907992333976 257
323.0747009825798 526.0563449064753 369
187.97441903806845 20.568356526583177 537
917.3875533456685 458.6881904675535 339
447.8364166098681 246.35147014310766 363
70.82545891459513 818.2154458788293 754
183.18959025839877 434.6017813963354 655
936.7070711100143 421.6945216115395 287
760.8955569648483 540.2763030019657 957
557.7317877164735 736.0053445048578 890
367.9293717810407 808.9056649628367 595
975.6363600570093 92.35001418028277 574
670.9201335231236 867.4619756241315 255
94.31692101100764 223.49102958902412 730
955.0778994200998 486.4485120506882 998
725.5776874528077 257.82958177020856 332
465.3640378922438 364.8804434257501 335
333.54531759976226 878.7168377247687 559
102.30925697638949 919.2704621298134 822
513.9217570807375 675.9409794332427 422
357.7839145771713 377.23087581556433 454
778.8243349303325 481.0001021874579 968
186.84139935878054 951.6087970905751 566
54.295096390437834 621.0340576535287 32
737.8365137996767 229.66692195617432 791
893.751209528913 612.983011456272 349
853.494800567141 62.42799210504724 651
918.1009570742632 310.3929414535618 262
51.849344340462956 535.0956007099611 943
648.8442190974456 924.7774260308124 434
523.9807815255768 112.09503278108379 303
515.221522139012 557.9187171179342 498
745.7926815526548 967.7214576323071 766
304.88338499765376 199.8988002267159 415
42.4948526613842 366.48689258148113 636
462.3505543167825 463.5377675357942 86
683.2340548007589 389.8784230091115 365
581.2854009594236 980.0600082478193 94
223.99243482963894 133.26367881120095 238
618.0579922500551 926.4915369707002 88
373.8977136430878 255.18939839497622 655
543.9691199397929 715.4983954864463 225
359.9670353607608 912.7830213634762 69
157.94574172782538 213.29692520991594 996
366.9066005137854 829.5325735439106 913
972.5948488057977 84.15018106433192 717
23.85451949724726 617.492117076855 628
653.9581843596367 435.49480728032285 924
82.54424650448212 443.5300207633881 455
28.99746655842361 451.11856356425994 988
143.3285311277287 954.1527394754065 637
611.1478599176648 703.3679404718388 966
371.76946013461696 498.2977817091285 427
356.16498835467627 324.56389389421633 489
561.5786981715155 35.252860173590975 41
213.28003018357123 20.027019176148798 530
402.87481197742693 24.581950805857787 12
549.2312740927763 939.9539818843574 939
519.7028294160021 203.51303978349233 685
786.8449000300047 426.37582707043197 436
666.7612696574356 772.768724867131 882
741.5432619296515 862.6774342902087 328
445.29210543398176 787.0570867433399 185
477.61151646888254 746.3563360918503 419
36.02105504665254 373.1087849535741 456
305.81267975647853 559.6537138871544 691
875.5748046036504 373.3453852785613 477
301.202689488534 836.9961442760147 823
641.0573303750118 450.7938560141652 481
901.2030811793624 9.205025722453296 360
350.5543676995495 726.415842602339 10
937.4633384387768 912.0503327706597 872
154.4886297417275 38.67029736550365 616
858.3973946670108 534.6707551323086 901
672.8379372738196 826.3011849621769 329
57.32348549778132 894.7112502593557 676
121.77386452473027 443.7072487746503 31
721.3790161401668 452.2180455485915 514
400.24379190466186 704.7117025643314 743
473.3990277142367 255.1915928198133 1000
453.1794961148471 816.963956060701 98
299.93914672422807 97.59002075668755 596
849.9079364813342 837.8325734335167 957
42.61895910629798 842.6465927773727 793
956.7973320351347 921.6432056316244 303
648.3265810090882 409.9733610086538 389
689.7491804948037 670.9039180697803 632
197.93058014328545 619.5749698477388 224
981.7218269664864 129.73422871675143 78
518.380791215217 757.1166649986108 665
116.3238406467384 695.9485390554587 291
158.8189870636052 470.9821674951802 630
341.5053040592749 929.220662368276 372
748.3040715620335 689.1276242813649 17
163.1844677152532 482.5707821424957 576
161.1401201888736 211.35898609979475 356
44.32405914705606 274.9531794519108 948
566.5873057349316 154.21332942082623 806
380.8118275971885 978.4123032186969 314
598.2603258180451 538.7751270967221 532
79.99785254374336 566.7178286515212 570
303.8453387246728 15.471315756800719 417
855.4646332909308 762.434086749759 128
492.0598052950773 53.56376151166964 439
525.5577180474987 923.5039065716979 513
61.19142380108167 159.00953249221484 411
583.9639874792017 915.7319304155366 298
581.5123976394912 796.3835759232865 879
52.34872996537432 748.042968077387 118
318.48699325988804 39.17355274790002 324
458.3604444638595 457.14739613703534 377
866.4012727930703 825.6042820010871 276
92.2268394306337 151.93738470091745 418
537.3010323223817 880.3016855344953 319
258.8979654311747 265.747048761936 492
491.46006134938324 386.991679721797 294
152.21271143553417 811.3511441463617 996
146.901238059575 276.09861985229657 659
180.0058723115653 963.9588895398742 822
403.8192911058793 37.801526434857124 666
116.67438653800221 493.7734424948147 29
524.340890405699 700.7530550655123 386
534.0958661883602 33.02799922010979 700
334.2319151432601 942.3642070016106 369
480.6953097933656 762.6047494896474 963
891.1878992353234 945.6370024000863 674
494.0091035710128 348.50118121058637 36
913.6162854837447 747.5623826180871 715
105.57877431753526 734.5089850093947 682
836.2099335352465 799.6511309970593 974
413.1204391239175 180.17807444278455 696
938.1579330269991 462.21964705345965 414
477.56858895228794 595.066168716521 817
590.3373493290067 489.62902475060446 131
549.129085225796 935.2015437009936 152
866.249763881195 591.9161817448849 214
631.9932338882995 326.0371153352687 253
3.7959273771297486 612.5070605719577 884
387.5195759144704 386.1239343236285 413
822.8140427474473 108.4748553493079 556
917.935637338418 278.5827578183073 934
689.163996472796 251.34634241123842 232
677.5616025333337 750.4663928479819 629
601.8147704115795 800.2322258680358 909
67.93028278759483 927.8615027250871 72
175.36830487177002 40.4359574222436 706
648.4064174043758 6.911610040992167 117
808.2764581139829 410.92890748958064 101
327.86455547483297 619.8375725929042 208
543.6789817707084 180.32682129396983 978
802.8666147590042 163.1614718196991 897
918.9820418416505 634.2032963111814 826
866.1030330571663 390.04488736304444 314
987.7746585681856 339.8063495815137 377
364.880348155735 753.4666848955619 74
930.8132955296718 601.4349602534243 422
595.4799224055349 73.03960704417534 325
206.77948255432833 787.1091759064128 116
793.0806491328221 454.31163496530814 900
188.9487527175543 524.4368149829829 704
238.7940378894975 707.5010253664674 600
2.6550726090436294 292.8283301416226 348
612.7487588236703 713.1471494138432 11
298.8560269754954 601.2532851546001 743
810.7617029447343 745.8345931543126 317
511.4011010584043 821.3627416104403 246
226.02021875926914 971.6886424635572 79
267.0071964833759 664.758366909055 906
520.0359939693919 495.2840830923222 205
147.35628420222292 830.5339971750342 763
966.927749345451 749.6883051143661 424
832.8832245801934 268.4889201085071 759
262.4910442905049 343.90199100053917 59
984.7918268712367 357.52414672345753 323
610.0256047450824 7.0236683569178116 324
931.9146632322431 247.0163810446574 701
89.74202743436976 280.9416554249441 904
57.637015262803295 7.429142222304508 354
232.1077269318488 409.12731486410047 885
212.41885087565348 438.74004526220057 765
11.494718006048954 663.8144734856737 343
557.2024913163622 196.39042041231502 220
851.046037494404 395.88572528924504 471
35.23585056140488 314.9686535725484 218
537.736160338246 776.015363221172 800
80.6088383042256 851.1613922853389 568
841.9108469290123 105.10599992618575 362
114.27021232420509 638.6838971700059 523
849.8212080228509 974.4162067249703 174
45.43240894021716 622.8073123714652 817
984.0894395574485 435.2957145204701 81
879.8464223477318 593.3752104452597 501
48.96536444354549 78.78469823169998 404
824.3755463912781 12.821590797332805 942
548.9668998893898 529.9734787019541 292
43.91286903271718 189.0981905937853 609
186.78536195756678 638.6896644812639 909
209.61448967846297 277.70476576623713 594
474.00161290733655 764.4308472364942 222
133.04558855432768 637.6523840149337 685
775.9070962793606 233.01016400571817 271
906.048418448046 196.92226096471543 527
106.49714953679312 597.2272288904586 652
357.9900567869415 660.2538927975787 39
928.7025118402701 574.458431226411 86
120.41662755159777 999.6364282399544 399
140.94554338331088 188.39166771760563 597
24.27040433225436 135.10330437448536 206
741.3752725380297 645.4952278474077 833
567.1409305896755 689.4690182535544 750
952.5518931211167 784.0248952935536 55
46.83684773184471 395.84223657788084 116
728.5416907395047 730.3548618113475 933
945.508539635984 915.9341012896429 16
653.4416014050678 481.31146002069715 796
646.4032501567526 105.9969353334943 394
384.8892475807768 455.833080023588 563
954.0568231236888 894.450561279749 418
58.703043184093694 561.4243670136196 587
150.61874050431746 601.5298634473536 543
931.1050447548653 603.3648723329818 763
602.7810373637882 524.6266267134437 366
399.95873200318357 636.3817097184194 909
747.9197461001121 639.7921052001763 191
760.0352643717096 139.52940330488715 68
444.0708894860548 861.7187917763538 825
477.6087619189768 684.9791623144507 141
986.2279844309462 400.1611699936694 424
716.0083062684339 794.8698642864022 593
432.48772070485984 335.72559151222924 573
342.2048824021714 702.720691556975 277
803.3421339589304 879.2829178564425 218
332.30682155320454 121.42519437967714 532
861.4726571106811 804.3906046538549 98
371.7222452864779 655.2245069092338 287
947.1877728212486 621.9291085455958 929
115.56231425743579 584.5673078009223 386
599.8470102483633 107.02318736931294 716
868.4046760709725 723.2139166489171 815
262.9527964123958 333.5052022274331 985
552.443829176569 666.265091507265 881
366.98903508868585 173.1887172941442 564
829.2772062162826 637.1106096658546 308
677.2044855763723 981.8595292764484 335
704.9823600481245 204.617752844091 883
71.8077270636679 906.6649110349767 659
373.55113123301487 165.77357182322928 683
896.87720351342 280.8037995717072 916
145.54102410582303 129.11623172685594 557
338.5985123250934 860.5831736709816 751
988.8854359673168 529.7873921499535 311
918.7287843517104 556.2686954792069 64
956.6657825916375 694.12612849662 867
157.50730227275568 553.5400141853853 839
304.18747128268177 924.179475892438 540
498.91575427516244 346.03390260705146 811
712.7020204978647 346.1990993398516 360
470.54665550035133 626.2462764856037 686
283.3161792334846 372.10803670982784 137
388.38487061220815 285.7923724916931 734
193.5899017928041 55.129021982396885 999
367.4743361793547 347.0533019782037 943
336.96976710133066 817.4912377596752 454
161.08930089644892 618.8805407901776 774
787.6887462687635 751.8750420721838 67
10.902113471421782 586.0558895043501 932
8.186556574612647 748.4870091084833 665
558.9404728524328 658.3354165919772 121
863.5918286049093 482.1713583647296 655
975.1328165445783 86.19024242733664 870
411.77231436058725 903.1890288877912 379
835.5458180449566 270.25678279755914 982
109.59304099105238 909.0840895182646 302
902.8940636245536 180.89878698421168 848
537.9651862040328 559.6864151752377 296
831.7197641447698 225.35654611199007 768
800.6213790898422 281.62463533277014 983
722.2507560036984 745.8106903592836 768
678.0747518456577 611.3697813419261 802
963.9384920934332 962.29214986378 779
401.7923637525235 940.9663409232755 180
594.753109273819 846.142898692155 831
151.52357188815103 451.08474723779744 456
506.6359773175422 408.4538391600927 859
93.17995731525386 761.2265169910075 264
652.4184494058482 573.0829483683767 943
870.2626884817782 269.2466169219296 642
567.0294306877504 308.53501624888867 276
956.4083669530733 840.5053874478261 365
11.800123114807048 563.7538757049653 14
869.0276322756604 64.62766520151386 266
194.88990041390298 42.57086363005924 583
882.7953840739923 453.6313399484859 727
181.42635066507762 642.341006536282 887
64.92339246814727 622.0855622943646 632
356.33618106808575 114.91213167910408 779
846.2466065411512 45.4815975300823 804
456.1645046112548 95.72723205052402 698
906.3239523707092 625.545990930632 241
333.6521205199091 483.1836106653783 830
775.3379117111512 526.8621229101482 532
769.2121771277618 663.5380548204943 535
346.9769788054157 873.7002497950784 667
251.6446041330367 659.2727627886853 466
216.5630749224543 271.0127044122783 646
441.3399163513515 732.8007565642678 542
685.2447795201433 525.8126888101777 563
955.7936521346792 985.2861435339478 966
151.74675143174954 293.2336226193141 471
115.04088854120187 68.67067125380444 614
176.96455638552766 944.4857821513601 244
798.7164374061865 994.2053124621376 428
768.8279427884218 211.4888040059968 515
513.6040980916787 432.22224502055474 748
277.55827736245396 661.0565282070537 550
41.467664467657706 477.2924162163381 51
943.484826184252 127.0053697104918 778
665.9871016738697 697.1963761371921 934
607.7411659709907 817.4602754839312 646
304.10189233435113 292.2033075086673 319
702.7263061948887 40.19731284460703 846
435.0415887398652 284.7148514678975 385
864.3226236646344 638.1935663066383 688
925.1170505791986 64.4465868792039 205
261.52636588769883 245.28537268216343 547
329.9177259738676 292.28425119563826 231
179.35213188953347 625.3666869510421 706
375.21286791963126 425.3093707109742 75
892.2690281991543 650.7888911283627 542
686.2872369950484 286.5590423617971 400
331.8474064467931 475.26130594551006 511
336.4704230600983 302.1651735104817 608
161.57794588192698 84.91016851913002 243
635.8058994424586 50.006348982690405 608
655.8172901031512 8.262197588963737 757
365.44308392789935 390.99820159215716 812
883.9013036014974 655.0642416750848 392
392.2407834139562 190.87022920030384 603
355.95518650106106 155.4836177604425 264
642.9852116115575 551.3905173325851 130
457.93686034672066 396.0469228749246 983
61.909210762413736 50.55277032135918 278
734.9026725069955 610.972517422069 19
782.2115060733797 653.8455907360061 388
718.915992275612 801.2918774304189 369
931.4734461837622 120.25318421767761 183
905.5786391752958 378.9043556268949 26
695.9660904925295 537.7416760497395 965
924.8460807119963 662.0136483105634 561
620.0885891244285 417.18437083394434 645
100.84950643935164 707.8488320185265 879
268.86647242691544 480.9479416373159 301
314.8464398996821 878.3085196906748 74
467.25695653334776 898.3458410332679 384
424.8187643413992 523.8273556562496 996
308.2098178525395 847.059470324213 151
490.3191954251046 465.3565563556759 716
7.300237618188987 258.7806177652457 50
694.9450678158752 392.00002387994147 110
444.0327191284892 337.9887252769115 37
320.8616885145428 182.35490362871408 714
792.8647483511241 449.7428999191685 322
446.49486833735017 705.7746307941786 783
296.1394909545083 428.21182786820464 738
609.8764878183679 980.2047595316136 482
204.01422291418436 417.2795444329045 845
593.9824274075307 461.2379210038832 929
320.066658756421 569.4166751313261 660
419.61957434533934 796.9990999512517 626
302.3242574314574 266.8257327295972 890
101.47045865126991 166.4089359355082 570
759.505638267144 694.3849246158297 819
786.3258965814128 81.61719038928206 577
852.5755856222572 684.1836848406568 356
722.2073183944462 914.8161540651713 931
190.2476869999713 453.6514223953011 236
177.09102752034102 813.2086337411866 638
692.1949924843286 839.0479408628131 508
951.4519624211603 618.9379404890727 27
739.2425644907885 551.3041637645092 827
239.52196516621004 552.747164194445 714
366.1680829197066 668.0880654014317 208
811.9272459420852 599.3348444080107 32
590.2501379481014 715.4468929741803 147
115.03509338453487 647.7928247033001 238
507.1978284558488 446.40738036354423 511
129.80422444349392 213.61201277947873 162
122.86682666579374 637.7077341888095 912
868.9351015552749 754.5919754602515 670
891.4970884398728 901.8974057739442 591
463.0608549174321 0.44458106208344894 539
194.83801094182783 29.91818529377921 697
479.6204833354702 830.7031190571458 896
11.008161895761258 99.06019075793682 584
820.8550313388663 335.9585029846065 900
33.29636794062418 358.2911003505926 772
974.7967559114354 55.348296630512664 112
330.1424440450669 521.7279459948644 987
10.410224829304093 816.7139459720745 444
677.4746347804515 449.0971538466317 330
907.1408486758068 969.0885811058282 259
841.3163504490882 439.5930079687572 690
749.1986705013655 215.96303300306886 552
733.1279658525472 103.785330131282 678
992.7898006933817 419.46039969160734 840
498.3300438587649 129.3422329061368 936
588.8416215070571 419.89160445313564 220
516.3917734486636 821.4038703634412 198
8.31183681366554 260.91468774240144 792
779.3925498330203 81.65043423682339 431
725.9917716872505 819.889160167218 389
986.3841049783914 114.59976195271193 911
620.2316272412103 713.6563779512558 266
465.17118551662753 849.0895247154937 904
104.02764812778909 854.6880097366478 310
635.4697632482661 758.4539656838298 948
443.0560659773325 593.0060456981754 31
165.2390286182458 160.54475141049153 496
181.70763302849736 156.44220903395723 217
753.5356905741635 818.5195723664253 666
20.227445605053184 983.2657054166732 241
338.36247829457767 733.2680258741511 733
231.85128364476725 968.3637835595089 103
226.65704555299604 997.7573370653065 147
361.51032706006305 842.7511606980291 982
99.23656741340447 142.73314353003087 116
190.26649613290368 407.5538202537392 883
334.65164563846037 623.2744296128122 209
370.38315159935496 168.93770390027117 254
357.54215657180697 124.7712742983198 589
106.04437750721019 276.15136977862966 789
785.2915491698385 107.90329584328472 71
403.9801708550109 285.02052408486566 346
29.317959510348878 611.7291687658053 994
128.10734617151186 705.9704892380324 468
565.0179258611811 982.5448106246758 721
774.5827391996328 655.7749396878002 935
486.5805970551153 99.14782984523728 745
168.41463881939578 172.5333215980529 801
414.5172146862264 108.41256858630621 742
818.1546446723288 666.9485993906573 997
284.2442643663723 580.0415649775204 579
855.7578925954522 904.5799882057254 351
201.3697698511957 41.782469748280484 571
347.5595492193806 577.0729440823466 751
308.4087439136327 132.09912878238006 478
345.0519709108468 534.7734893641463 635
322.3768683057108 132.6105023093118 987
541.1872852383974 160.32459462399694 490
926.6545167428071 8.577141382284825 641
615.8579435859448 110.67577185747113 7
803.920649207919 46.972249975465566 965
646.4455740431891 502.3468037328537 698
960.3263820001105 229.01718663281335 572
833.9190137137829 714.3530591564281 817
505.695218289876 662.4303705547541 709
538.4978705789833 932.3055390271775 38
183.65961804450671 22.667492140338474 667
910.0801565913985 643.6932569117968 520
293.4656450034201 436.59739476008997 307
287.2536345025095 739.4014688494298 737
55.20637568783593 500.5635140129898 541
281.03200003311537 129.86421993499832 862
312.9776034900421 113.45701055542013 996
66.26306556061989 567.646959427547 636
969.2399489595845 737.3109333885943 165
747.3444570108695 486.8041676596344 221
994.1624622532013 557.1130178528551 308
579.2038050163618 766.6334556857661 706
110.45296301826323 577.6508009744333 630
777.0384961316385 602.6000636552106 692
714.3799645604917 741.651746016029 400
644.2778745647256 330.71206063253334 965
899.0175432676288 336.92785972280046 894
876.0077878481849 478.4187767565263 917
794.7675448018061 946.2859611361187 287
633.0591830136334 68.99616087114902 827
700.9804167491559 429.3280734315905 429
637.7508231978389 198.94198681043773 409
483.4319099557284 589.2823049382046 599
512.138696933825 603.6216440075253 727
478.7980690618515 15.367179453565916 966
538.7406651975497 127.77101043068795 919
374.12655309255825 85.6626647173201 285
91.84204504101989 500.19659201649523 77
765.2775570213939 510.8827400693976 524
499.63129462321274 456.38655249923977 905
920.0790999618688 208.9593569258723 756
672.5487460164035 869.5049628451557 379
803.791056313069 950.4355966161271 355
646.5303673596179 397.8458536255865 505
34.43093430391031 444.43343196060226 754
592.5616536109516 177.46967824182315 206
478.69495841049115 885.2233571570157 242
204.22208376868346 844.3424071146253 684
73.49523972951954 445.2919790817198 599
574.5215840774164 806.3342687294742 76
669.2543102740935 220.0586656585668 892
186.98573895741632 178.97184981448876 582
939.8138921875875 409.4649035454165 727
607.9346884105944 109.7689325636485 452
19.663115043177083 540.2260361943128 149
405.1552312142045 294.0645682887507 225
787.7297901156478 12.480444782898669 271
261.6320179482321 568.1527050982801 916
450.2881515912894 110.07743415306403 435
498.84884253820604 820.3752723947864 283
398.5708422499983 300.6640194050576 433
62.04839859061484 372.2703304075021 87
2.1458100547621095 855.5756321368374 986
460.34051071429593 617.154562951103 682
787.5678440729616 289.57072719398815 946
405.2392225294374 678.9242144991388 587
784.6405065479777 697.3088205990405 393
644.0066133238678 309.08490824202096 828
99.68312207698715 794.3066576437441 458
239.03426521216699 642.2583375421658 147
737.7105340217197 54.13086380132137 842
815.2927448873584 589.1726946875115 265
353.1972626777625 670.1541265036209 746
887.1481499756858 155.3048522951589 818
100.49419377089208 570.8547652408263 26
220.38076919229488 883.3730984764971 678
854.392302339366 146.26860562588374 318
381.06025478874193 552.0354667499348 627
432.6074873752146 685.3337661947454 664
746.9613677342064 417.3082092632953 953
56.82821009278949 760.0876216928599 387
275.09924417772777 778.3862595015104 494
886.6567988426301 595.0269016136104 716
292.38392169238847 758.1224309964895 23
759.9336154454411 934.406978421959 258
96.82644956607189 147.73088450867633 680
624.8635790536687 717.933671669807 868
787.6537692386074 730.9586400590457 714
