595.9421685695471 782.8512481370302 574
750.0188881540298 45.02183221092526 169
197.18755800426712 688.2270431650991 571
619.2571453765798 600.4235622282138 403
418.28917105745825 82.57627347901331 117
638.5329542432678 183.70870746459568 633
846.7193140385955 447.31404793208475 473
159.86126224893448 734.1118429649454 373
202.20063544395273 559.4602509429267 547
445.1214671625905 240.3012261284243 683
521.5586372303654 282.7265377161773 763
25.815526426285373 22.857582377801332 224
632.3219419551433 789.7277626549774 411
939.87708500571 120.33786427372095 506
733.7454812375005 594.8371769744269 596
70.74484546366344 665.3642326851091 390
277.77758181462167 569.8812614257141 342
414.17099385118104 852.8726397082656 591
530.6025779142906 391.8905344019672 353
850.3544878792225 350.6733366249528 356
269.7568801576692 970.4196638114796 950
823.7612642981403 507.7675123758978 295
994.8419210834891 728.9672053972961 102
915.6968673702146 434.1906816058555 877
404.35754396120404 541.5982229069532 853
195.20548854488328 697.7615139561303 770
789.8217357205552 30.45920816917336 652
819.2903782210277 981.3753547924185 75
340.62709852312 211.64567456865458 848
30.485663720610457 452.465288487505 10
582.0098664899413 604.734234562738 760
301.8999165549323 146.67494838114658 866
744.8773616777394 708.253800379127 579
635.8139992013555 940.6241880447848 448
125.89443473434747 33.94251145086824 393
756.1448371000585 692.1536408833251 210
596.4993117767715 84.45580171469757 376
385.1481108029783 173.4728353569177 693
352.63888930297804 642.5954737863328 671
610.0035600881878 888.8955340514718 98
46.58353622139999 61.86807892615065 707
646.3937432020753 366.081366860425 566
205.62031182164665 122.23010025470337 678
259.8995185143622 594.498992773744 616
533.8085422566419 422.7792375555627 226
199.2474455904024 804.9694254946644 179
452.11703468286447 379.45519476059775 660
333.87907861203894 301.0068038837109 541
943.4104160007569 800.5382285006154 455
373.9049762407327 664.1008860820918 122
90.84820277667083 737.426014251753 535
34.30741459398845 714.0634184016634 785
591.8053401376118 452.37477724767075 275
279.5695435332589 428.55248216942186 545
914.6430563961139 7.825660949896895 390
106.12559984401993 468.5815513351603 465
404.16056048293405 84.62794328036716 317
896.2188303659983 799.0461276783602 314
302.2491190623234 626.0016066065684 17
539.986047799173 723.9397089913541 841
331.60328067437126 493.6049825682796 854
667.5273296953588 830.8242035039019 956
999.3872190535385 669.0349953077175 875
816.8086853031602 662.3383750053091 218
147.91297021762693 219.3317931787654 602
476.2987412603611 591.0485069118154 658
785.7423258047846 62.54834405750087 954
197.81683181368237 296.01076954911355 912
906.8927076011535 887.7766353101724 937
386.2557153665638 529.8199300424517 175
739.0783123246175 46.975644894014735 471
242.96897084244483 83.41307238019591 940
802.0695612229628 249.91556395422177 975
420.80739651872545 975.6162647279461 685
723.7150844368456 53.65861189688115 293
231.89484012006378 431.1048188932255 110
426.45760607864315 504.27368799328497 917
936.592248976365 720.9688849283515 704
881.9409654965785 855.1723769757814 590
39.922464193857586 865.4172783145552 729
48.663103095759276 170.81961491707466 795
283.78382196436127 984.3636056943378 591
25.8441563026367 806.6247365237939 47
997.6584045656266 313.79394555952456 569
98.5635994255818 604.4753564551289 266
856.9620627693345 838.1209216400747 125
433.66156526631437 147.98035574224878 522
851.5935067367838 100.30849566137168 371
847.0295857164014 672.2574972515695 579
277.474845948503 619.3234236745903 47
797.076940768972 638.292758070727 711
632.8828205443015 296.39118495814455 270
270.3855265172966 618.9689316535727 837
78.96468641009002 401.33073557118047 112
570.5652679553724 387.13974261315684 123
138.96227456177445 50.70233766044119 349
480.86932065172505 397.64545345610304 950
385.46984570243535 552.987770296487 773
481.83787091997243 375.44965391221155 711
392.4347572201116 706.9275380016625 993
26.51222840701406 520.849187298121 916
374.9591242744774 7.672435907527864 176
785.9675175443242 523.7055286382738 430
984.0236463557394 645.9726338570384 594
192.2126527725052 300.113088282705 849
852.825955601558 871.3782909352343 263
465.42347343596543 714.0899099149698 767
712.5051753907125 690.8672081696085 471
611.568027603858 240.12617054578257 703
633.0803107965049 957.8909285179276 18
637.5089029019908 200.05404162342555 609
403.9140730118677 560.6533447095495 115
681.4721740159348 818.2378899435524 663
36.947406111991654 254.51400250255773 243
119.74338515017425 311.5739028513559 12
162.54918093830062 460.9467738338555 38
55.509891494001316 197.33440555602567 118
967.7536470086186 879.7016599555518 103
749.7989005562692 535.1606310760988 229
425.9335728684731 426.4520173012354 98
509.7900475520001 953.1528462850579 977
663.271127403885 437.45948948258183 104
83.16938291140652 306.7828740603022 489
479.15676505910545 595.1000239399375 435
860.1855862769875 938.6618020666731 812
849.7571483366885 596.4512879016539 365
264.4823704743007 650.950645109636 821
321.8850348456843 409.22890755520905 884
299.3923042493446 827.0142553087809 533
431.5210122156502 220.66981887251848 259
105.63867485689127 117.91863534192615 213
974.0119902487069 910.6974833148482 203
125.99284182485148 618.9859375385848 846
760.7113282753367 163.48023532346178 33
871.5075065698223 412.9718965454396 62
801.9995746561024 295.2528849459808 526
249.51425424712326 564.0311476951314 384
615.2989185497389 58.46825471906669 557
713.7888748514049 571.8973794379423 919
346.7054353996402 942.472736345793 975
637.1778215305812 964.1774517851709 881
713.3151174152902 806.337145041168 991
259.8873334613254 526.0232240721589 995
205.34271845359842 914.549330727156 56
441.30648908596504 218.6105162519284 451
764.6205872007962 268.5206543592162 276
352.30789821621454 732.5087997058029 39
348.20930073475586 60.52139903131759 834
927.0796789696286 322.6343439462307 488
668.4671630625013 237.4354733800953 643
491.92540457783565 560.4164999215707 582
341.38160045266727 78.56517109133054 961
722.5286778584253 488.31772268823704 670
265.57813607718185 753.3716162331424 370
296.7905010102588 781.4670242611801 748
757.6468134908642 159.58011711898612 744
327.49794433738253 128.11919462989187 766
796.7111288080869 605.4438563915389 629
132.2911224894515 853.7154768432003 768
950.5472308322043 119.17964431798312 682
964.3615859396685 616.1122205893165 685
769.6160268941552 944.4238131864192 492
147.08082915154586 520.3695542084916 308
261.30630417280634 762.293785935347 446
668.6201812180866 726.5399589624152 500
514.6559134034427 211.60094636402005 202
878.6145988727816 906.2397079984935 730
458.1804926698827 989.560727156705 567
55.066717264301346 871.254663448279 217
490.2582805208099 583.8837289295942 547
353.8429249029145 221.9679691238653 280
550.3734438848957 506.97826149653025 232
524.3908574444825 700.0051452566813 862
913.440678326032 748.6625247226422 416
78.82380386168286 849.4142730099611 829
982.2722322165447 528.7663893911017 762
253.73609002598806 22.79914629943114 620
923.7337651915751 594.7088229711222 307
685.4024021020966 326.35568296125206 955
25.794602543367297 159.785517467973 688
491.7357894914176 179.4869623435641 684
643.6612969790925 288.8713080006215 235
425.92045975556226 905.9230551996449 545
316.92905711049735 862.4582029726943 712
862.2768715431029 374.94715022292223 713
879.0628946595403 993.5624565687456 907
841.4692404372507 359.46440817476264 480
559.0077429123272 339.4817313994235 886
9.021340742206174 124.66231068413558 988
898.7873385058351 27.812263421866824 449
547.9332351972306 694.4049622876231 456
989.3363983683593 617.7254158457205 444
6.4453574542702174 466.1612929318401 334
426.0095758744087 236.69920973667803 218
885.2468295514468 929.2726835729625 287
13.880975360153203 243.11581153429353 197
953.0773101536515 552.0484571339059 533
482.80083392996863 524.5795927370056 962
881.2414845901441 567.3171257120622 520
788.4298544895914 741.6657500964395 467
683.0893521450711 159.26466673386864 668
998.8186373949574 227.70332932828552 927
190.31459244206818 205.1752046596097 808
374.12374141976613 862.3584221740473 83
149.16490250384106 698.024202462764 934
643.1234042902724 182.0695761200698 768
866.1928795174241 441.2277592346534 683
837.569495037466 461.1769672933492 854
257.02318568187 750.0678477273188 397
853.270851021879 147.25892710561573 235
337.9923064226167 682.6902156996979 911
935.7931545668162 101.89507503333262 323
424.59288127515595 283.6552054080468 500
936.629970962715 713.8429892094081 232
652.1298114496001 68.41160449401474 932
515.4367376877598 348.8509919717917 437
759.6525811732165 620.7345448443582 138
972.3830577831866 325.33632810379044 704
683.9932242933261 553.485524186401 369
105.81565816926852 88.19165698954757 752
733.8975331096067 860.6338104195967 576
232.9671070385243 934.5997074304739 875
209.638493666791 436.45296939935116 878
532.0381410346035 195.0603975237899 664
97.32517434185695 787.8979602953164 317
832.0224689114552 867.9086036922831 269
318.0451792775787 67.75044578429367 155
155.16676988925303 176.0283968972217 819
294.18198017199427 731.439214738882 9
486.4939398647659 43.444034279585985 395
745.2087270283163 611.3925315611364 121
687.5466186919991 113.76527824650418 731
16.80455193658881 992.5596143806807 652
826.2395587879635 454.0370426045978 504
403.17036138186813 38.808817332463555 426
992.5235682825838 826.2573634724441 122
870.2949104629893 351.4582719138358 86
178.68210777914285 770.4562957512165 748
478.3707804833032 301.3955700095341 498
257.1416481689598 76.38058617001874 226
30.385889867072912 202.36325168854142 968
541.2697776290672 913.9288285082259 944
842.649267558981 882.3929563453654 640
75.33000373410492 146.07775472309137 154
349.1652953309031 621.0039253507989 535
757.0819133127501 823.5105567454098 311
383.01769628703295 72.53767731275029 194
33.13222198097942 695.723205860539 924
363.5948897804513 471.6541993036216 845
961.686866706247 717.3735160948607 853
159.2461836598902 366.6155713956608 34
522.0868968660286 586.5403111643412 112
289.7755114130147 728.2907632286486 844
696.8296393608186 805.9916500656143 104
989.920962032593 553.2135156816173 567
623.0949957635627 959.2491722027927 737
259.46473720174913 538.360291375345 700
430.5265596970449 373.8108643333249 116
486.92635834659103 733.1398064797739 95
762.9288266542072 384.58932160209145 730
805.8350343227704 165.57396208385256 576
905.76562200682 12.524041204699966 246
632.469446831742 963.47798985722 1000
937.3563215384337 625.5321267914909 558
664.7698820751889 279.06600022056926 142
697.9016792090624 53.422345208688384 8
837.0922005344574 902.3205782906045 156
135.282514304377 360.0371090652685 86
592.6630745358169 843.9361174880673 300
821.7529686737312 190.67635566596653 896
890.2809454468035 714.7221331206152 468
256.1609133878796 258.70489439118904 353
81.16495004981749 882.8853867463338 389
858.6328444145115 184.82506192029115 374
427.71911584569835 53.20883077193472 816
390.6731068124526 316.8895057295094 991
27.850433943970355 279.3326219585478 432
826.3830567411804 183.8169385760675 930
678.1447434009791 829.0911312479719 634
408.37270472980083 630.452550552825 658
786.8696724185015 311.26352620715534 167
778.4807319567024 374.00932567964884 862
992.6985712624721 682.6387360621164 552
679.8461206288215 34.896693939370785 610
921.0669927795168 57.667750619520234 604
187.9063428626112 326.079752097958 644
779.1195810658639 930.3948759094615 473
845.2053255761871 326.98883222576524 831
387.6468644787809 106.49827813050128 339
809.2934613739707 279.8769410926869 680
590.3209726749207 49.893020484583 139
760.9127660680589 750.8948547555035 320
861.4345577707782 695.1896134812574 724
172.59115086229738 522.3859992048046 446
160.99023324522489 730.9815744035634 372
924.6365249081364 75.83107867698725 303
945.4058885531587 509.7969401755748 459
507.73370978144607 97.56151414131241 782
199.08149938602992 303.307286835639 675
943.5571839506468 223.4773949837374 945
258.6842414942011 623.8274064377524 487
743.3144961122503 640.6323429562738 850
843.3442237332722 365.57768327802245 477
380.99169504856144 472.4601234056296 705
429.38594866254397 906.3942657064172 686
648.9160273026174 481.48147674653217 954
937.5944859042748 537.8823321520464 736
976.0272780815046 333.0520142924247 627
249.53605605708483 778.7404993441852 494
678.069232144302 412.9271213405569 435
446.65369521772504 428.70966989707324 266
474.31527824253385 260.8219141427953 907
884.3585569307623 826.6404654733599 236
585.2079198802905 786.5259633758346 682
246.87402226334697 906.4733083887868 815
174.90495798169593 770.2930640691893 758
933.5730885903132 828.0848626563493 691
363.6570643153985 607.0470230330501 634
361.9250719340283 120.764036796555 9
63.2989252106837 741.3499026338699 361
146.4432496597482 257.8547696922626 116
702.6538965459683 581.4649462551589 375
423.739975974183 937.6882801342568 650
326.88593947912125 344.73029606853447 249
322.89208540314394 411.71471155264913 67
241.47461305520136 680.3909894981207 846
522.2645760923474 194.81969295643987 188
936.8488101367104 862.694182124711 990
641.696850240432 224.19271356794368 606
978.9023744777173 130.0439405643713 528
443.04380658545426 402.9682260415297 42
413.165899629506 698.2505111063408 826
741.8699031799937 862.5431249135875 580
212.75967341782743 337.5064560069969 138
514.6588265241538 512.7351533104942 817
684.4284215389966 838.7630496748992 884
434.1497087050714 43.00306052707648 381
449.4729066584848 120.58131075345347 755
650.8938874008152 770.9948287593041 296
851.7645023284664 472.5061674231658 604
393.60976865161234 870.7590778398354 245
201.25224995364087 333.97465539554804 902
379.52534782596905 800.9408162095868 654
453.05486502379046 83.85207850548593 5
256.81709249540785 931.9164236204283 354
766.5325052337965 841.6542021231672 413
95.11298070215513 372.66115083417816 471
551.5105970142057 800.3277038037512 916
648.1528519499618 952.814870079359 987
498.96752509179134 958.7080314774852 103
488.5636462856362 855.7957500218175 504
310.9616696172404 815.6913904139076 136
237.8210819596226 436.99028136564567 751
473.9944052787023 438.6632318132599 88
133.33162175997748 474.7231697307193 102
870.395099601676 875.5309029252793 437
214.52976459022878 703.8971446656992 531
954.2853873802632 368.45377665297497 557
102.18388391158828 380.74866757166035 831
686.6681342717511 702.2842647643299 734
485.85701773394374 168.5605963648019 752
59.00645850156283 215.10184230486195 107
487.3170177207545 782.520783990235 947
790.2071604491605 44.33322484791569 492
890.8383963548263 773.6713569570775 524
126.86434611975916 15.112437488188801 475
193.86269498543118 57.96445400602401 499
956.0459777463949 938.4607921438217 770
838.5582250950257 157.74002748588956 190
371.5871577422757 785.5725212048228 90
403.75028179367854 401.95186490075406 15
451.73906065848377 136.7383496135679 19
199.11251650582352 603.9888458310066 584
893.8361158919635 842.7288222603396 474
19.074388638145923 895.9643629895747 868
556.8363641181024 848.0780299218762 104
252.3542130601013 720.390728485938 771
800.114652853483 51.46159019439911 279
818.1759203143027 751.6069971487557 775
902.5482971884674 437.7853172251821 37
537.2311910257431 730.0908863911619 135
531.915187287018 429.58383763005236 172
455.3986027457916 143.59561127800413 325
918.1941106100064 975.7330690648309 651
362.2777922753426 280.9622778133086 949
929.9280920176187 630.5445992339241 387
522.3913833321296 974.7233912599073 590
726.9726738761599 608.8692549688568 858
611.8188195687039 338.7225577018168 414
850.8891693538372 186.25383087794057 221
655.017898570714 328.15642696759573 254
492.2412320722945 628.8551369545523 713
225.77390766433558 925.4715476936817 2
767.1933656801159 147.72715050871744 59
447.4373886313533 288.7350571160101 296
452.45907861417555 465.3358638733046 634
141.74400834424972 495.30087280495707 807
489.9058623328314 607.3700242565884 49
232.0570093245723 245.85249493686746 794
606.5399109930139 831.283078430521 97
693.6265723764013 874.123209883927 82
403.0317838529226 653.8904504481817 440
235.7055278129372 15.843094634902188 307
149.7208254380601 164.67655493173183 919
260.4755265886184 790.4143324371923 484
854.0610955196773 868.6964985837823 726
438.0741754799302 896.5722485909135 14
467.9018147156632 265.7075160994744 383
568.9724179165303 703.0691375159647 801
541.7240074074787 910.5930079099869 318
737.1423747320408 149.81040252340316 140
574.2732077717601 822.9594955248799 849
717.3890934363211 372.9831995600433 887
334.00982114504365 357.53445860390354 777
894.5768298867669 558.879891551045 885
239.62251611326957 604.510454120591 939
600.756962842306 188.808363213139 787
460.0306087058691 892.6196585304369 326
748.3755126991472 481.0824288034271 951
282.88991061474 31.750070982112465 342
51.11480877306984 409.70100281948453 384
106.50554574672533 481.6582584465138 906
693.5876177887012 772.6207464173905 759
181.97748458423 106.3907652851741 685
868.4036004048739 554.6004871807233 641
613.2580035735177 168.10467096876803 786
697.1140407248952 125.49894225107006 60
506.58584485411484 981.7542950496784 555
615.8033086396393 206.1849129456502 165
691.9057540983254 331.1482618576195 976
164.790488404411 952.5552550582454 442
972.8691805637055 768.4302660516747 23
265.194261923433 26.236116440291333 330
936.4089563731792 693.8800207404975 400
493.4780684363119 709.0537778274374 743
80.84509473724388 696.4187598389208 711
607.5343343020859 778.0016765398884 118
170.2040481569551 753.0755632339562 462
517.7402502167138 561.1399047277291 388
127.32414583080353 872.1691606431823 547
63.41817921195558 951.7190754737048 888
226.38899351167973 804.2164165693707 709
559.9620729446498 930.2523728632682 874
729.4819872159006 909.5240644069825 750
85.73176922194747 136.6089936002709 432
546.0693847899673 379.9153422196706 323
407.4567218308306 450.2536363782219 920
75.04514510722193 98.73075521302654 385
74.0561380658582 420.8570514283648 610
319.38960473796385 491.1926586749272 460
414.5566391732394 743.4358271762384 589
445.47169990873357 920.1889030018241 919
250.494972704975 758.2723443444619 99
820.322658458927 181.93679168796595 276
242.20661043085258 927.1567288361376 240
121.75610171533313 277.57142313259556 257
127.28354713944535 44.782230447369955 438
929.2323165097092 535.4110549344404 415
658.1541285966928 174.05872096073048 274
71.56531250933895 65.73572229126745 257
109.4581708805289 607.3308121071206 509
508.565254903793 660.7202657658082 514
278.7457970273607 623.8457297439699 578
48.73010414695755 712.8224027914086 568
79.93877819447349 85.97769718983206 386
716.5485235734003 377.59219692555934 557
941.4328135402945 212.22036535900568 279
678.891461757757 600.5229472414569 739
530.6053492118002 894.5610222520373 760
222.25888745346612 160.6690789148627 318
31.250571559182205 792.8179684782872 306
474.58939600031647 903.2315931170979 524
730.6381594862189 247.47554833059482 761
208.93530762845515 905.1084990898497 74
378.54242022738714 216.9310576399026 153
572.6164644020379 682.0225091303341 452
475.7873934339737 417.7543471393861 443
156.16156529745774 601.8395135227992 212
698.7891270720131 541.1156771333727 766
405.9749902546115 25.991986359128806 929
808.1102824821547 542.8079641385815 36
366.94467397420163 280.10645641346355 751
100.83448111375859 454.8002012627356 267
603.0761478801829 909.169925265692 624
602.1781933106491 695.8818481872868 252
410.32056885571643 964.6765542802161 948
508.29208320048 611.7162896877576 780
355.51252435615555 255.74455106324544 118
220.73166740385776 306.2753784220396 482
540.9937979836116 864.4736288059579 871
543.6289403070044 88.51986662046995 407
866.7073688392575 714.828373763907 394
395.3923069386094 520.4559990789106 596
909.5445819620134 610.4657246412435 417
438.4412157874321 64.4518151085497 993
234.1712561231537 740.3017307452953 545
398.0175143613386 916.9504990069066 813
107.37225746467816 555.3332844475443 72
309.6267989096347 127.22173865718356 822
160.89878290540017 598.8108181978748 978
336.3157327012257 677.2382902927217 660
64.26845973314887 67.75975676397638 550
749.0229490547365 75.9922823054936 949
621.7368899010871 328.15163211004307 549
658.2652499737814 335.93815666896944 45
453.74996159418765 151.25395921288032 4
102.73572219869042 818.529258812536 343
690.3099404212725 635.9203553871953 648
738.8950108685146 279.01804384843956 580
406.67137670887297 625.6565983819431 916
819.7029264158849 493.7765869069072 487
148.81362855322843 509.37260828900077 914
301.01468574269575 793.1202925402184 519
490.3655965615906 618.233125558434 502
474.3824670285802 531.0189223586973 868
753.4075534805474 367.8923322119875 180
144.56294941589874 827.9135644096768 493
125.47121619511303 884.8506865230381 713
405.57665023401 105.6771823466911 398
96.13720742410447 266.57402008236284 770
81.83758420014541 138.4699287642628 992
461.01537671989104 252.08984795614708 58
382.7887445371458 526.8678654036364 324
563.1645055098462 970.6818704406793 65
509.3904528102089 467.2078498872523 594
198.99980391655836 381.45013412638065 142
463.86974282207206 366.66668850546233 897
463.8887729230532 536.0126568978842 727
835.0967768528938 3.698831800991176 446
121.32254579106483 767.1573103522975 615
745.5093214370536 748.2102722584228 96
466.8053527156677 608.2573383334186 192
228.52848373209267 940.0209494567234 576
955.605704769918 504.43020540247306 211
2.2349058371465835 6.869922748671375 140
857.458550866223 730.2587930611234 812
808.9407749820093 526.3148434664785 630
553.088157953485 585.2992019205384 878
518.3251522696324 40.7784788264759 606
348.88707300018365 832.9408772530879 908
999.4426108515048 724.7874003311729 102
631.7425885071701 615.9405972677545 203
207.1743283980946 595.3689783486278 656
783.4750518659383 798.7827373888694 960
749.4696300605857 947.4358390069591 487
21.027389685015496 513.7583162056634 37
220.1472033170344 301.35117800219246 903
208.5029230954736 536.27137168837 648
14.067375935599479 859.6693788456182 221
456.482515680388 321.74787581684086 360
905.8062212103957 647.2465494612699 408
426.15853803911386 356.9959157963615 359
183.54553885649506 477.44177941164503 261
246.74878258335275 10.503955135380604 159
233.23264405949473 825.2294223935371 631
424.5993602922086 221.59660339043086 673
997.0197273450764 864.0301847405735 468
720.7529855409732 431.19951374610264 805
736.9870439815438 940.2112882859769 634
393.3285664595393 969.9460368237361 372
416.5543879693423 843.8148851487588 922
660.5718879018501 254.20442181116687 518
160.7430064134082 679.4039278899597 872
558.1251652603057 197.91574705406535 646
995.6176405919475 336.5493014324165 704
112.60750453096335 972.7722289033497 14
448.95069374713836 20.421997376072976 857
753.236597313506 987.9159171997395 202
563.5187370475186 996.7508236509887 96
113.73901457640967 115.04945735027493 503
637.5268177512054 224.62330186057798 483
826.2207972370982 67.61101698902728 994
749.2063015362181 72.20603833334683 577
193.15199878231348 897.6970968994339 111
381.5156385235093 994.8368563558284 818
197.0115670105612 664.5556071679545 276
360.53904144114966 690.8673979408285 749
484.4152458569466 432.2332678410814 472
79.68993004413893 706.5938308420559 866
694.1480253712391 359.9829241761047 905
548.1080931740324 903.4365415311541 67
762.9123355647266 783.171774324619 988
837.6429612765901 740.0199264803715 324
154.7421730730779 394.0209913303585 399
523.471634848098 852.0749161341997 225
327.0664560013762 101.03083890471221 854
751.4434404650383 129.68660292382904 368
406.45643061017034 220.12387439026116 181
649.8096953154813 448.9769043859021 793
594.62260651475 632.2893842289382 985
530.940295709624 635.2835800994479 222
889.2818383424503 38.470568260939864 233
156.87633377342146 175.459957202714 104
520.8527082883834 478.56014449360305 988
518.1780778475107 709.0934681230384 322
907.6737338729924 392.12303686363157 346
403.14057184866283 723.5119614884578 259
978.5166055781191 71.08453641076484 599
669.8688956193948 937.1315533828201 523
457.89242330639837 124.4978960728882 283
973.4869195930168 689.3725403924501 872
254.635978173279 48.76042957418147 972
997.0628445230135 631.1394444713195 904
315.59903071142315 456.6745237774674 123
411.78501802648935 999.3677417954564 419
41.880614342724385 219.96389481431956 564
522.7775330947329 844.3836220387153 477
428.3277948775207 588.2356069257817 548
445.14752974297755 290.2565434375492 554
754.2276095058013 661.4449122645832 826
196.68776977395763 233.68431922625365 546
196.8950881909952 331.01913284097117 953
920.6085919805656 584.8343539887924 835
54.34556381831512 836.9368039924145 786
579.0017388932688 412.6884251877303 994
719.3608141683571 274.0654783322999 511
696.7367032852331 684.4522122993426 698
772.6924815186369 418.80496160630423 49
685.388605004927 84.55265782761145 626
388.41624159874345 163.32770059490954 864
554.0457229721696 964.0920032240939 503
771.4269321829041 957.2914796283426 352
938.6229889955004 815.3241860393106 990
714.7978428909737 424.41230314298815 958
637.3105025958354 327.42260561720184 17
754.8716610803646 26.63856189839864 112
953.0183057900526 391.6968771314676 813
22.861766960641017 752.2548264202958 210
752.4750466829352 144.2953033717118 5
779.3565286047742 578.0628850344215 519
528.3812165959336 773.9490942670914 648
841.6460643951838 759.9648690099921 406
283.1942535801438 882.1187402810987 625
78.30958521422893 64.96107655142814 737
362.6100008341447 866.6057815407933 570
567.303789534324 738.3004280850947 831
349.70638440850973 20.991309495212107 262
644.8754750119309 909.4230673038629 4
660.1298111856275 944.0888769322181 714
660.508489132162 168.3370982828064 931
678.3552104478094 900.1021883447332 679
652.442605696771 475.9941649267392 578
215.62754438099617 394.6874207185181 848
947.3228792386213 111.20583453933874 218
823.4948611417708 312.90828854903407 355
207.2993485698825 676.6399422733653 754
24.720760406757414 568.6045989347487 397
459.4342828861989 768.3603746558753 17
853.2885209979046 168.5056325075124 401
311.7820254238384 432.52259455522824 97
51.55259640318255 279.05609476005446 962
892.9581160663646 219.1819237715279 186
63.415832922055216 319.2275070639635 728
728.132764515922 713.0332937877984 949
113.58387267944914 858.5360554865276 714
153.24592367537238 903.3098005763894 398
471.05612256680917 681.5350812613673 587
644.1539308194651 32.03365745699838 658
951.2044491757715 662.1335901963791 707
90.71653850911399 9.892516910374184 627
46.27863456535075 304.4888488952557 764
680.9969490325763 721.3053875395638 741
590.6923728674624 889.2263438290867 465
780.4265335228475 488.8478705940844 826
457.2812524262294 716.8391498859361 133
501.9189461431558 199.65773596977465 894
301.43750488128796 566.7767501344206 703
181.66898948591825 128.24130707582438 285
206.25923642860556 849.8812005160324 36
513.0722461840163 516.6675351018986 73
123.19933504760061 380.18689517588024 80
952.4475722616413 445.70188994417316 995
226.9904908601208 993.6265320065132 879
868.6750055440219 937.4223270998054 363
121.12746798779183 407.7627676296721 248
209.6241663577667 571.3740892125973 10
829.8655061307213 740.7135897943285 139
60.5630567391966 701.0026550153617 921
471.41261778697276 797.1584428568555 687
283.18561967656655 465.8802955762872 994
462.7504274373576 143.22081176738732 106
227.3321253549292 218.59128673879093 26
900.9734455759099 418.79468655442986 308
289.27668804766114 806.4734349629415 268
530.2001827096923 89.97267553611599 184
957.1103811558958 753.9510797078194 138
959.499155142825 909.3954654124179 217
56.00103549227909 13.01483930976788 657
503.0001217080312 716.2342612846087 756
107.25046482118728 762.6153658331878 666
962.0695069684672 963.2895921493533 677
882.6402349519999 574.665134284404 337
423.25923799643317 473.84760463151554 633
969.4833158730665 438.0910944256017 925
240.66126134868392 657.3610262729625 109
272.85641757386446 392.5257510960718 150
224.62504283623596 34.37987295588485 674
100.15982418768299 396.2350864332622 498
357.7980385972194 453.0887442306183 953
47.26444113556505 290.12673664493684 616
962.6522723997406 319.8182227475833 321
497.0279581291135 53.25012389205275 63
460.1073731176001 1.9041900266846268 513
807.2023223701542 503.17690919377833 55
926.4597407727526 111.00987693879193 85
266.68763483055693 670.8024113373923 78
445.61446156660156 785.6753342299434 883
246.9822418433929 683.2027337713889 40
584.3390579458161 405.11164687470614 394
383.76885133335594 102.91035233197144 568
993.5151042133192 498.7745043859676 966
500.9573683499066 475.8831146243376 338
238.21549852492086 642.2514678531838 992
437.6413388071502 576.3221719712333 327
372.68430142681973 470.6837821018648 57
499.2736678050936 345.4425963391936 441
276.0562136792532 0.9934303196308392 793
267.58756821912755 639.7824924521661 19
340.4755314025911 641.7335453671487 461
317.0785701522145 153.192219770533 248
454.8897050385364 486.8997939130284 750
331.8233113959397 712.4488051003136 775
336.20507099758714 911.6922743216807 517
183.2664343787459 614.3022311648434 689
267.6467185352128 784.8514038797933 21
897.9864255309049 748.5363644544319 876
1.8047206922210401 247.57248833434386 259
603.9454110546077 304.79812813926264 899
86.83881631078904 29.02761748547633 66
597.1311739003212 364.7724222872872 883
137.66984814740525 128.4451906418379 136
902.0797171244686 569.1854502171199 512
330.6008301533515 627.9292755980892 205
294.07034702044854 618.301238818841 350
801.4398308024017 362.86231746248774 625
353.6422064953754 205.74035458027308 359
83.50767283384909 82.9912907046918 687
993.4129535014113 569.6698327375321 533
634.6465718247249 261.382883426206 529
298.5852880959531 568.4547950452278 158
830.5277404660948 137.85858710522535 180
966.276526164791 67.59374730819911 252
4.732829198234034 707.6084767259921 317
98.07497471509086 17.919649684779436 388
351.90957110665136 570.3760278205415 459
525.8184544424907 334.3787490203087 35
946.5753531738118 149.62646737485696 923
956.6934748624477 93.46082155182023 461
370.61047538306724 195.0469988239578 291
372.4958526347092 242.06565263861302 837
276.9015587380308 51.006028427752035 184
512.6233948513012 775.2177801797401 911
219.4632220697206 470.482415832562 298
50.64294772959188 180.3832116260582 884
610.3981070533376 320.0173773221021 320
332.11850551691515 401.21559882292826 342
420.18059261637575 733.6407527825347 154
146.38708609934415 10.06423385453381 281
484.71384232228576 192.20184623192503 360
155.6704028817818 438.9629203518218 941
57.78365795925644 501.64414443831396 34
411.6566553270118 69.7760722541022 347
448.3726385503155 485.1564449309763 411
184.55564048818042 953.3940348974922 657
210.33550195908347 88.82676280349699 112
234.71115455684077 609.8921882422298 186
73.04234577673641 873.8229329548179 662
57.645650784962754 56.54479994900918 245
141.58028890649942 424.9496508061468 390
104.0792062846737 189.71923081572706 372
790.943032995388 289.25533684047923 730
443.9599557895454 57.32162161296195 901
270.5024070707375 514.2808225698842 145
865.172088438416 306.97744346391454 468
928.4305624500568 574.2017807115049 165
806.7463780936589 258.1333113162343 407
541.1325463899216 443.3466284154457 989
805.4314961840884 789.9349601645142 105
320.1587489518611 652.2073725138821 854
233.09536909196615 389.53337347478634 17
728.825910235151 126.4338152688097 353
378.7101886022853 357.9316096343672 57
714.5691632443061 189.66289937597435 570
340.57233044063963 6.375103139428018 876
860.0752563920054 799.4741069547413 720
393.5719190080822 131.8652173082575 865
834.2209679834231 485.24754351262845 594
760.9210016484251 340.2937700223049 369
946.7105275278863 642.0279156068248 859
102.98081565552842 21.125369945915516 641
131.29333165375456 192.61169569213598 823
244.99846235413102 502.53025658990356 737
18.61786262720855 238.1634519334387 137
63.35479740155503 331.04713206864324 287
968.9931228244808 942.1983758984534 508
346.9555992083595 174.68224213737227 246
168.3453828650102 778.7514226731611 410
297.8278341867242 851.174863624743 429
592.1133137081164 992.9830841018501 7
364.92288467660075 711.9294995365766 506
749.4199674106815 361.34072434118616 778
528.5127963753566 3.4289424780395983 896
928.496186863159 586.7948317774741 389
923.5344193149352 843.0697034762106 461
395.1530813142471 659.339923456896 292
350.2795851375351 361.2812779499284 80
447.07764499281876 413.25723510901855 346
341.69529564044865 334.9456895891709 325
553.1132320887119 940.9336261584608 893
134.7131492060698 561.7423609584423 852
802.5474401147671 756.4808688418705 100
7.621678295524847 917.9276707580314 431
741.8435467232184 840.3857771293527 306
190.90142990282376 76.0547846855476 381
70.60482161807191 526.7912089630759 815
265.39408695702105 783.6619122456674 712
799.6853009902779 324.86941200876475 275
26.670684653813282 839.5430310512102 388
637.2255736911899 142.90275410127418 888
657.4082236595278 659.9655340176828 237
632.9774047295907 989.7403074493525 604
797.3262834327572 803.9141982761565 887
240.7558224061702 388.1344543515356 881
902.7316075957793 704.8883455265681 207
262.63496825502233 452.2375144274055 228
923.2779762218145 98.79422035732688 196
316.8311981045907 217.23845896830807 296
271.464455072756 829.4216582519232 702
106.72489653621253 276.5972327485111 283
74.70841705706444 533.0324649491363 693
325.15596846506725 979.6276509513065 353
537.345381273978 115.23415793106572 647
614.8293767564893 953.780478019274 551
195.98564026077923 885.2783812436184 894
169.30029298802273 473.455646848453 183
309.22456240134676 843.0653102858663 334
641.9986240558715 753.8958708053808 185
94.52670351610071 982.749362348179 422
747.5080244497412 887.798904650335 144
53.70066699147591 73.21835109983532 688
783.5000420213256 234.16149868722735 100
799.3874139239068 973.6644517866431 767
592.2308227548441 167.17164981918197 7
846.7563873738507 937.3116665416674 526
987.8197879232421 868.3127895002528 475
660.3818123219606 323.8135198801564 934
238.4921588226785 301.2849122064154 213
552.8242135575792 875.079835472383 574
249.57838793782926 160.84894051599542 136
416.7109254304613 101.24180615321765 251
413.32719926421555 0.6952624525269346 705
290.9477420498814 567.3732458676554 847
310.9457255254827 876.5770113024469 367
416.23554110905116 917.1542181120393 336
365.8206298750033 450.1546934288072 57
157.37048643699615 131.63476259222196 477
573.5098023248803 548.1561709924607 190
668.3366728078165 523.756372951252 509
115.48359277276366 115.84443179939208 981
286.52121790687244 314.67828663356755 387
914.6261716731581 328.2595165729888 479
236.7556881981071 333.18889255258455 854
10.329142662400926 34.298319645530206 531
217.404684572146 872.5852767323042 292
897.8839544858038 64.90625509793769 411
600.999942089233 382.7742692974416 4
981.4139895492065 412.0620953537476 762
795.5734812530889 123.05887049357788 815
519.1480524198133 678.828490303602 425
69.89655730498289 799.1890063460492 774
987.4045757519805 389.3071310536429 69
347.7350567392189 856.2556627238799 987
612.1999392638182 479.41447098042624 668
913.5720083886274 705.464931355238 198
39.269491296988534 717.6552917969049 270
740.9815474781813 472.5127582668831 441
179.45377065783285 268.810257235934 888
341.6188279125694 114.67525997112848 599
793.4093043401681 326.9442643670016 617
95.70259520126967 96.3760795069749 164
524.9237235191067 11.04726059461325 120
839.2362852117 139.56628048737252 869
639.4487959326027 390.4294262166932 284
82.63452234437962 267.2172418354536 993
852.2278295880022 229.32333761395708 285
18.211780411623522 933.904346936191 402
117.2973797733291 145.68285968790073 219
927.7696855132929 812.6082278516342 923
427.76071382920253 634.6425467419243 695
478.6242015354608 308.98897485446685 107
25.507230101507904 234.9131183482307 413
389.4153471047793 592.0919976288267 746
56.7362284673637 265.81906325392634 205
332.04885825306195 280.1302651189357 222
476.2969520799848 586.545412736246 258
55.152075255497365 249.93604537459046 736
698.753773638736 231.87858712569442 160
755.1318122497056 509.26886111551914 130
156.16704431561723 13.54960984964826 331
150.58793307304518 139.822240435037 69
0.5304419002652994 249.49225751501535 153
538.077854930339 158.24018791648587 41
825.9938213316761 29.47906571442949 440
643.6427002607569 172.70428003405834 599
22.494659977595255 542.3221395983259 924
516.2335816001558 57.49102626895608 798
272.25603082929473 235.06275972110768 638
329.5169291696446 720.13194581402 821
579.2822567660787 640.484437423995 987
675.1991627316518 825.4634090246404 216
331.708858372042 15.10187873404545 126
39.367429448141756 860.2994506087593 858
821.9004058141645 614.2323843710333 429
295.55785477300134 296.15819818519697 127
732.6583560855934 77.39038747056671 127
109.93889213954134 796.7033053039405 862
842.9406334925826 365.2768035150914 338
208.7939790668637 243.70255432899967 141
723.4209975260407 14.940856474658482 893
370.6776887696904 863.5056579270937 239
718.3963253445893 624.3131936201637 29
789.7365346153334 226.30331506073333 834
244.15641843066936 987.3455744644748 209
32.392767277751645 618.147958138908 385
824.7548758901983 408.44614307236185 903
690.6806399254972 377.67642071093763 462
998.8528416874078 730.1931987401894 958
181.61852393684563 404.67730968307 44
275.24053957880966 43.15496351239945 267
172.36748003994506 774.1273805281148 310
991.2221320170173 594.8855754708095 820
845.2897669159206 946.2782937260101 695
846.7977613930358 320.4225178965523 986
541.4641813316276 750.9865294125775 794
264.39180885397076 724.4198187851752 655
340.12310070572363 92.74186406921892 382
342.0044093820286 920.3209042327137 172
39.796565513178564 317.22480397192464 926
243.91600894282527 59.37737521386055 236
174.24010653791854 56.274712289292594 811
625.5960374505877 476.07072698494926 516
443.4197228533674 553.8518319303389 332
554.5314398488972 784.7899448290189 443
486.4540576801183 198.29483699377582 466
847.2846058581717 230.72179960921125 12
967.9638394889486 281.48794584424263 35
460.8082118690616 896.8908321660638 944
901.2522387223186 286.8153849607929 708
822.4632235928912 934.3986438307428 10
528.9427507687808 559.9696513890717 339
532.105639218416 389.1352717926457 122
788.8292949999138 35.321864706195136 24
488.98653372844933 327.54685721292867 722
152.57044766244755 559.6107326253677 823
606.8880283227605 863.7975789040731 742
59.28463929956828 43.916959863006035 451
439.50041241877267 452.952613482393 11
314.2916007479413 595.5056315153677 918
617.7824211400967 826.0697750171602 417
745.4720270449384 281.80787488868253 318
202.74626419836937 536.4065832567493 14
105.36163917882946 241.4650787942476 159
148.89195037737824 217.17882083719343 457
901.342454251072 573.0850956373937 637
755.2220034921264 687.3585809682952 563
478.36252327570617 793.4658873257339 372
772.6127267071876 930.4984691952185 952
616.5163932441667 408.70262149150784 349
327.3137658153774 399.0050786688093 680
468.4523112976482 202.12017987281294 104
194.92549970036643 36.258563850208205 715
738.8618620714257 19.28676592094447 411
78.05420555744358 831.8961806017431 565
347.11515754589806 875.8412440687146 326
205.24019595506437 746.0645523328712 236
45.475380956213066 899.8986107392068 998
792.90205679829 496.1285591914688 588
168.42460900005906 388.66897249408674 936
804.0534566971411 763.2987455701563 756
708.3699382132268 102.8960157930463 107
390.653223630826 571.3687501458817 183
384.48596785054735 61.990669590594294 100
579.3068146576842 134.7971967775665 702
865.3983271676065 78.19883334230782 239
419.15727946488465 470.94473437177675 183
883.6797010171568 446.3117892433063 999
488.80536140980035 946.2099030513479 341
958.5051907757544 476.956845218893 9
19.426005268418088 820.7515261552695 177
372.50584065823347 903.7907558696916 306
973.5774218273456 969.4552009351797 914
416.8192256303368 221.39938424734217 282
91.12729396677865 271.4828783250337 754
332.0573530117779 170.94211811732697 864
88.24779847225616 994.6677202807408 286
381.7072410602883 95.49300873650802 81
22.558786216599902 497.0871653092945 873
845.2804287099292 988.4139640164677 702
778.8853205270395 631.7122356580079 667
150.73373215586628 770.0202526852289 750
