938.6128285771088 854.4431391372191 14
365.38055096174816 26.980912668620128 12
206.58791248969345 111.2783845174321 2
317.43317768400124 64.12593754007901 621
202.13905828644562 628.2643746194577 152
156.78319042665666 298.54822610049524 401
204.4581917701548 618.4715719679757 421
78.36309959555687 809.535864254906 220
746.1412204792018 897.559215277513 717
899.1630999262716 541.742552358057 489
532.6404129242644 591.50538827269 553
446.06820933905965 500.92239128195723 69
182.09075922126405 775.2367929080125 686
615.138018660016 380.4879344524779 516
856.8515399563282 871.7184773936914 522
277.4670755721824 50.48678097405879 508
125.14500923987204 715.0912520754307 236
422.1937356113031 206.28956640498518 846
797.6222247581883 827.5816820346363 497
156.47158703036058 283.26965049780495 874
428.97080254693265 161.23235861285335 189
548.7339401533335 540.0770447841732 229
255.11181433199647 796.6363590861718 414
459.0254096220815 370.3887084509322 165
72.89919674616274 203.42682762470042 235
804.8751861646892 615.4277813427276 930
41.93920401862439 452.9944200363114 50
164.1200805409323 532.0414157773268 500
764.6286880053879 590.2667194989865 403
625.3043792352528 925.0166961429396 90
514.5438337512029 662.311536286706 757
216.54242835719663 757.0633894848575 510
188.54488703841798 86.39252356216976 440
6.661545339467834 950.4838026554844 270
131.83096949421014 372.1399490359255 192
799.6303536232265 247.2878603799017 931
745.4697852546968 627.9411496270206 917
615.2088241346415 653.8853520884943 900
316.87298294736456 182.81949777148242 58
941.4213973531844 782.6491202889217 894
346.8758755212913 778.2540604213885 968
840.3128695634122 205.47457898955523 442
199.61085321024453 321.1806602453978 839
17.471391371655542 20.867660771522246 989
788.2176918848752 248.0753187502962 890
849.9792575436052 411.6573301480394 868
76.42572133823877 839.3030077745055 985
455.4766085316713 434.5516529246991 179
634.61630456278 644.9186552230149 398
465.85854797119686 399.6050604666112 810
464.5518843117603 226.42538793355283 904
916.8424821600643 779.7629805685292 474
819.9437026475337 926.95868282665 891
543.741337331386 209.71963378433088 778
64.09913020968006 177.6289271059599 447
604.6391425944496 645.282233499442 257
182.78180495195008 387.79594901148306 119
93.44780342583803 303.5526859799576 664
157.91951573418038 58.97480181964521 693
837.6258412254418 537.236431213424 902
992.9979641602382 68.56562182532045 484
982.0795442616429 278.6163967230616 411
909.6335668440049 24.70294904935999 261
620.0399509227403 463.8881047347324 197
22.689267156625228 114.99993478301407 40
663.9846825547676 76.55747961117243 874
905.7893697809977 23.221549906391246 945
35.980378717305086 205.49548819159293 912
826.1824494330748 79.44760283724605 879
669.0462317731042 694.2323116037904 874
492.41942613464016 843.6203415111601 417
925.6677464930957 858.5377677522781 478
699.7805778067326 825.9295404400351 905
689.9846350859322 354.7154520901266 463
839.9493623732159 869.0116069612282 969
609.0219466468603 448.8440834844981 98
602.4824786888868 829.6310814893835 386
916.6577370701667 141.0352547963687 568
524.9703204799389 829.5562916159795 609
774.3798286539385 732.623085996024 593
324.6060908120444 608.1066929197254 375
297.67267990868527 96.23215243563854 493
49.629154267602395 718.7925091115668 789
629.2167724916175 762.89134276002 787
765.6925438144674 891.4803758408345 803
974.2721034186641 101.50288791880169 113
698.5092047585593 752.6546385245413 941
904.7724966925736 242.98402765774242 586
926.4664219989596 950.8611102606678 719
788.6135671519377 12.313945925570668 9
222.8242026832915 677.04253124745 587
819.3629891512314 944.8114237234045 143
300.10914575862336 12.292822562294582 680
603.222391196952 452.4734260799338 83
408.69814679900617 936.4361481213996 758
420.87307072679334 154.34546488015243 808
868.3234026023262 763.0087174176685 927
182.5719378064987 84.66602784247468 411
777.8637248708926 864.3793806078434 650
970.4444828299675 738.9390884047614 880
661.5221620889396 813.2072648094338 482
423.73491667975037 69.88172167071538 373
265.0054067893598 719.0829404169256 567
936.7254981980082 402.2173304817388 836
377.4819113565998 224.33947237190677 844
643.6875206160031 374.0482566245098 33
885.4942834798376 410.89672324264615 253
40.333192109238134 795.235122538069 310
364.3129410137643 23.65314465114132 436
139.86568805775335 563.5393584736271 72
693.1330814232322 848.4701721195715 656
506.0122642240311 12.325927780990952 588
195.3867306797078 890.3408045444405 750
535.2881713648582 728.6582019830195 587
427.35967454175596 380.621979408571 379
816.852587244337 824.598275141546 931
729.3568998430316 727.4834327224539 523
489.8042637515807 5.698027072778333 749
344.8360863542512 469.1614210371944 251
44.94881849335452 161.85436023802535 5
442.3095089732788 937.7850275061305 626
295.2217403414187 565.2707529746959 165
976.2935548709881 263.76115686205594 863
463.2436624271539 660.4660301197638 706
768.4850880781601 990.4962190223013 606
376.8784881138504 845.0517733115339 889
730.4428783615443 740.0697689655151 691
297.4277822446784 305.5923973318206 444
934.7045640290266 283.27190373122744 735
127.79724483410904 526.9543782231635 680
131.07815330259064 73.77961082233064 254
296.90373855616116 114.75332886495538 860
503.8892830998798 974.1427168944317 671
819.79703361737 384.15428184548705 218
988.3627420400595 276.18871429600057 226
27.907253244169983 140.0010518955249 256
914.3915810228929 248.00205137160248 397
417.2328992820663 584.6664099830427 277
975.6717537840163 642.4646723848955 239
731.4880357198303 185.73637864513347 118
800.4476793451095 1.5836435984869501 572
290.10656926695 370.0643804078958 187
85.41357201901478 316.3239359044699 72
673.540431270578 659.4525084965235 163
792.5495846457549 307.3351071151794 11
728.1079639093634 405.04595821073707 854
590.0024776610995 343.30908570628236 434
576.8033975824297 947.8419891642761 487
18.394964494923947 955.0213122291442 859
290.7115405381326 265.5408480366833 52
418.23535862156234 161.25005111109914 593
695.8782451412263 466.46117544028 165
642.1546692870546 535.1681727525274 884
195.43027144873594 282.1586300903166 620
122.84718556989782 987.8519488204003 381
414.3181001096639 212.69183456735652 158
249.50111526892925 857.9585424253065 408
968.9675963119779 809.2588443760542 544
332.61806425161643 262.9403721497133 300
913.8656624036931 846.5116909838038 484
783.8629668034072 45.204081291917994 444
192.15637926344732 514.9563246213173 838
682.970180274156 198.0998560580153 135
433.2347439068657 773.1623053225845 160
136.42390526281756 316.26555708291124 899
933.5046900626869 396.0591807966647 803
535.8839111033845 982.8504942019854 582
142.2035534210867 176.84669700552524 278
462.72718782181374 734.741053571639 748
664.3127463559431 327.88335885455433 849
730.3543198448973 340.83492372976565 601
72.25864699674023 874.5517145774204 476
214.87122746492037 592.6147124470034 193
138.07293140204146 839.4513435566151 428
254.14699333083922 278.49606518125256 508
781.4152100046806 274.5187983928615 215
209.58893909426467 716.9422638478959 705
320.3804258461233 298.5539997485823 198
497.83897374506955 329.0313572862564 2
745.7640957580111 877.4185026497412 326
787.0922844411891 169.53599111705375 152
160.86933625005784 975.9647753432738 803
829.4989067388645 266.7607796354463 562
908.386742867501 184.2711472974262 721
344.3814980773062 293.96304493798465 384
559.8714389908409 290.5722661212 812
671.5891376985176 995.6996612643496 272
423.2291256922894 147.9402690194105 573
865.0341999586733 73.09743219476894 154
79.04465129462201 199.56241367326467 312
497.65374195856384 97.04451404065762 513
633.811486604718 594.6413114174497 168
897.5855652378549 513.0352188558444 8
96.42308681074607 105.45625895248301 943
730.8649016224152 909.7744342654815 265
862.7271337907332 127.68901695573409 587
314.17521066335183 4.932151575729238 740
997.7266379292336 776.4464673380922 127
924.7864404678536 200.87755466251213 499
754.3721331985491 273.9147551334774 981
422.99327005274444 268.485480262834 200
405.874191938064 692.5901073144236 792
824.318477568629 806.863250059054 275
478.1207204169893 758.0483889032844 184
440.632982827748 817.7049539206614 330
555.2451487187973 74.90997108586205 471
280.4496979655585 426.91550980825866 232
611.8868884398763 321.5567236808882 653
171.57430188004986 979.3734181573911 325
236.64368861554698 670.3108846067684 412
540.3646564551276 681.9654691713041 709
145.69242489253486 143.97054361540307 484
814.9476884377083 74.32221380495618 736
318.3151037065746 756.4767256200785 343
652.0405985191509 509.67482498921646 612
246.91762451466204 35.42213031099417 911
492.293237298964 464.30974955268135 320
900.0756619534251 493.6451598174164 826
758.1333703181228 329.6607433786897 860
774.6888315071941 58.67308239838265 411
597.5218770837519 292.4629913679565 597
436.5037952786137 417.9698144147587 802
217.30933081926773 41.9062501695987 864
641.1133331686773 18.223693857070234 956
20.552783930919638 168.55975190845484 189
780.0864887505267 314.9911589057043 290
547.7091577066655 642.9793390106602 21
263.10440889950803 186.8889729191914 484
165.12129622262128 368.08140921598687 593
264.9893578963657 28.669723136158566 825
646.6506392128331 567.2664044639656 477
220.30368603709195 31.249319973447708 635
696.8835344936944 659.2661265079968 593
917.841159617924 881.4806491966008 413
290.28792529036116 273.81768953151067 274
120.9570130173867 170.4606986461319 780
145.20971791348802 56.25553239581027 621
500.75563035532934 304.975014903457 541
421.2810960596228 927.2326423864888 34
65.0286593329863 18.05367978549366 84
523.9326840048595 702.2446315399117 902
207.43970626338893 774.1152998213263 286
321.6159360146548 572.1410254807158 714
463.40471951869546 250.08042673798602 19
31.01687544943399 748.1366046910591 47
975.2506474957308 519.6817946534844 765
400.36236086981336 180.61138750984318 454
892.2704201469426 27.173236624929654 18
708.8267907246552 247.468736823929 741
311.37421903734355 651.0364177566628 965
495.58935786004656 920.1459202849977 431
28.207111776014095 39.7904879031793 310
118.97504474495469 698.6644163024009 587
28.701825181329575 225.4641595336635 52
391.43444417928094 358.9121956580345 375
277.23508374506025 16.7006640233196 898
565.7121587175735 427.7528784644065 271
742.8628770421129 971.8544939390576 540
555.7539236162644 604.4094754043912 987
160.39326616936543 285.74461740864285 940
716.9740644098874 154.80975208665294 350
702.3604043320443 873.6633883039048 42
826.3013837722802 406.53748592525926 929
681.1250199570857 206.55229939389653 197
671.3225352522087 379.83837561399815 240
963.146914079721 718.6395587508026 57
739.9780316462954 900.2173637629628 3
142.28959061213587 37.003807484048636 595
632.708344223761 335.4179437870576 745
495.183432521507 794.7168802863787 368
679.9244784744023 46.56607786006906 345
19.623570425499558 897.1886195870234 847
948.5089600056658 883.9512878206416 410
594.7633714534045 483.37349377386505 407
399.0984035401952 623.7068860212262 939
928.0068423323897 696.0940422099314 919
566.5938998851755 637.779358935702 281
380.108543441114 564.5336296575185 350
809.1080138901482 237.99825943308883 256
634.0710923464247 459.10768114400526 300
789.9716403816941 215.87391352065012 870
250.14482974777462 455.21465164999006 799
525.9515082134444 167.1488474759847 159
912.5730929168888 648.5099962769405 568
351.9732793912875 779.5806089992914 651
181.39979416295958 131.27864104899666 809
679.8279294840693 72.37398498839987 599
312.5398060447745 436.6906782702651 850
991.4105806138851 771.7695498661433 465
429.8967725611974 743.4978057952635 492
484.52462808814687 812.8612542760899 139
536.0654954714103 830.8489116220306 19
755.105916521452 51.55604827392979 328
208.2106923513054 104.56893082058083 163
24.4027499001761 90.7107804977163 127
679.7205588232778 709.5415295544695 331
116.68727126393075 882.130994168437 526
354.1876069434904 360.0119598550089 235
301.99700138977306 515.7240304958541 969
397.04135704038936 398.78475341788675 567
500.15496120322456 352.4997996778676 731
184.7528866531962 164.033915235534 883
126.0335073537261 61.76481013201995 919
529.4573547684025 936.181891005615 190
549.9438180236233 414.3731395018061 816
206.7084104185668 916.2583216163844 736
152.10407181300977 828.811378103902 397
525.1457178672887 231.17551239176905 745
412.08194381656824 134.2959403832643 675
187.70272016696242 405.77756913489105 15
773.3522912720092 661.3955524871411 46
177.8996123482144 453.3796561567297 812
222.2315254846148 519.109918828942 88
6.8177602269009485 529.4313153420176 259
606.1806144414334 669.1429009483329 318
996.582941363554 366.6427388472563 861
390.1126084980092 97.05871190836768 958
525.9347916414124 393.0625045221817 975
620.141552790857 227.50797777821862 99
52.98585308657366 365.0635190176207 516
48.99732073857466 474.1791141353534 700
294.3776031875665 295.8816311767901 877
870.4378769856138 475.6087101759078 17
713.4188689322672 86.84677782878325 28
601.9137260621882 395.75218316405926 493
482.7625482703353 398.3445499327517 106
747.1620811550258 284.03641634171396 108
631.438455958511 923.4696545367808 656
541.8373797697203 495.8486689584688 696
925.195815299498 929.3573664906409 709
956.5923191293709 295.33593294516083 721
875.5023861167625 769.7357228482698 550
271.37180398462704 147.37234881399706 335
804.3185094453758 923.2239868975133 853
493.6135522836911 44.04247431169328 576
466.0204930313556 276.0484820216541 453
468.5718271791226 970.3336573072229 81
890.7614975997611 70.75895118052755 956
165.454601058177 116.47501434018281 119
576.9486064651285 659.0773510083845 600
566.9011340210474 796.6900957946165 793
128.51827683680796 648.8000462611651 21
265.32942376601454 877.8004374620867 4
884.8412833663898 221.68571162577976 217
493.05305363602383 538.3709336512578 797
192.73121118743254 128.7105372893983 807
949.1685021487721 237.36292343110122 960
130.33315365470588 731.8534390785898 327
367.3905707274403 549.2731896457874 727
979.9636423965821 351.7834124105297 493
465.92633468843815 293.65070854465057 740
155.6812331148203 979.088765974013 219
892.7915017874848 573.858122838674 758
687.64509900258 792.3262954607167 153
912.6257531199319 898.7439267446662 876
34.67007670649369 405.18562296502745 106
801.8967047987934 440.86625450601247 131
429.4285188691117 934.5583343313675 794
254.3656180979177 410.4719115835117 224
797.3546798418976 27.417170153191005 275
512.8501301761023 887.7697583130672 194
967.9124447108118 389.4435806413883 690
29.897729023258158 351.99529258219275 983
498.93232536421897 680.1282047945213 647
318.3323095383155 34.73759014964506 183
33.99591751199704 965.5017273021411 557
912.7798883285149 212.03857795278358 249
992.0873643232225 341.4722074545976 592
544.7616901128935 465.7857838421915 316
235.10895843157564 597.9620331978911 377
882.469876647338 693.0579560109074 764
406.95511252389684 406.42074169137186 827
725.3073296144521 187.41070983772735 779
215.68928947770348 179.53906732571633 270
860.4407738108091 349.62787189924296 5
333.4062160959442 108.99905212471528 554
999.6630016701549 867.5412388693552 219
733.464719916037 314.8649432740189 208
112.07789861053207 341.3263518426043 589
540.9997662428524 218.63593042353057 60
397.73171366530545 829.770690258903 848
878.0228410885261 795.6272122149907 680
279.57886378478247 883.7360892966127 314
170.11330321987728 819.6146974526532 158
818.3336899310431 53.9813127719958 247
622.171528244573 844.4573208398695 867
830.6470784328124 415.6224011095494 297
860.980212202276 908.3930915488075 246
123.90330493644808 235.36371448935313 861
33.01415066510505 811.2770430992695 299
470.8799835211459 900.0280058028895 995
943.3360984563805 927.983574112802 488
619.110683700921 2.6580081102121067 989
845.3403157561316 399.7370438886131 754
822.4183383764481 714.0340812908404 671
397.0447386946441 325.2430634642519 537
832.8195289705619 360.79657617422146 409
456.8082532373894 340.53725437605965 13
791.2914574609113 55.45741501402357 644
690.0151690965804 462.8006568214634 429
809.8617854171949 247.44074196086484 259
280.9868951669485 292.6913000743321 975
651.86939344461 19.680303298155287 129
539.1719040547346 556.7983767287167 176
464.8109755699369 285.3873699979086 903
326.70306612781394 397.31995428167966 176
545.0611159183416 497.21372631502226 362
715.1070118713686 730.073456356718 740
554.8754590081516 527.8354748528499 343
729.9600679258466 442.82177130528544 80
306.16696048023897 704.1293389264482 307
492.4333316804178 538.0548987402958 778
200.4217495011661 163.819312548797 313
643.7630412510532 803.0876280425531 292
857.9045332308817 503.03398854139067 719
570.1797308908899 372.0056662401625 989
266.33107233388154 747.5586200335493 335
506.3033047651495 749.0489136476707 945
478.4443200854357 851.1340082039663 532
120.53046709648218 679.0217965111675 789
533.7912529245309 491.83135963289203 319
459.3753047842611 818.9230000271615 122
778.335501129877 119.937308036002 323
769.281598469556 720.5869514339666 553
170.94914739637002 465.59347056436985 183
539.0195695190873 509.8994301009477 988
707.6021022035437 177.27826903935494 159
910.6375200798017 610.9454109862031 3
212.5437982322692 212.28877640589238 664
79.07985553160468 341.4543382368225 695
723.5479047149242 603.8484548028234 688
440.6216515163124 278.5218210123321 643
675.3618603387008 801.716921523568 266
66.433809774047 966.439537621054 206
333.7376367543917 735.2295745447889 674
148.04575977618885 419.9089240018218 228
547.0369454704103 396.2738124924723 913
738.3739694925753 944.9086744711142 247
980.2401729999867 753.3709596790819 30
370.98982941628236 892.9200682886816 641
817.5861060516662 932.8624959639221 723
503.7838162806604 807.4063139857539 141
639.8894933956655 274.45125858803533 259
429.77033467381364 679.1503606510671 118
563.9352098561114 562.7087051136916 821
980.9586899889129 812.0353377989894 313
556.7853725807364 336.43063687892084 901
117.36375104077001 657.3609959640397 684
138.91890865313238 737.1611777791991 675
174.05605801394952 835.2336353090667 339
925.0360222638906 167.2013998633365 442
443.92390101246 432.51483499316276 482
709.7549651270381 337.5176829482478 909
505.79341323912786 824.8310890841551 137
611.9506327059572 481.6533240278786 390
143.8750103208578 507.2812055601311 89
720.1791925773945 481.9306401460256 550
926.7939355267434 456.9467917472565 985
831.8206179531579 594.9081393185392 798
836.641499626872 768.1536969849932 428
835.7659519768841 588.858110795824 517
300.4861385491576 128.28841329720632 205
992.3755003486949 682.2605182354552 88
505.0845615580158 443.47094184350823 921
801.8640830845717 298.1212387424715 75
616.9074305605888 401.3415558309049 744
781.1535685823661 502.2567300231796 266
108.31408194613479 57.45340723831782 502
546.3510634138522 709.6667485432027 168
969.567365300482 923.5804538609519 977
907.9209014920135 840.4368824150794 961
128.14789172983953 226.0674904799216 548
813.5398174341015 666.5894268491139 795
311.9588874161171 929.1000039571022 109
291.5566225396082 552.8321551648522 841
995.3924375187542 472.0489881303077 958
835.5791314866981 581.9197606625551 551
563.9175104226788 188.67306509675075 422
769.7994004058453 179.1286482033052 888
879.0221640896733 776.3322968156872 283
479.83947061814723 605.3823383742167 593
661.4195372482582 391.0697748734038 902
175.09253808387172 829.2643058744222 680
138.78734272094394 498.90534221658646 785
132.89450627571765 196.1648062445056 514
774.572470382873 314.35103137091204 962
526.543790764176 552.936440541711 718
55.66912529747714 201.68594809408057 136
478.3732268918163 963.7177167527155 462
358.4954345407101 791.5016653119877 957
302.4265246516645 40.133152300558585 525
903.5339268415871 853.9438558334268 414
761.163419390569 764.3309796760295 329
302.17006915076706 665.4546079204572 806
125.85253101651561 426.65860948848166 891
82.34335799891346 785.6176215275318 178
161.24981881130418 259.35376720137305 254
213.5204222781969 168.7106146096392 855
249.4507183374609 258.93614858504776 951
304.7280456813091 217.08209065141338 338
434.3578058946645 608.3931624464442 348
132.20847001805535 839.5759021940656 346
673.1542222642435 750.0883162181027 485
795.1698979949387 278.355922162419 194
393.667548935269 750.8293335400725 120
443.94120493836317 184.20944634221004 863
867.5546859540634 716.7886609717523 776
742.551942506711 966.656410760973 45
262.18322664656955 132.47934592325893 579
798.9887230258215 655.8768058291263 408
214.30038303063813 250.0014303515421 24
79.33734893201094 282.521748131041 819
364.1849193103275 82.27404811089467 327
669.7058067211216 222.0682556796908 148
716.2140865523914 140.67796687149715 300
157.32156829635025 572.9694754759405 299
70.79536311050528 345.59933702861235 562
451.01351192994497 948.0294294272833 749
483.1378291398476 617.6648027014821 449
264.47849542758064 975.2743312298101 910
397.3182304100635 917.0303580020268 170
364.05185990780484 19.280144326050518 153
875.9833874176068 866.6318268578665 713
480.23746457955275 18.054351800905643 666
218.28033006827874 612.5708297309992 101
361.8685296870793 972.0849090783306 517
732.9646133888575 792.4274064349554 379
35.29037614787478 408.1390378994848 672
529.0669372412359 923.0619092268638 869
934.7284238017769 885.1838599043133 401
634.2622550856835 235.52561300501574 848
358.957106952574 151.93286513860826 295
336.04567475825917 926.916737965688 54
380.6577416614303 269.0882607328159 211
63.200322507981134 995.2451680815255 863
312.4147043185396 549.7304644743303 885
841.3261596112995 449.74034495235327 824
490.24807787432945 894.8714837198759 81
790.1923252301272 629.0824482179011 171
168.56394643189975 764.4835220002336 803
175.4500020245985 943.1101318854613 165
115.61145962473806 412.6329198068113 928
139.32966485212484 416.15497118836885 980
987.5283747875407 403.13224458174824 785
429.55535748893624 161.78541935799916 312
321.23546717324024 73.6548376849735 223
108.40910825869499 397.8890546249869 827
782.2290754740852 702.5859864288112 559
433.76947056369966 774.271115139115 811
402.2830856545586 209.9471023384405 629
312.42837237025225 389.31326360758214 547
149.67728418571102 184.0629045893105 642
491.86847199249394 839.9479887655435 71
636.3719850886066 113.8805203698362 228
496.44501358311066 531.7670253702536 514
279.49243051207384 93.39006776264247 887
671.7739345618447 250.7197433493795 388
748.6361313879224 866.7762955000716 640
735.4344309533523 193.23534252681662 933
283.17208711272815 91.43664242903526 870
887.9215174914335 472.5769656646781 422
526.5948079700763 377.75054015714704 321
226.2731651390202 739.8772671524699 950
806.2271631130308 854.7863554524946 356
266.5174033463451 417.35527204055535 726
839.6252329452964 49.28784444816392 527
683.8595761515719 264.46293963531053 329
265.1846747180962 636.9252546727093 985
637.591434504925 395.6694992446406 286
757.0959062748173 256.244792685875 398
342.79221769395497 725.6226902966307 974
448.1101375477581 461.62939818738346 601
535.7496968757658 448.178744885052 839
553.1852842523201 428.4551664506384 849
112.24591751585555 212.45917556999538 458
487.46609959380515 842.0428043776939 234
112.10232078149673 212.36101431992262 108
10.672978027276958 299.67302054048895 45
686.3168339855068 606.3478988340677 762
507.4009792118722 497.2918407716953 715
299.70379022993944 868.5680507402222 389
625.6790909878282 843.9622818527505 458
923.6208849128393 980.5462492608044 513
122.60879524395874 250.66543469220525 612
363.6698588735836 697.8993011638767 495
313.0149827003731 607.9906508415643 512
32.86686769071068 770.7572935811171 107
247.37145770739988 516.9396136527984 672
162.91844279826663 337.02026769403903 355
649.6346329057408 771.1701842226058 104
125.47957007502086 785.7978970433089 113
104.33073813190441 23.996588076843793 396
896.1290401532427 290.78654485174184 654
764.1318912710257 163.6692584700815 238
653.334572816019 796.515293353954 38
903.2461855754538 328.7814437457125 187
610.4614770510341 692.0109889873418 410
146.25887641610225 297.09772381422925 135
836.342028162895 423.38184609308547 115
347.4059262232017 619.5604439387998 292
914.4290245441861 939.1848633753641 102
471.1817371588134 352.71919905397317 898
783.8278383041768 34.56678437027261 592
964.7910261236954 510.69774604934 440
584.1900442985589 508.5043296065309 844
888.0994578920413 643.147178774212 619
209.71159795684292 523.3122603532794 55
851.3377904381814 457.03098075885373 976
271.12548404803863 445.265158115329 941
879.0901841144214 596.2810062873081 935
297.68218076950427 854.7380376977524 149
706.8000727726964 685.0684523357987 797
32.55722879479095 156.58969272421808 289
223.75378433221437 906.0356978308735 16
53.78140557562994 635.3964335487553 269
874.0184897332189 83.53975782766454 92
640.5716744598346 961.2383150069654 23
730.2375577253707 406.1991549558789 847
12.358643539625568 34.82335461029762 218
911.3153432660113 504.65877544222127 784
70.26837707642464 244.57469013165544 803
744.1399785649047 637.629980683651 882
933.7376949900754 120.38445822844557 830
824.2163142367956 342.6494734469997 598
112.0640787338546 355.33610126781747 658
652.3570509283031 900.0012914429443 967
119.24930379809484 62.98345761813729 922
802.0109879839893 965.486526283731 978
281.4871588298058 223.15630105293127 124
144.6037563121655 391.4818520576932 386
834.5249759108026 172.77156294270435 83
388.4115710899968 769.0332215362703 940
988.6345644595604 806.1151969846146 867
120.58313955775813 26.140676876510447 459
413.26263302665336 919.3705654157726 924
540.6857471645726 423.017493973338 533
349.4458154271505 534.1257622244548 869
286.16216989131215 639.3123873497663 585
250.91573401998957 300.06058492184707 535
827.7995341878367 297.38563913430846 55
244.9215687902687 658.2594764244127 778
966.0849806915463 316.6836294899463 757
638.5629935866142 886.7540238511814 124
584.390687372204 92.36726837518117 304
649.8511735416978 717.9833132935587 704
483.88235900757326 4.40238792446801 400
454.5917304139264 394.87796193284373 33
166.18824640062647 779.799862941032 91
884.4291676641272 475.19471084335083 897
294.5965650326493 837.1882786217844 373
895.2823502610453 767.5991630740001 811
157.8545451337341 899.9511841693977 811
434.8322530301405 37.54192429695191 139
532.689315696959 78.66081263220504 832
698.9856318543837 484.0391841948527 143
184.53859922079408 993.4385825843445 708
736.849937173495 681.5758826628293 99
589.1385157269764 622.8244683980271 530
88.91437150944803 674.554717938074 195
200.29826459093903 382.8396700723974 798
909.3327928210967 774.9661794036914 711
970.7526660600563 717.3229842421819 50
451.19454622513933 866.7589966990461 886
616.9732021189902 943.6354833125837 687
961.5953330439309 474.672666654223 937
895.0339843558884 447.2671880271645 100
776.8860119916623 307.5116506054003 372
688.3636217526534 420.91148772008546 421
460.1241517128456 913.0365837606646 336
51.38230671779376 598.1890121267422 985
218.47405615311044 546.6455780624862 751
909.2865175677874 171.58643139507623 913
553.1448065620759 244.23051602255774 177
382.2687474021622 621.5048459876073 725
588.521317693568 454.2572293792657 656
718.6564821041045 964.6689924129051 186
512.8628630149198 179.60446043336097 673
594.511275750967 746.4235165698083 481
784.0285875709463 745.6370027427705 949
417.98634912934926 757.6817504890766 995
172.2010868629722 446.8087013923289 419
29.484593685768168 711.5400789751666 977
117.82426822312797 996.6135252358881 83
726.3345423245303 745.6101571908312 527
535.446741527693 415.41036119249554 962
653.5701275784259 563.0985235990165 738
62.11133982969452 445.63883495645507 688
358.20106600553413 121.27170828708856 512
48.96476279429385 705.1857919222889 243
818.4907048607902 582.083730335352 307
365.7594656772376 878.3285834524463 31
910.7808488709414 34.73751087570409 376
351.58473605113807 615.9447032862473 658
453.2707270675506 618.0900351810147 436
291.0739620110624 209.81793974614936 933
292.8463814161434 677.8386674524726 331
18.74851559669488 567.6627108630473 838
679.2901750979976 18.303195154180774 512
815.5351618786768 449.2354282297211 184
780.0348486843092 358.7709391177439 438
408.16014113771325 529.2835333868034 67
81.56297386221378 404.5276816284854 541
911.2721141574275 940.9000664059804 896
22.615016416653088 817.0226194123228 673
193.37413035402363 765.4852869888784 64
645.0316694190426 332.0406258167841 426
703.0916290548367 101.91301548911602 889
279.47324350260885 517.6831756285129 144
977.5596465124951 99.92308298729968 878
331.5797026391515 242.85135581073826 292
757.1993237693745 975.9815502597519 450
531.5143238595383 717.4986273548822 293
164.40850221293712 269.5857127531339 806
744.951163427353 222.64287823985785 815
509.0840447283178 154.82134108533464 529
124.40741785850884 207.09830422873787 95
180.92718098020578 511.3872779277702 597
465.20097818435136 158.2606085262236 668
331.89365087275746 19.006808632174298 443
819.5750598338557 331.46134775541225 839
539.2336976741949 375.7778972107233 771
24.56399897999251 486.00306362944855 789
434.90809029023745 244.9129483850767 27
231.06376603826007 347.30710002109197 926
573.0671747389522 171.14222703073213 220
975.1369092844076 38.420973576510974 887
320.4172647687129 26.781057784325935 111
797.7657081158206 716.6861920654192 643
454.6612794478041 590.9228277074943 162
578.6192072505531 902.0118624060345 716
934.6255549195611 297.08575367085143 457
50.02940678657664 792.0530344629994 378
339.5933745431203 424.1361115532172 101
469.4874407055377 933.2754559557727 95
347.34571124372235 956.6740108421251 454
682.3945105529859 953.5344461301609 542
617.4196363312897 591.0097283184066 658
641.3236529590125 268.45847512481527 398
116.46763789551872 464.2530949947431 403
672.085786134745 747.3391225715736 514
122.27035937899421 191.5188722492329 47
440.63393081543023 60.97212887782744 635
430.4772763093224 445.7150488624618 198
426.9292034146426 403.59796105736257 550
766.9507962965794 914.5285177665253 102
643.0100646572237 811.260001150377 686
475.84513920919017 860.3340311435672 922
145.54930600536008 169.9495204370205 177
923.6195662209832 719.559969849855 244
835.7008187973377 332.5708342936554 626
312.60322734072474 746.0527221034405 205
224.04132829501066 926.2542437414354 621
124.73137731819128 856.0706270579451 773
163.46011742775934 295.8110583432035 816
336.91916641058674 281.4024455079871 561
212.1480842201252 142.88343665003833 589
17.142441857822543 199.80474689297122 555
180.2811611583496 60.60582689934857 442
648.384737441678 495.513754532329 327
721.7067067559038 799.7685836357697 887
131.56682247491224 535.2604820064307 645
906.420107579167 519.4674377954318 400
503.2676158793764 493.95453253034447 731
622.7978619135059 229.14940618931212 549
651.5495127863459 565.9321336721603 699
488.91723443317204 641.0976667474473 934
938.2788087073253 132.31655586867075 750
974.3612658840326 352.98921432081096 106
721.174067953248 957.9251797891045 645
876.0685496277073 187.1404036911637 143
771.480596066641 8.956333378163706 738
826.8755067996378 487.0782568094574 734
633.5513900018885 568.5531309249832 626
269.30146095991216 684.9167470405685 865
599.0081200357272 688.4081119207289 111
459.5823984154286 697.4669083048229 79
201.36491709524273 32.43475378367866 208
866.4058225109712 847.4646533162157 290
791.772228151822 779.0075626191912 540
313.4577987700424 974.6409217055075 122
640.5335408676035 761.8885094323691 679
396.54046697444846 903.1639357410791 675
353.6536923069095 411.49432944163544 861
842.3914512271351 322.48058565895496 402
240.73070947806985 784.4511240291048 462
111.55055679615245 514.6766138709469 555
415.4379297564713 340.65939127737744 736
685.5870170666649 559.7414271620074 716
58.700338111085216 448.7726249616153 452
866.9649608487699 953.2905301989756 658
23.467327854851728 982.9048383807141 875
608.8026012487129 877.9181192868664 270
670.772152786976 903.4106013456669 986
923.6776513059535 124.1251368329228 234
412.8138558318405 460.1412265253197 942
716.0133219454558 517.1941888180131 604
977.3071371086386 775.7977891545692 127
308.934294336255 428.59405054078957 699
791.3281340012669 453.2498409889322 356
152.57990517998877 217.82982930089213 683
936.3611472507689 628.8170186836877 88
379.52474310550133 222.7702408980362 483
452.27432082766427 234.20712759635288 371
957.6585962320024 273.4057171113038 872
635.4930125335751 105.75187448821887 675
552.2749230385584 352.2149687705861 109
297.73603958004145 817.1333825340971 273
313.0054955122233 205.98952098567435 336
88.06316184681384 114.61032704416641 573
397.5003466486314 214.20933851866297 57
551.4390355826533 457.0725292267631 35
836.1863934589549 443.81181159256334 867
256.352252171794 222.69880576589907 898
856.8337442045305 98.82621687631088 804
573.4835389754562 370.3570961955155 118
328.7031505714437 504.85441243158505 501
175.21643613297744 725.411050586352 292
540.3139189139047 369.91244112128885 993
707.8552278732567 215.15697272943467 549
830.4363403503468 1.1157299803871146 867
14.213109719478755 813.8325806892362 137
15.978655179541112 981.1905032401345 463
991.5443304554249 323.3741823981189 101
470.8890364598108 221.84422931702852 32
992.9213145017909 94.31001750777845 244
913.2673342133038 580.6767043918975 195
101.32512748438194 834.43443411229 210
950.6838063384944 232.89010660838704 740
377.05559820583034 268.0812990668976 55
820.7374637192623 792.0018309371798 603
301.4956674753394 649.1511540603482 799
85.44994757095404 812.4565850997361 241
555.4598271733811 631.2326038725995 956
181.3802047447659 482.72246992611014 315
730.4536630604039 168.2042618392251 889
270.6019064839821 236.19002052713833 119
344.2827215976706 775.1092774973545 183
737.9870284676691 558.3655473215395 141
834.9927092744721 6.062883563628496 773
961.9719502689263 862.1893897897244 516
420.766776769819 932.2640471181878 651
49.89147925016546 771.3279301676688 300
785.3222599033536 486.6463049220953 526
545.218582959736 385.5245647208462 271
330.8731351628101 925.2086265974939 603
447.73106248814156 239.36745675356374 175
827.1551547467648 386.4047729338099 944
347.16118215341453 961.5455330874639 188
444.4829552835361 267.24694420913073 254
218.40475423440398 87.57309561023341 251
496.87576520524743 158.74234364468097 545
142.82060749401916 42.17910555536564 388
902.2227758743159 224.39762312470634 916
690.3816031816016 112.84399930820233 883
255.26938772905083 42.103861414232505 208
277.1441218174609 110.2020870915945 547
238.3945965878531 664.356895748675 241
820.9091619200829 572.5720192996882 707
110.20667700079501 154.16678003490924 25
293.70108264063987 966.6362688840995 837
345.84818318617397 112.45716875380351 43
112.46168534966672 849.7437185322314 869
322.26509573504256 476.0349171118178 279
355.99525870669646 15.514491372913387 841
125.76199925710164 564.9268319953994 643
568.9309930033961 237.2767077742479 645
450.73967438128005 711.9878576571116 519
226.84257725874335 12.51969564002442 581
265.4916728935789 837.7867391792181 592
715.5734101238413 278.5982769713603 342
538.7767145687953 928.6554907035961 89
24.495728206364365 10.476021757950594 337
250.3810637696119 115.33707030638196 387
106.21833686215132 853.5970237883313 412
889.4411547715544 236.38802234147028 231
458.59931813156464 916.1248676788979 681
629.346492027591 36.44154330075966 576
855.8062864341805 456.8397690786389 514
220.36983364266848 366.4356057741872 267
184.3695380866214 533.8616892455306 770
28.587508661926275 479.85119319141324 69
926.7951971169128 902.2375523048419 336
195.44686875582806 289.1914659665583 119
465.2883645380026 523.5040997480681 402
726.855938819965 658.3449416040102 196
893.3523010968569 698.8689440427487 56
531.3538256846673 349.22528615900205 795
60.61231074573414 977.30906341602 382
31.478770519529743 157.2446571193179 976
15.673727248307511 76.63860601232342 524
19.358893491085105 204.37900670210198 529
816.2022198512672 333.53059020828323 306
309.88751049148345 946.5705239173874 5
89.44796718889658 610.9396775707881 126
73.91444081038034 289.0297774659538 85
144.77390188311367 221.79655482577886 713
306.13728176604815 377.1817782338238 728
809.0444407215224 874.2691972152725 929
326.5859742590624 641.1450372344352 570
622.1002720297693 170.50813230242335 916
815.1983705412032 153.58740255890245 682
954.640562272651 759.98644023003 155
288.9445497787942 857.9416238891125 154
599.0493002542299 540.6014018219247 672
179.4715769203329 541.0408853864279 588
736.3474432446709 770.9535664767172 830
875.0879030890663 882.9505134835058 804
643.9840568035967 610.7657067837873 252
658.6796019339919 444.6233674152251 767
354.46265119144715 378.6321397584379 104
905.3273583713012 848.8548498043837 731
396.013670231526 987.7408652446669 381
212.0933063447322 766.596217510396 740
924.9155565714664 876.0233384430402 618
441.71306349433746 869.1726676119314 953
703.2431322026059 351.8874026889949 959
554.8752653720392 628.4409971281754 723
737.3772581972146 101.35420363087555 775
537.0847187216231 816.1591447425506 383
32.35056310925444 173.39367047153465 313
344.98431506299477 602.7010223203488 660
770.6511586011251 275.067290842083 413
906.9700614211677 102.45364435921233 586
560.0519414562649 289.3961626042528 920
484.99484317840466 123.48151808552221 948
383.5111523245156 841.0358386047038 228
850.7242393853933 433.565291437207 404
922.66576258213 442.7896873765425 678
325.1644761658603 7.548530322198266 935
676.2759314817158 897.2158780263909 188
770.9603594071159 760.8296816320343 262
910.0800581707529 716.6639292917924 743
322.30944356367917 307.76096899877393 805
393.6478676808971 403.4073227674546 12
346.4501506745482 367.76127417478597 901
647.950433053723 452.99898756576397 410
563.1186997976646 939.9880808073074 344
909.5928736782641 623.0245158420928 569
442.22839572918093 136.72789331569356 529
401.6960676940366 258.49914994184576 826
32.79309858243673 885.4159123680332 139
438.15379652529293 173.86624277650532 123
873.2484914776402 200.46742088896286 865
140.93795307728328 50.725866669586786 162
280.593277800403 68.16536097476478 350
745.9872105558894 316.9605862558358 753
902.4497395523015 2.5286986356986008 219
483.77858858124955 125.8695054299378 688
810.040769288685 535.1351866463178 481
386.9757851394574 475.2720536105184 446
236.87138101974904 978.864902052559 536
991.9372880590131 410.0748798910542 155
568.1275491611113 503.53895262744476 489
349.5776926472819 519.3384709277461 330
30.786001430395228 238.04292021452 16
938.1435234751874 187.47112415230725 622
539.5580692897468 459.5832945992493 488
522.4043528226836 728.0034337532393 472
152.74687144837972 855.3656450361365 695
435.39475378937044 806.9992773737866 969
546.8136912101463 305.16705755254424 421
83.16599333637676 656.0497513890457 890
924.4982432764373 224.47538378923238 805
859.8394143493608 159.6010590111109 793
603.0616685413162 567.9926886715618 614
534.0601853223918 112.49829256276345 69
453.8150933138877 849.3856958714217 565
552.2950628363224 114.07291474799818 863
206.57258098077423 499.3469174362974 771
223.38969836872212 730.7617740974048 24
525.320513813319 503.0655054422919 727
826.8160889431038 96.77294349986454 610
731.5065668174726 160.45857440028132 792
655.3906390815079 477.63994496319793 40
73.11110807268584 276.8170163316488 202
299.835525865969 564.2525817471502 224
650.1219467213824 755.47408450204 411
932.6827086156965 16.34369313744177 112
324.41496491039055 9.844644917596067 246
688.4271532597394 377.76435558076537 196
993.7120063428112 480.68155882373355 380
929.1993448796585 345.362643341545 793
476.524177675695 648.6337584431622 34
124.36232512051582 10.142984992074776 610
895.8949585151908 318.10502229465556 229
681.3623650167084 502.0964313861038 943
705.6217574965499 487.17388198764223 226
349.6752306612746 632.7336225530198 152
487.68439402647243 430.27228085502014 768
172.236327044465 917.0087207751005 517
86.81619116019345 363.6650441501973 878
497.9022169725572 571.6498997565903 894
674.6385639102556 650.1035453871125 397
22.866757581533225 934.0346824580945 737
565.1202452785062 993.4939585410885 289
432.54755440142134 599.175314626536 204
679.0331741652018 755.0183068089892 13
794.1859535094725 38.51405466818181 544
443.07403152969584 895.5318100046552 882
573.7728410549132 260.41989508232945 692
