16.709632445489063 480.4867747912147 797
778.6254273010611 691.1834457099568 912
861.0904715017474 134.48328736118953 602
165.10638585389248 12.900311437984314 900
995.4161574000815 584.2444727665167 373
406.06420799181666 19.432505714530258 295
210.80790019639272 974.5860142686422 220
854.8680461170351 637.2036450228386 236
672.1390447184269 944.8850204060196 392
201.91019585681457 231.46587590678723 700
173.8240028981195 868.6339512754424 326
322.1189910515033 750.5772533653628 354
610.4511157174184 645.8645295082994 665
852.6647321840439 851.2771293908136 307
120.91843455723183 580.8729901042683 48
137.26272292580876 915.1886693224856 495
561.8271086296193 119.74686415214076 239
467.3840896126703 719.7434437825806 661
466.0957457759708 364.3178732592062 861
33.885755882954506 693.1463061187345 109
263.27015375040895 607.1174187270535 397
144.4708480569956 54.07773248058623 716
997.1188419231042 534.5361248048085 641
484.8440702826713 889.3053603178026 827
152.14325951604147 778.5493236571135 224
728.9010848196326 721.2887802616879 116
840.9359985419952 107.46155558877801 758
804.1477877607574 513.623721670345 310
718.8365782052149 698.533607744724 29
200.45950716912188 238.85493373336953 109
169.58264992425586 99.14421621430381 638
27.22795316408366 100.33654796418412 303
365.56782856945216 147.8788921354367 33
550.8874156592756 30.371206724160714 587
103.51916425939255 483.61115064891237 555
392.8102413539635 143.28444849985144 845
308.95793543230457 397.98743333164856 316
770.6333088176162 359.0768946744948 362
155.77365503212192 582.9275770361049 94
142.96821909614232 433.57769746749983 520
839.886793072606 434.286813393306 345
698.3224445843407 16.26664065103478 968
671.6354776748612 50.87262365278955 364
704.5357796544374 17.92158420269263 248
111.2906346972875 389.342027278946 855
755.9965643560769 221.08717040964564 373
735.71564497928 435.1213893530987 989
54.33265859856229 856.5305684737918 423
215.9746246079741 29.87074593413319 637
372.49081127051386 312.13925621989114 838
448.0913730882109 963.8675038436149 100
159.13071915372433 128.92876607714322 639
411.644599629548 430.4750078056127 581
437.9664113511658 951.1453304323494 398
315.9118436462879 309.56212880938574 362
375.7244108868414 743.5758372266766 853
31.706774576244822 194.82714242440014 862
583.3046273133841 623.5783452680594 986
317.5018992605604 52.772613618310096 548
708.2038442971266 389.1432681318626 942
406.78742048504137 28.03320967179168 523
383.76368994911667 637.3075398187942 117
783.7159756133308 437.839892910473 903
742.5124334523824 257.7718556154024 904
497.0123414634886 72.0020173861744 799
891.0655956497138 486.45288531183985 876
438.23332906349543 99.73274562207845 310
429.76558978350545 167.93646653416639 101
338.9989046464699 413.9249346942469 761
895.188886840253 177.93171291935806 923
775.7816729179139 171.36407754748473 87
21.354546096013614 511.52293687481153 441
885.3070452925258 991.1085661189178 314
840.7626028690704 573.137841001894 541
493.33283319613497 438.1720065301288 43
894.5493685695876 772.6763740205023 510
693.1940901638465 96.30527068834883 264
409.9723839795074 795.8407060515464 158
316.8299335230782 505.86567059864694 693
973.4499668747978 114.16054692141586 57
454.3611292085028 578.0965546576496 781
34.440712775501424 647.8165045948556 252
578.2545071147895 111.77154224655594 282
578.9637799850914 321.33594416900735 658
791.4701240409956 586.4200026688031 309
282.57157390830065 744.6672131355506 755
230.02123008380582 97.40183264139235 598
338.02928879336525 968.5231802584399 269
574.9774323873755 386.046510579991 671
327.8833966744187 663.3943275649657 458
73.11352475437471 918.0913890595638 451
572.3795846196823 816.5672855692884 492
483.0426755730216 966.7266598174002 841
642.7098015851179 216.71245498085335 1
63.27732505356043 371.7368275113123 740
627.8470948899803 437.7273648570279 900
553.981271297293 173.33886995680936 73
709.8285588564082 126.49292401846989 212
90.48595781911295 72.9408811429364 55
683.7518275414136 898.2650465802302 877
199.81378785270488 826.7859882612931 106
926.7867001773666 616.3653982875747 840
114.00110284764497 572.416633921901 10
502.98405110172604 826.2430546540238 345
615.2049267311158 521.6678518694176 897
909.5532508394623 331.47188228963887 13
568.4216515241216 716.9742980343322 772
321.58776459432283 698.2225729623798 713
673.3000645125679 790.0972100284267 223
581.3272123823207 108.93830293047557 155
514.9825672521926 465.235148143775 597
626.4408655511135 716.2221567985524 127
386.0608141265454 610.7718824207494 395
498.7670009084042 252.05087035713458 908
959.6553902832206 543.108363781292 443
190.19805696750979 300.0149353024848 675
745.1872359276439 259.2436866742739 386
487.7204332909082 40.07120458632751 761
809.6343044203919 90.55704195794556 143
489.95336326515536 575.1455971857881 8
659.1600848552501 685.7479593221863 957
30.621206108240926 4.6983256559912645 962
29.664721897541657 264.9467170351475 445
600.091004370989 845.481118227106 500
333.66585052872887 383.091362660007 583
239.13983762207124 682.9255377189828 398
204.84709576931016 118.24400708077599 839
706.3821824425253 563.7587762956816 773
132.22496565192498 306.7079305174595 854
208.69314982841513 322.70913175811955 880
246.2083148541614 486.04620739495255 984
593.9831796862546 961.6379478756364 258
236.0183057702111 360.7672240010964 129
485.78256213273073 192.85433640491578 409
929.4287106779917 130.35010430310356 602
817.8471810775053 154.661719674255 298
731.6714371249425 878.0455017447032 886
510.02909768484574 619.4620715403655 15
513.1667712874573 764.7914562854311 473
250.13270770740493 693.975027554952 535
287.2241812024613 847.473576672205 460
47.95069983683309 923.9688847309304 65
916.2043178757937 591.1247189190094 151
654.5936807248227 226.58478988682717 622
484.5951382570122 169.2226385791854 693
22.696116358285167 413.81553878290543 405
134.63933227760072 714.4962517663178 353
321.29699431761503 260.5629124094002 262
698.4855329878578 264.3953011533041 584
936.0215157151493 132.52180229515474 964
889.764737392506 554.1056151053899 129
792.5448699120984 377.40051293804044 45
760.4069919636312 964.5915484153782 489
186.7156651403702 964.9203169703369 756
12.857000294114517 32.80563139957848 110
815.8378176766133 682.6860759852116 871
97.77998094597862 188.05938719624328 669
407.3283535460178 333.60103546113896 893
634.2050007979707 385.81797727798886 460
318.19376840289715 852.5397550272744 287
225.50748222541074 151.38677587742632 855
325.91495905103665 434.42217792487435 138
941.8349696843333 258.12273232903027 112
592.4382238039079 116.38224683552534 869
466.90580510717206 237.4749794866866 517
783.4455185751551 266.07342405859566 207
815.8564761058868 689.7326193558474 183
286.2690947969061 794.7031765568403 109
32.83315055763269 596.7605239258745 948
628.2547574664903 120.42578185434283 669
149.59869673819915 692.974333296428 558
2.8889486214864757 5.707078181876435 999
364.7459191265744 226.16984102801973 359
834.4158743273387 113.37224265846724 249
828.0590887916668 277.7397196434389 777
393.7356926544724 671.9391423907135 675
228.35532978367857 500.07852146611907 29
213.45445250170147 625.6331305468327 621
212.13726124138753 78.53276931706799 814
240.38248094854652 493.0671281738989 492
611.4533124013096 545.7897652011931 803
664.7150138178074 491.01527621016584 685
794.3995135292574 576.0945109084655 574
687.4348288402945 770.3358719393069 574
360.72822760943234 446.4773354849606 189
880.7131397731237 770.0762586642562 549
436.02127475650923 919.216466779866 168
625.5864724985792 544.6221599649732 841
90.90567281010887 555.2957364671374 152
714.281836443858 7.707505416110316 667
871.2450892120404 302.9935730567933 351
367.44099925003025 994.8832032170859 844
954.6949387771059 593.5517324579243 337
172.67982129992777 26.82178312467398 353
211.30100379624494 191.02653441960592 931
511.0403068712148 357.9784543602635 152
283.1152261235974 253.239097400364 612
538.1853510017356 773.567760311494 659
384.5106530777047 963.3581898607355 581
968.699979924821 479.12751639048014 352
3.456133855848642 315.87243292604603 161
211.06261829937768 526.9595297133056 776
44.14567893041599 895.6097658935525 917
907.6493863198596 12.186554876738365 746
386.3993370195604 9.319984120037317 324
138.8638946515449 812.9956483189974 791
478.9493660769697 50.09056271533141 298
849.4370630601354 762.027554987681 325
354.7414272064181 406.60508626182724 351
658.2822199695682 875.9137458380349 20
25.725321413402558 588.3459007157337 559
304.3586533270157 288.86165429978337 919
80.44047923061859 497.95424843060346 163
441.7858143435814 652.5726534751897 665
62.372600209171566 325.8283109702032 494
283.78662960957655 742.4070462921762 563
842.4262285724836 114.62261825497444 697
87.36920813523741 398.463598753826 678
593.7510442756205 422.7336978988261 628
195.05723380566832 999.3013607114814 719
627.3161663095661 716.2937463789248 392
327.4445659691324 215.34720079246193 718
939.1109893254431 811.8980612835246 44
823.6134818968677 501.7685035989997 990
916.8122562054078 759.9432312344619 951
984.2466401968867 182.37873172962148 375
459.84105456208823 612.8627119203188 527
400.76509684722595 588.9455436718372 672
758.2536944588079 437.4652387750779 374
704.0503137829149 229.28012762429984 863
909.4299496088953 210.4081056103607 812
443.07905797119105 570.013278163539 739
392.21203560852393 778.3138827752622 997
328.38994887129877 284.45100247937404 742
441.7015710123396 317.6363779066874 113
276.00745138012905 778.3865528580412 414
932.0518378558941 498.28126948954576 823
584.8806770566425 693.8574429336305 675
383.5969435071154 425.65444287589526 959
185.64258402229817 278.4550882445134 670
478.99794788784556 70.18982301142074 792
288.0438437694622 928.7667844815124 429
429.0083119962779 193.24640366839586 387
236.92030778527175 54.498477407875946 140
252.35097387756645 512.1693155929211 371
922.1364253974762 325.1550803171895 642
86.53788612088809 356.23077553781235 621
968.8080743680517 940.1427186891145 115
89.76073908921633 537.9745870000194 156
777.3176016280318 678.0785693857122 928
882.3981465153925 151.14991196858486 342
635.4772066052527 938.1603289519394 882
15.5516313528431 588.6414440871081 608
726.0231742259962 350.61095419741685 455
250.80297993307488 49.08306119903405 930
776.2131912631796 429.1163852806778 6
422.41792618802765 92.63672639666665 91
588.4794224855533 465.01537353028266 799
838.8104676811911 541.8361776725346 334
433.59196974617754 940.0435014451942 273
459.14677834872344 805.5693833628789 821
368.55457646497547 434.0562425937369 55
214.61925067782073 788.3310995085014 255
371.69520602121565 10.430045030534352 782
919.6732609260827 395.5458917678547 617
328.9464748417444 919.661442026365 605
681.596581478311 899.456223786561 895
818.8507464669884 482.10369617998805 97
814.6986801527522 22.670371636505426 455
493.5041501153924 987.8627026993282 597
606.6044845856535 483.76415156993613 703
944.3258357081454 241.4109700660483 972
836.4579852847055 26.467116847299966 702
569.2105941445093 129.7354353204989 665
97.21573228590275 375.2318820705762 583
621.6940530567839 522.4824717239221 956
380.6308814303126 727.5585018093557 760
338.594578823097 236.80712913935508 150
816.0522027055138 544.3000482293504 159
817.9837724114691 882.1470263473738 578
60.473444802848334 234.66645513041195 724
275.75259682046294 506.50317728195614 625
767.2207251696775 908.873739706721 431
839.6953906704332 675.6697935824146 228
454.77580069276456 366.32392072216055 803
646.8710777132741 106.0442779966584 158
3.8354260873668666 625.2907280138087 941
415.68187887013244 680.6461246404401 988
753.1652060763221 753.8349217038955 203
115.71643205207715 140.82159850583741 291
697.4992976653202 437.5768521639497 215
361.5949299231027 13.65459663114832 846
652.5036744457155 648.2092031367278 305
347.7931059995908 714.666915418097 246
748.1764438188393 489.4821587432644 557
148.4858372108142 646.7198350353566 144
720.7721488209932 554.6613473183133 437
463.52279344721194 869.3834277045491 178
872.8444514404817 689.2648576537498 754
217.42992157314833 931.7456703424538 530
973.1891301379397 670.415531587827 586
645.039587343919 450.4494002197864 973
821.0816623842377 918.076092659545 929
566.8702256401206 417.2035632618999 244
644.7020204402584 925.5472936886644 427
450.04763723187193 901.4689651721611 84
413.2685348727635 936.6200014044916 416
348.99286207495874 622.2255186665957 723
722.2168674257045 690.6136990391456 546
47.68490442983553 727.1291416530565 161
811.4883604359703 577.497899068851 997
506.98239553067805 17.007400849574527 851
33.485123249221594 144.06896342835918 784
812.5322394162262 291.92380754024936 843
483.7393554779077 409.0463440558962 312
842.8068512437378 191.02898245648825 576
88.57671028301817 580.4351240198006 561
321.6519368458567 458.7391115631949 406
40.4622274047628 626.9396424783309 230
899.9151912239821 717.2502629460387 261
408.77845633572394 344.9667993351506 763
412.97183824738937 46.91748048351086 65
54.19263198638768 730.3159105064706 652
903.6672012175273 147.74359238125024 546
266.4486721209407 59.383575749621166 626
289.59684149197864 643.6720809760287 650
635.6302388435336 833.8564218031373 857
674.8229955470574 463.97503831520936 763
307.1832292719767 248.5565940007779 531
474.12307894744146 70.6346244776871 241
861.4176135838416 460.84033295261185 496
8.533071927746327 949.4203701950099 561
483.7924880016088 61.65238764145076 446
978.9361398655141 723.6814414972902 580
186.32830191176419 706.2887188629882 790
129.91071576660994 748.4491546464923 43
158.9627285554055 931.8870556909015 361
816.6144034822343 826.3434239479536 678
480.85151211405685 818.5160434189753 778
361.96892849217545 239.99469221895663 215
5.632590726215692 841.6267201146743 493
218.3542641445574 856.9249161526125 68
114.51210847260451 896.2719722144171 558
607.5080845285626 653.1889643034544 226
835.4894657959871 66.14986219631047 87
676.5482146426401 713.2882604354913 938
239.96361895374852 944.0565513282442 698
23.671961941300836 873.5161086292368 872
492.7693447967818 192.67076677801853 60
41.0052643770924 361.77909902659457 213
238.66883084885725 316.16014305616824 964
830.9593702915396 416.9895140570904 634
700.8995766541286 134.16827539284725 501
302.9266578827233 968.4522430820867 726
612.2120716864713 394.33003070825134 41
437.2678288246088 878.8399969423248 218
534.287221648952 41.66273080910388 182
566.2988558287035 72.65887977017682 613
754.198173845959 837.5627026252025 955
385.55407446997225 94.57915530099037 785
210.48189232563698 243.2726896028634 614
146.93918340464407 937.6646300788851 668
87.23190766231825 283.29878906113925 869
4.573278314599638 880.8723882197324 194
994.1416193069937 670.8554366677129 908
151.76738944914447 434.4031118585985 666
682.4598245908747 736.7339535382274 657
267.1051771173949 358.1324549233661 70
272.281995886108 317.9402476766714 228
320.8315830348186 16.92619475696633 816
405.852098544342 380.81942985318517 813
19.21868854720621 122.97144958414962 78
497.49889832103776 878.1994987344817 20
479.9568315074513 369.37997472258934 309
579.879209505076 326.52468912932153 509
522.5522569853675 201.64686162792123 755
711.6747266906812 508.1630697518882 193
793.8314674427888 304.3173206636993 99
662.1032427400478 330.6933546016226 684
662.0795716273107 241.89020578237208 100
88.62121992982908 623.3596477197207 413
204.6180520862948 876.0664599051022 322
666.8320489832133 996.5567914076918 352
615.1699105069241 577.5888593909438 673
459.1465845217487 47.45432255675863 772
441.5290422965751 289.5238803143302 561
115.31144683122608 89.62770242487672 206
990.0564302489341 951.4257035903152 795
88.33456898148117 673.2040611475878 474
386.78541976639104 386.3393567514615 307
438.655261818566 651.4164118460552 737
793.2651429194549 978.2266659458458 842
977.2967905219925 304.11981603891536 429
616.6014006934024 858.5467248808087 697
177.01919052388772 809.3165860093761 651
710.5946310945043 612.4322213473793 421
157.41421683457958 468.2624304457841 476
124.09781819624077 97.83194642928284 976
246.46185420662792 808.064774134702 699
791.2455003023395 667.3236375061717 602
790.5680834696608 740.9885929936896 870
436.6713661288214 581.9385953256469 931
535.8305749181717 665.4645119943848 560
53.71770322904579 750.9945913602485 79
295.11584573301207 642.0996279991491 16
190.54508173938356 366.61007724424945 246
378.49299155493543 346.5795549783366 67
840.5116361762515 573.6788854359085 111
565.05243858089 213.99246435544217 420
893.4737754481935 347.5795052533251 374
633.479329769604 732.0203636593166 717
893.8540630044175 606.2841603655611 932
161.12984889466242 858.3361800732432 517
281.43180171370943 487.6001910913883 645
634.9045538307212 301.8821498950562 871
902.2780504293213 6.827567998565209 65
517.6428923963097 510.100397313457 696
179.52805098990754 665.4975792464735 731
917.3900970685779 73.89624287978702 483
363.53586538345616 574.4766756493856 840
205.9658732699564 190.34497979623077 423
386.04516988896734 621.9796783734389 30
195.86143681040258 823.8192350987855 536
562.3534727442199 551.4597154910024 271
31.727916032099014 930.8562517228652 492
739.1985933125543 507.23031100730907 308
764.1576513070078 784.2154692096423 756
771.087330265333 265.04449302497056 765
795.6181692798931 889.8067512084516 570
409.8392548757405 750.6741399805471 701
865.9402713880836 645.3160862170994 127
414.49986217121636 258.12016189138865 140
36.87379635663801 545.2684491073785 171
875.466516363051 507.06031450486734 570
642.2732548852405 939.4288927540784 824
256.29753847701784 704.0872447268655 293
272.183749892112 263.50682854630645 305
167.40468786557628 871.2601186476757 28
466.2273103632084 34.42560485674595 819
889.7449500619925 866.4289782191439 950
990.4538492056429 289.42175710227013 559
694.3390848248597 811.9028773900632 431
739.4872414206133 613.1613630542191 30
159.28485724968843 755.1071634391358 849
790.4952219287321 1.2827096074242705 896
849.9425032677565 217.1630278033132 280
835.4690611107143 842.8567093112395 656
467.8415218751859 320.909129722317 832
912.785210102573 155.94753483604583 375
616.0744946537825 935.3081946072447 781
187.64699450618204 791.8857161540565 776
344.0810361277895 314.58450877763767 595
318.0246568695367 92.23839329907113 147
609.4081407625696 465.43081727268464 327
336.50815934871747 539.0338672319602 668
983.4894059749689 263.6918640598403 204
297.62386989846914 430.7240672755588 694
672.5224311472787 460.1924798527506 154
833.7752891507866 305.1520688617869 785
872.8129683788294 112.03291710442743 657
248.50246122635477 742.5041167209455 318
540.1458953198311 921.6306120094227 783
224.52126750963376 715.2780786921522 740
617.6655818996082 885.3510120073335 801
521.3380275342486 21.25548188526205 219
649.1103919930356 630.0373667337246 139
341.2811351779715 990.6691045289341 397
566.2386342399261 99.39813633091687 554
68.84021908123428 596.8269447932073 75
915.9969785017742 812.4319886226958 415
806.2017980984734 831.1547469748151 147
84.96807484478497 846.3331691955825 553
517.0735494548563 466.7195943757351 338
455.1936573109897 802.0066507101754 558
372.1581653734303 895.4579597940938 918
296.73291100787446 810.3564282454296 747
260.31560437443557 261.9014101614812 582
154.11547678123904 847.1617466703532 339
943.1256795184097 896.3146493625318 884
649.4218266340021 969.3084709593427 74
533.2625092763858 898.4400736139617 257
165.60934858435195 793.4677481861769 578
492.6897181439345 755.0658784300549 335
142.22147910178063 892.1288410432492 837
143.5209772335173 972.2069742922279 788
382.1524265895443 848.1740253836813 363
450.4779532839854 392.94743302528025 442
924.6330744910064 791.3500222508626 466
360.56969801722425 315.5159794472588 711
676.1878076108333 344.4841017851039 388
174.8971825359029 627.7541833780448 819
697.1740981709557 180.3746907805911 205
615.5165354046519 183.27453078487 293
357.56022379620043 246.98772822882188 682
887.666539597012 60.68048020866457 128
577.3417386254443 198.1787876343858 179
985.7392203502521 741.0428334871899 152
38.46993810065735 25.15556116934059 393
430.8513622906205 569.1218918433999 880
397.8580629493405 902.9599634719714 590
883.818543115396 1.1918731060936993 557
201.73340700587815 719.2717602283325 306
241.83563860841684 163.8217654254961 36
275.1714568768482 961.161711762217 406
541.4271916304839 460.21928894345166 41
25.59725713307781 894.0980545210881 58
421.5147736125284 47.68827467190562 606
273.9973514181708 487.8597817584136 332
56.19777955070393 162.3344373795158 126
208.21048452165647 122.02231211741687 270
917.8388841193943 360.57918260551446 148
697.002463927521 27.62240596453558 863
891.3209604411885 680.0752142860366 351
183.54222207255333 153.26212528093708 700
470.1289970555035 206.57303563905128 682
541.2981790938541 839.4822726104795 963
664.2109427697541 660.4172852783414 771
375.1154419595035 586.3590292969975 943
414.9989127020014 671.4228467845008 359
30.660432068065013 202.72180461212906 644
145.91242420712447 831.5758139005258 55
790.6838659725911 71.90495806027386 631
318.27609466721094 568.9237288959359 15
719.4107224223602 165.22924226505376 217
805.4026038521814 47.70038574594659 569
92.47100411635888 138.37534778220595 295
665.9736261699593 101.5076343712068 391
237.39027035795502 299.88773947099145 668
762.6735980022904 57.46447339927408 865
21.95870632503416 407.9671276026179 944
232.61556398477123 481.85314466360995 236
385.3291492891603 233.59535122698404 637
962.4955017877807 565.8103143274792 452
718.0908046373889 243.1297132835818 9
423.5533115327792 987.9865878412685 796
818.3733798460354 466.7824182364563 977
820.5207199658702 689.813833722782 449
353.49713818514806 596.5219565420646 353
270.1734848233925 295.86254982609694 551
112.90602917119853 775.0492238210088 183
117.11230042947751 151.53094480140905 362
460.96826528656544 856.5081196281593 393
726.1681459861147 633.0518190905817 640
759.0057540529039 850.3577430876774 192
53.476528350078546 932.8238775131854 937
308.90744908750025 395.5655263914372 321
329.7094659210291 194.656501728947 244
630.126618468568 650.4374847776302 408
354.2319846480534 176.17042462610476 39
229.12237813638382 320.9855613064766 26
387.40582298410897 168.9336858565136 410
20.84117353472692 997.0898386332951 926
924.4709261903885 647.8327818862045 121
989.7031405833895 989.5731955828825 391
463.9344565309551 13.077107046716607 895
431.10528689967776 260.60608382051953 222
550.4699816964801 670.5589588580323 313
255.27854972358088 187.78738268903572 673
712.2509555630603 155.87345598060443 161
39.584612813730935 13.764600697214192 753
200.85505025458627 241.34676972038082 156
793.4085139388221 526.9464650791025 340
955.9651441095536 195.50253586575306 892
823.9729990728172 605.8009115575549 473
735.8377719153452 672.806324624758 161
767.8750083374599 770.3866158671568 174
977.2933497168464 860.6922675340307 724
540.9933923249166 42.967063551985206 884
92.84005265106954 695.0499088046965 629
838.889170112717 750.299556618272 155
612.5266065788664 381.1643357643071 545
578.892115728417 938.8717308546867 952
636.0920005193137 287.54848544347846 80
91.58890731406444 72.68497424632858 204
933.5949149878285 963.3404699641284 34
678.5139506808673 940.504731545147 246
445.3131441159497 11.562809906207395 305
844.1829438797748 852.766932732238 305
219.02346098989955 443.16173375987034 889
46.39218697563807 386.72875927146697 770
853.0414258379113 888.8696313122953 682
661.4473511968861 93.60491722430619 780
360.95919491575245 32.24797143117431 74
562.6136649098268 888.8940175289493 163
407.0881408353421 919.0011589309674 352
499.3908185190569 841.9500174958139 840
275.98191556772866 459.4782048568079 641
920.0065159861407 574.9390115770087 102
800.8015473303824 997.9774810270553 341
920.040108560556 831.5497541229354 318
880.6517760795614 165.794774591282 245
16.358518683427413 618.9818401179554 386
89.2825286415403 666.97199570881 347
167.34928298750296 740.9019885798049 792
570.1975522509813 71.66896620144014 896
990.1377119654358 741.9917174112662 422
587.7067563663127 690.5742681322026 825
967.8652570418277 645.129173443169 988
647.0112243756223 837.3289641456281 519
876.571870759265 392.54558599704336 458
402.67803030438944 893.5780601745325 883
346.7604593959034 535.1341165708117 807
955.7935101171367 584.9414258726922 101
127.72266586650083 728.4657965415921 632
611.6499551719489 633.7932581304091 434
632.9948103844845 125.25901177838273 747
981.0102082922565 461.9910258346517 470
552.5792207324547 85.31936003645879 742
435.7406960387733 24.15115166251558 381
80.42046186300023 290.6767549612601 294
65.58680625796242 968.9068586924736 167
642.9386108409481 109.76697844981042 362
150.2221005581612 712.1543197070185 247
372.1745739912147 683.4535727722487 746
333.8571034512506 683.8684975848648 169
647.2134542632617 77.75808883772561 165
764.9396244025992 438.75161614687187 403
668.9166183480178 126.88064336984539 997
117.36020407561887 449.5463546982292 965
303.64912469525194 657.2970337999649 591
51.95821746857643 677.9730645191296 434
114.1274063717983 926.5514636800445 56
936.791055097934 263.52551898803546 517
628.835068236988 814.5374147958522 794
875.3559106819989 385.79502720223513 70
8.02232268498171 307.9887922810952 456
822.7587773208801 176.95146298201047 544
466.05100293739076 369.6026974212908 23
324.82513746712436 972.8623614279155 383
341.2093572269035 378.83527832979235 222
731.6217384829869 529.3113464993628 703
236.05151408235847 803.2613873784395 755
463.0323859336266 227.68139765804784 878
898.2615688499197 16.456676410989026 448
884.3348907268124 800.5433233755222 398
907.8976907293415 73.25135814534801 977
102.60971243472905 331.77223770971574 351
982.4025005806686 59.771372592335005 119
409.53109940569885 426.88045351726146 272
1.5216484610451886 314.34050963865513 36
263.69756404187416 768.4548014025952 23
71.87617358153531 587.7304491645988 23
697.6557413158502 801.2228982598853 729
731.1762341157803 745.92413801435 259
936.5449724565561 47.3440675753537 329
628.8648802274313 761.8169425636077 187
304.9191892032361 475.1303540479721 95
256.86854731947693 573.7664008860253 289
737.8151346628716 64.04342356891124 658
653.7502933117032 660.9795029099542 769
170.13594974427383 459.0234966722769 81
433.01963813205333 93.4173341608605 345
549.4034708274082 883.9075898600992 187
819.957590837211 308.69690416289006 119
128.82209356740358 627.7068625566641 785
990.0733492575683 139.46133545763595 666
615.6740868053355 365.2493883562237 892
638.7075673943093 882.7061865587638 528
50.19140985353276 490.53173790041916 579
442.36685624200965 192.47045471296374 237
581.0246241490793 372.92048781846967 582
823.1012575861857 876.0599949879531 727
912.6362759709917 604.6173886599586 749
962.8588106929576 572.1767341574875 806
138.60815733664867 842.9790708762048 899
191.8988281587335 148.87466047770792 959
172.45540173619966 826.0831853008291 609
852.7698090344459 965.5143541302882 700
959.5819056362177 128.16211020401892 27
672.3636896816477 29.891788874520486 69
88.51777192215738 336.2231615502728 924
375.03446491833137 671.2136283565167 466
933.1730712994747 322.15296056162424 920
704.5836267470961 603.5019984748485 665
418.27425906156225 82.25389177853837 836
274.1432277774161 49.084773599407995 795
711.774242649832 662.6758718596951 675
752.0526666316773 533.5906144402157 851
789.589013781719 5.399166026307856 775
439.49239357970436 460.6674565751198 863
915.2692864265714 695.5399792044626 483
105.04024074808905 697.5687565690896 483
850.1941669257304 903.2083950159652 278
796.421377200486 466.12060072944405 720
166.20699902040215 161.12171000361997 914
259.9460360984466 498.7126010541593 227
823.8742764243102 466.55002993525466 444
173.35658016671107 460.5072559542797 420
757.7716290146863 804.4958046407328 383
668.85792353343 575.0497280419617 351
537.8239638357492 4.100984996158852 639
246.14916239053665 235.36644038310217 13
838.8026691748996 975.4248992685214 975
192.2330864530344 612.1536910242695 310
144.97862124750228 776.5172129862443 656
362.69916073693173 116.76891626743524 705
264.2632086822148 165.8314210855264 667
135.0619017545165 585.8117439501519 413
897.7632543827189 795.7887866599071 566
382.16851853140787 727.17160360637 452
498.79720649552286 755.9925420322141 108
170.80174374792068 800.2472016239242 650
846.7069192878747 656.348502343213 666
650.1502740189238 672.5619073177028 633
509.8148536345226 770.3672571651653 624
741.8302479287207 677.3924979607358 682
65.70371145445874 832.4479702327561 473
76.33519141152856 557.5946777409182 151
594.6022563781256 628.3276983593711 585
544.5963722227397 367.8028478953308 654
531.5375989860288 553.6276859135877 463
91.20770829372272 965.9540353043853 486
615.4923987831378 617.019104490187 442
461.08525430303814 900.2844142601263 368
626.6490004474113 513.0751217145512 439
437.66423456299276 702.7312192380948 464
830.0844300345776 584.8529045899143 108
144.5871652899656 355.70110689987746 994
77.18046618840502 178.63020119110183 658
317.27173627432416 432.3458563923881 132
438.54144285085516 594.5385991836082 414
775.8050866739867 55.71067855186651 251
807.7823235637103 844.6027734943871 438
887.4932723397169 815.4637456543147 930
762.8662623417516 732.2333740396882 956
411.3303190886517 16.17292087370348 308
678.9723759188734 602.7931078498743 468
156.3285515517272 841.2071161685659 277
405.0910731156919 363.4706962473058 488
911.9709502919508 27.311419631205425 437
356.8092602537752 687.8027300251025 505
274.3354539226147 403.6489310784226 286
253.46384889124795 698.3068749201092 230
56.29786385538904 270.22999889253265 156
301.2324292612738 560.7289845361757 512
469.3876439415069 747.7042562460205 124
558.2572676603472 467.50828904748863 81
316.41605849652467 867.8224411441721 903
954.8395184327496 199.32644251150532 20
652.3245271277681 89.65033622494245 148
190.71645939535898 55.718431864597015 807
443.42858904803694 208.79872006376155 594
64.07747743647462 769.1791379999455 145
821.4162133264144 201.98024104210222 250
991.9449175184337 867.1519224628755 525
149.57285296927702 960.3885572891683 603
87.254410604788 529.3155181019462 174
752.9970816958746 627.6042153940753 671
914.6458144544316 991.8165538863183 929
49.30227450972946 198.7024665654038 838
114.26453562764827 454.3476808944884 812
816.589521775528 519.0637476873441 751
284.9603447945974 485.09890053004614 575
133.46927238633387 49.65817894448388 543
83.93527307662329 691.006591007986 508
618.027760268318 287.6850150800403 151
739.2712204146936 738.6439153184788 492
979.4714865167282 61.25035421673852 224
645.3841919903117 562.9774844784973 87
682.1860878840641 299.05774699466434 869
478.10372836549453 365.1862750525151 718
172.53099287797224 267.5183075176022 871
476.56359550059415 359.73108226987824 688
840.9088756595769 487.5284724702008 820
420.372449001021 752.5302962556534 348
789.114698630717 276.10579270284376 556
791.003966127362 137.8849137270227 129
327.43204192025655 16.38233057242955 479
904.1390161143624 439.7253138602316 852
85.46079092108039 760.7879836969081 237
531.5907440581609 417.31881035198194 995
17.32095017397817 777.5080715161093 760
958.5982780446893 106.46921530554631 171
662.7701614591044 420.252611436733 110
964.8705039084155 536.5342533090013 626
320.272379084796 442.0583455765825 634
240.75656284159274 757.3762110355648 842
597.0002454898886 390.39953376478064 963
980.8272676797985 929.7043112168196 706
674.3549964330507 877.9988384620799 465
379.46202638447625 944.0374414190333 684
845.8198906127419 723.7143105079526 235
245.03704718292818 969.6943676408137 765
298.14540389894216 480.00764756291437 179
876.582887356141 475.8024083591028 962
355.64755340901365 935.0505947893284 16
483.4563407465812 715.0562745166301 904
382.7614210538688 60.02087608701445 564
515.2237345120517 38.77069560024293 759
319.82991329590084 484.7535639758267 925
453.7510847706442 443.4665206530008 836
188.2385546670783 483.1380139716787 34
995.40138550456 601.4689129019285 353
753.290207658177 604.4003856027875 963
799.5579217845599 626.4138817440751 778
829.658792128477 346.17692923583456 869
319.1448431551347 533.3644031435387 814
427.5707233289511 927.5822547266125 807
510.1480127302753 434.9590378645416 51
233.3467100267592 867.8078107360059 434
298.8192190730283 383.29887042326015 517
627.9856409582421 71.60573389669855 133
368.55376722076585 258.1422061937475 660
827.5655640369952 99.28436190735034 978
147.00045877442713 665.3682111215664 463
958.3304946928461 27.878926005524775 494
818.119045246205 398.8738156152601 105
654.1832245350117 977.8483462809045 16
434.46717833654327 373.0357655574421 283
260.06196754170895 161.41700956200887 19
594.9669530696657 478.9457016926842 589
822.343063783282 393.2113221884815 422
627.258410741888 110.15778708840674 153
706.4232763270619 671.4635833642742 239
77.45373512182252 849.4874663346069 35
548.8137890250916 154.38665346552273 677
372.80752691908714 861.7349563149812 320
238.343212352368 901.6219717243948 891
91.89954351537632 718.7714467043479 956
38.08876858269406 923.3067848709684 96
126.65927822842949 725.1763175408325 177
873.0692215983571 703.3285131094999 764
634.2536976131535 176.217667312481 705
307.88734063789934 924.4911605565179 456
786.9503585283492 699.1306466806712 559
167.37960832445887 844.6061698793402 497
816.639149553602 681.0933313940164 601
803.2498020278352 351.3363008938566 521
426.83832457489723 132.55711118647784 353
905.8369373786514 816.9789120891978 65
115.64805627283192 969.1153288320527 51
161.97073608873413 499.31435300173854 806
438.55330549200664 199.4634744081517 21
766.8849439383443 872.818347274576 425
710.2527606431541 193.58306322299768 677
255.89693593684447 528.3753452254167 268
681.0045265552784 297.37621844144655 130
575.0315154014917 758.0905921606212 914
276.8296596447668 384.1257012923065 179
216.57726212640858 367.72987042710406 846
981.8046390294495 367.1946371612911 411
322.50246604661083 76.06405652156755 9
666.5429886532761 94.33312688174067 50
260.47299881422094 27.27381717130306 117
955.5726379600624 816.2553700083471 991
534.9086156981798 128.02936574247025 300
112.06235142102582 817.8301670203192 201
445.1312835179552 236.64773946166062 312
619.3336137546434 444.22833137952125 570
875.4323966378906 852.5171687502409 886
278.41665414560555 813.9375177143056 901
795.0996815602919 555.8822311909624 415
791.1108060615869 415.1459352045108 784
966.229707807038 74.63594104225902 465
602.1108691133355 880.4132264342777 284
787.4685697090547 620.3778704687281 948
649.5604144092628 874.7253777711965 421
918.0291624657133 729.1227758088928 419
96.37198401428493 296.4603900300837 37
731.6787672441101 461.84766823370717 719
17.574604589933763 976.2685082466357 967
922.6405544551617 488.06836761800633 29
84.25988864709521 806.2266131083884 944
487.7680282107494 33.34883405598077 304
808.726880947645 210.00048158568075 116
18.51952391200651 857.7054102699129 112
514.9054940940911 429.94591123803616 406
403.9199914144175 188.14692539924783 502
235.79079017739048 779.2546993335975 44
561.3523350656164 533.7267272663756 551
120.55447854201596 482.6917868831946 999
835.881642715588 552.2461750600256 660
841.2024596944538 600.8049133809917 943
778.2566798503356 428.0997780547596 60
73.40385148125539 14.735342149190146 928
136.90104076497101 330.00237635830086 184
970.8236244197999 36.97646832259704 158
734.1018221754773 710.19529270217 556
183.9414175335289 23.916200371811414 552
769.1371532170125 327.55075011133295 928
602.6434383089944 561.02617112382 507
18.044080917828943 408.2149508553757 866
507.6059208918821 968.5450140428615 966
312.3174669887098 769.0594774227648 600
60.591489523096456 437.86312514775483 713
384.5375546080928 646.375656156611 359
703.2238198258096 308.85931418329704 16
0.36674336630004856 625.8186946062904 627
690.6615291177383 661.2430559105051 628
564.4938988914339 104.97551293948982 861
662.6808702852609 86.9902128668646 973
545.4486120631472 693.0396922898456 724
747.4458757452911 808.5935540824659 532
300.2356070786104 268.84115925198995 257
662.6355788753435 949.8396279136343 445
313.87113990815607 635.7063739543628 33
335.03887701307144 581.8173704576486 403
389.39606941811076 284.839294283202 571
548.0830828696509 86.4343629872395 17
341.90473104303044 165.44393246029932 277
825.9804764275561 825.0101480585249 960
589.5495081661139 990.2415433870622 934
222.7771328859398 154.03858198853405 590
215.19386676749542 218.6530842576212 159
187.0782507718607 134.17840719357721 557
732.5906137141884 54.77586122041001 65
589.1389544421999 742.7313752490403 60
422.1091785401098 25.7830439625214 843
161.91040798392663 935.5627012913528 845
268.07869276494 19.058209473434285 13
694.798604301946 750.0526311336201 74
942.8879018710901 209.68620526627447 369
429.69324740229774 170.6699465768561 91
104.09153665752669 570.6394988972455 186
421.6561779433009 317.83665705780663 205
456.863583305114 510.4298274077368 901
705.1505437702262 531.6507343511491 286
718.5548694878474 793.5960896966915 581
748.1172104447796 844.6620775930171 972
486.6938493521893 649.9545881325613 975
54.06473057576766 112.28751854475694 404
985.7125887726705 564.9554827074825 299
143.9523470454065 60.88013748703869 30
461.0130609384362 928.7818319739297 997
47.27116490673955 94.35862321061394 668
736.0814807070882 61.509318090410716 568
450.44791666275165 189.2539483243143 431
893.0008620681195 759.721231145488 193
330.8714815263658 168.1917560974543 134
1.683989913554118 502.9551375706878 70
347.6115698592296 936.2549148361486 359
581.8774526684372 436.1453249060885 307
833.4906272955767 951.3815729660382 262
511.0857151613046 391.81142419257134 698
550.928331029744 552.7923431064669 67
883.1184165359189 474.8317003371116 473
111.71254897469463 586.366308898677 950
68.89218607426484 93.22085485302011 79
404.96837280607366 800.9512215101183 347
365.08622220091615 10.195362324170286 998
279.89297398183044 61.729656937007825 995
453.1786483816506 66.94209671777207 607
429.6674428322845 831.9456568705142 6
386.636961363941 959.6618206237272 111
797.3435104318473 153.3588995762344 477
586.0262418515096 215.535721945491 604
402.6735538499482 57.22287108871227 343
435.8794765423347 188.07173613725413 977
934.8423444276042 526.5879271204484 253
965.5541050849041 943.9522215259034 937
506.13395346702873 834.0975889756766 80
246.0908182161563 558.2592131698426 838
401.53275971313917 820.4580359072608 874
10.468732914607148 428.5900472395228 829
786.2023177981106 989.9219629458096 645
271.03038872409303 744.4714526436226 465
60.894430793870136 932.2575094039877 947
460.13698316831096 801.3727689759173 748
318.4547451362517 350.4887534193027 221
520.9802598897196 259.6555352307447 209
668.4607731147617 761.3418140800277 575
862.3752658309434 659.1098087063436 357
42.358020604946866 217.1195081471704 447
730.8679892688614 30.2105255999342 804
733.8656972992467 17.402989383782263 587
932.6954841888647 528.9862099895496 638
679.8398778373669 859.1456379414881 703
815.5380475352687 906.8266217888641 585
839.2564246516488 498.8705515428291 324
746.1492052500581 756.2182156598419 808
864.8737483330309 677.2568756749208 591
577.5683900250359 900.378083830021 87
10.647327724305434 790.5922402733966 319
320.51206098702136 905.8937535748892 261
23.26960279563672 853.7970666376355 94
972.5137641084791 17.7595280222167 195
672.2476221510924 251.8923607454736 23
298.37823436802444 679.0550806648108 537
245.29120506445378 40.42438177216889 761
599.2398981675598 449.40628913780756 815
569.4736192224832 731.583484320045 890
141.82336682790853 797.2393468064578 660
277.53876841456037 623.3036952151969 166
774.213674094499 801.8054292769558 556
877.8922605725622 26.011970687095044 571
984.3082204707877 386.5142805980525 979
50.76689184514605 230.65557356332366 765
127.59381687174232 841.5680149854486 63
244.62222473701723 157.82615450570358 903
397.8052981518623 143.78259556402895 792
680.5890090493625 361.5697747404507 49
108.39314544619283 650.9354560431859 204
51.52156718028622 200.00252284054366 646
515.1043170853092 255.56618877199267 17
936.9335603958696 282.57697767399327 138
177.3837811277319 784.3109762810025 395
300.3871096875299 991.6075506318491 179
452.273068325136 456.94527704198396 456
336.17772535232973 710.3017207705175 168
656.5473178432558 940.4154883845614 228
