439.07187221141487 441.81257327727417 729
247.32226552416859 414.30235713417096 890
544.4078656639177 34.122046252184624 725
367.43236354904195 921.0433241249613 12
705.9008129848619 226.06910234996369 260
628.3005028992469 436.54237501680115 303
907.1542190648677 579.8267770236781 770
450.8509300410482 558.8853758457352 13
806.5219897992885 81.17591503676691 102
267.4214485954356 246.0744221697254 268
496.99701401163463 590.1776195614469 264
700.0698637239974 888.9963336121843 35
319.4736681535563 332.7956581570424 26
393.1914882414512 874.9379394909514 440
464.1575513469379 256.10115366760954 429
185.50718446709936 466.5089848204945 556
560.7339706265927 860.1904849934767 806
929.5940592816663 791.7067497802734 114
843.8270185582969 912.2945250352784 318
72.49837105404222 222.1669895708569 111
632.6571434388302 376.50896893430297 106
611.4848243737109 964.1056967324697 330
705.2981909711673 591.5991696949418 488
132.8589645637813 949.27847595883 57
538.4024007087318 212.33769531095092 964
660.6526168269147 31.61224141700536 922
320.28985375342535 879.6111520908336 233
990.9562606774668 879.5055847411472 658
314.1988174787223 393.09734688025867 982
940.3703518182585 571.9443062927394 977
151.44784796854194 845.0336443504818 702
912.143194760459 961.5146930057128 680
200.25985795683144 636.5448008414354 524
336.52374228821736 199.34413633989502 934
790.7269143450127 852.4661548417959 768
314.1631566378389 942.6866291520953 506
643.5989740657305 413.7253274644562 724
394.09108121420564 733.3709084055207 744
558.0026569170992 605.5958021113299 96
326.2673976398177 941.3159790391293 966
721.9582706567976 678.0978070288891 391
858.3213416744977 784.4628529913916 134
979.0619904838925 651.9373867093514 438
710.7693209507484 52.58888974239662 12
659.8260366721782 339.20528643717574 628
186.17234569325137 757.1690023657376 993
367.1916900022314 751.5142606397593 150
757.2328487664611 703.9928072276147 625
844.311813370729 794.3639538136407 232
441.358585486472 574.4099121539087 142
758.8091913302286 752.2858966731218 959
609.0209888592065 142.52538089906886 882
17.486654046220075 162.6903893098527 981
717.8981561744299 500.3506571433458 675
924.1791804612984 775.0371534937253 970
761.4611301305639 954.1900177476653 435
71.77075527302922 911.0556529772158 143
722.4832646750709 97.49796004664768 748
906.2886720386463 328.7496227119258 514
783.1509167264979 749.0599690310539 703
668.0554701242683 843.751344329161 53
683.7291210558351 440.77104986791903 514
844.4628554167933 260.8244771490473 521
709.5183543594093 170.08664682907494 337
654.3741097285348 464.5534179835432 964
486.0091052464064 182.3798007172329 990
164.61139667436808 123.19207711745972 603
953.2743618605493 452.6495306663438 533
456.5755757554748 607.2985983512963 970
120.19297914936044 670.8819013734242 924
143.28703517337826 800.3992972254891 175
23.616041940752062 5.582566800001465 983
779.3854171166876 472.8949872873085 192
166.30286073568047 285.9792107189453 308
999.7152139606214 125.95158490478542 505
482.3414761542969 837.2284394683409 567
664.5413443334817 45.63434166113301 591
760.6266620131652 519.1871160633958 88
438.1205167443826 220.10443260361902 115
158.82516530835633 695.0572479124554 337
701.414349693905 512.6816780913565 795
714.4159292492669 126.49690907595578 379
336.763267392452 447.7805022365062 984
13.429216481871231 455.25615301561197 208
177.36962577229764 85.14824254599584 74
244.20553281138845 942.6475244501104 231
423.0153007465496 370.3237744009645 772
627.8568837513742 124.2428675468007 199
628.7876989176486 845.2584474225206 933
909.061924036421 301.3312751271555 629
942.2968605618933 15.414303559000642 21
457.0859794205884 521.3179713017639 740
247.5616848759431 936.4328959345019 533
752.1673833430453 457.65948460795755 980
851.3299504763961 249.11605471796483 697
772.4252511760037 988.6450748898884 201
788.7656034052532 428.3935677907238 226
978.6543289496086 226.69118856052594 739
401.81888579786596 85.93031274795482 523
702.0191292251183 303.5018825500124 689
729.4181413993668 6.282327712764935 683
678.051771773291 836.8606645076237 913
198.62539967621152 966.8086984817977 723
677.6474729750073 498.1077504394519 61
168.6849677958776 866.300598901384 189
417.39246399759276 416.1696834990787 951
681.5647973526607 489.8498865866917 390
437.0528024627405 540.547098767531 426
506.3759550506668 65.80854385318835 31
874.1882448955567 816.3361557060917 57
511.83753623508454 159.27764081938335 15
679.4151224983241 895.7527233178733 541
938.4444391866625 515.6649932341536 158
960.5580846117837 704.5001602623639 791
130.11317659474386 362.2790109975278 653
331.9943110027309 938.2297114332986 200
212.15096006516455 242.7801182115197 414
548.2611462198089 120.16328171096491 723
886.397662175234 99.22719140797776 100
113.11325605080481 343.2658868052988 474
140.374346693651 452.02817684409223 855
186.9623451514828 368.4162580968845 468
842.7260981701968 253.94487344237982 183
412.23595731181695 520.3979126754505 282
540.5346616877968 123.59009210771954 12
464.7782169487057 635.0369006639697 385
301.4096509299977 628.7948363295382 144
961.5032630183781 434.20132337420324 767
866.9703475152241 548.9635120282676 816
902.468964147314 960.1325714862957 466
441.25384885550244 719.9894222215191 309
373.314673403039 338.4015993150822 419
834.8161708734186 286.05882045491006 599
793.3941641737896 751.6914538252566 626
604.6193398253121 92.44280005008343 418
6.555698484089212 865.4777562632986 683
280.7240737721402 949.4483680367912 367
738.4830485501232 562.872421134269 242
968.7290262635098 689.7983283526056 98
96.92523244027929 198.51326522403946 626
303.8896756294199 14.297259340440682 87
978.1406278520681 326.52909399537225 59
959.4688423390737 11.32309706963186 621
763.4608168078241 701.1443081292053 689
266.44637040888773 898.6343409536187 636
913.9558303192224 139.2275361461035 973
147.513190062173 338.2064307951631 508
219.7736328715103 443.9986355557163 649
427.87966586156847 637.6495439950347 879
695.6253364209076 173.21306972083838 334
857.8370830319556 363.0279138450592 816
330.64336323913744 352.87677448681075 546
405.8742825094581 201.68586557770396 168
242.50745257455776 981.0891770441413 641
660.2847921720925 596.6728624988322 581
125.76642019128082 926.0744112359577 811
768.1435236975719 323.5572309118022 682
954.7798874454093 3.972157021216005 155
817.1020574485486 454.74923667959655 801
454.2026180882922 885.2934023468179 427
774.4003738401777 673.872352528772 416
712.5640281917765 432.2831051887852 19
451.22572413672003 730.851263603706 171
49.612409888448504 971.4182745700944 653
830.521753540877 114.38435597354557 556
940.6591597283659 379.805739185202 662
687.7111604373457 968.2648078866282 121
839.0485890435714 167.11294602177242 699
398.5604888223777 978.5188531862667 104
922.9129573277488 430.05138354948855 663
129.94980296371816 763.5721875536133 56
499.2022397143233 925.4934691396498 434
235.76112291154294 708.0714078739476 831
504.10560745599344 255.84942118941078 870
929.3753269170433 215.92793980533654 523
688.3850890969512 69.40976420309009 169
68.6786614662449 545.4000154406019 53
878.1723324299868 220.81916122323042 566
976.4742475091914 565.1890193288566 511
805.1784202631347 197.40425652197968 798
319.80118687585946 190.35210972342975 272
306.4732130689336 43.16129403448365 323
677.5229906771455 245.61483629809078 518
157.12926691935735 401.22806849388536 288
401.7695852582196 32.81294224355946 237
98.66775326852506 566.7651551551768 54
257.5484502319749 904.2321637518319 88
595.1689548968394 543.8710574803771 106
221.83513266366316 714.5611306171253 832
947.4335964562565 557.6692278514915 866
263.33996956291503 855.9568993211399 658
881.7391232520825 36.57168177624448 210
533.8902628538235 936.9563255123358 54
669.1128271418446 42.02989756558295 537
379.0932325261851 647.6828963778834 996
415.91617166030846 254.72526381282455 198
635.2413173546903 656.3035200970288 171
967.897442250583 409.7839232696325 490
463.60375952749587 643.6440962775619 390
679.3553759538541 372.00200836847273 233
344.07452958782517 701.4515819920109 320
638.3169342205266 103.8868698371439 573
129.2235998193967 713.2101294639203 740
930.5153025949394 254.34781291973653 119
297.3499004405264 760.9627282145485 496
781.6184883591624 46.91890016542422 703
348.033499051924 594.7508238108272 341
444.34445224755683 967.4705364436068 978
548.8171153804624 381.4187758322227 823
500.9039322769235 90.55360998002782 193
758.2583528080701 68.49168840419317 295
909.6256054512601 788.8719730588853 28
949.3824354228595 140.2895927233686 654
818.0759125294875 144.53652174935206 14
949.154033795833 843.064232888961 198
79.11421941706776 222.36955552187288 368
998.7202028319386 536.8979725395043 753
297.94308978853 541.3561695617069 376
516.9369081842607 745.0100370959535 691
920.4598069311162 88.83505782518452 603
828.5306158904363 0.9419757847214383 731
320.54614590204864 632.2502834169363 618
585.2665892410456 27.096948507313144 401
126.03810488114942 567.3918799791406 890
634.6092894587598 754.3224453917951 231
660.2590698895343 287.2914719790205 868
339.50984112058023 700.5419176734265 556
204.98960355624007 365.5152081228614 194
78.38843627321768 131.9468468005549 272
9.246792316237151 275.16189872253574 899
644.6078716116008 343.4065704416932 308
457.0435065744922 830.6708194365742 11
772.6084581776483 407.3807974502207 425
510.1524863010526 577.8167166357794 789
9.213423982770475 734.4511415540194 412
178.44797851643534 23.644976021444997 130
25.569728984780827 348.5247493610544 649
585.9199708384726 565.8419534115138 985
39.82301163251234 359.3440255004734 274
347.65554095204874 824.3221944420516 468
707.3795735187922 838.9849854096767 974
996.0964409054826 36.59553175414143 489
272.65774034401915 44.00938433058022 306
103.09988134531322 586.1011679940186 548
624.1525777474378 808.3959351450941 983
905.258524155779 973.4470196208758 449
687.1699799714676 490.85455604343485 175
819.2493300908588 218.73782360080918 988
544.3268594475485 939.2869873078681 971
121.86959403967667 744.8205026924772 204
888.2472892060879 191.09689296599763 47
320.286483431962 535.7432371949023 452
456.69123613958374 890.9835005913862 484
986.0154974127421 463.8576185170498 997
519.0929691685374 771.6336034376537 50
732.2738825362844 623.2607604794682 848
235.08680961522865 232.97883371675076 169
863.5531051788704 896.1751495083058 780
792.8962861387746 944.3199418389233 490
513.6912932738118 492.01552333772645 442
686.9039038107626 78.36594693102528 46
712.9779328466129 733.3659524146882 863
649.4777342579933 100.00350392142433 922
72.57914609389171 236.76544574500713 917
764.9380092501551 516.0986364541322 460
659.8974348426277 597.5480771846152 95
737.1352440300335 605.3907859889702 181
19.602962173810745 833.1150758173621 738
976.0033637655778 968.7059509592889 97
749.1865513141145 185.57421816146024 837
256.7570681569017 856.4904705678596 17
340.49063966490945 511.8958056128171 775
837.2619617223974 790.14925551584 38
274.1110877426326 20.842070106320776 36
719.4239331855657 253.40628856079616 424
530.8620459135201 907.2946173589462 455
28.140843318668285 373.30143250921253 796
623.9867804715334 420.03116567419585 593
676.8983063496032 995.7869114171411 24
86.29785405134504 740.594372530035 868
939.9676121325443 555.588045662141 105
443.49852671222845 280.96608628057527 335
523.1207512090756 106.76781899059019 217
551.1999282240486 255.53020050760546 840
833.5977499418867 997.6707052997158 60
246.16942662629504 322.10146471099233 727
191.8136028941071 610.8170369944633 373
700.0659680388163 320.1746004043433 219
478.44430012066954 950.7870941490677 143
930.1024784864634 194.38946970445548 232
74.55667915623077 536.8204528786024 908
755.407758507463 723.8587696861255 522
703.8800385574109 23.704598299673417 372
133.85243838016925 248.9549176906053 503
934.2315741700485 806.3567153425704 803
100.43465527419926 755.5537619999556 548
406.4186694910843 277.83510652212397 545
456.66923447918583 845.8390975597088 941
242.924584572763 64.5280573929592 463
708.1481669586806 253.4773448844243 431
850.0926639992085 464.83204443709394 400
850.6104169928178 665.4745045213393 276
841.190631231877 167.60763717849335 153
894.6558487296547 427.10705402375095 275
970.6728961880111 129.19552988176096 193
834.2053620457081 776.7686251261489 787
533.6217891535769 662.5771643234513 889
714.5330293343029 501.2458651105677 861
253.0186310345074 625.3041890187095 279
466.699781068302 976.025383060536 628
6.081304433771417 385.0890280546777 965
302.709155226616 935.6860276752072 852
586.2486081851857 467.2861728860146 16
240.0762373114086 811.1492126531132 157
484.3601652533935 263.96262116425453 285
534.5699300436961 277.90649935979394 111
108.97368692951936 879.6208506579422 30
5.034755302897098 234.7146140382147 832
653.8295908956759 343.8824423473778 76
30.14983598232279 886.5114057880401 605
639.5182433446898 869.2430552646518 492
855.150495480681 860.2043880709016 513
742.0767588240104 113.97584028744711 500
215.5931016253393 579.4629913570226 367
708.1353254883338 781.2288809688723 114
262.04552166900277 379.29919890311527 163
44.85109832440437 792.1775173575428 471
73.34007060360115 222.1094953179714 257
994.046611868294 710.1429444268917 41
805.9726902175146 127.73464305012882 991
352.4978778497383 631.2005323388192 104
508.86918951848816 65.75124430628298 162
98.50925245153385 125.84573381195719 483
950.9145661415467 942.5345112828802 707
641.4192962379828 262.2589487457724 195
727.8188012909442 81.11418840105166 467
443.4277516449958 414.003990568384 192
815.6048924599718 275.1784872965604 641
409.90315730371464 581.8093709778476 491
913.7341942152717 44.343499230206085 157
714.0236177571904 585.6281279557621 335
37.26293826789351 278.8502752918404 964
274.45776526146125 587.9766880473071 575
388.14121427443837 68.35328731295488 343
171.05997855555688 694.454640139895 785
26.982549274823132 107.75442278756996 406
490.4123276883706 150.30287354267068 605
946.2006705154728 132.50066122852655 571
660.0340179325816 546.018239558914 702
906.4581803271261 571.2790063684696 610
740.60666080899 479.79856122965793 845
666.5163205185612 254.0571296231603 325
27.93764683374644 267.9373214850867 687
61.73479101265866 199.95992152593456 231
508.6699138910085 1.0167703269640116 698
209.45132649598318 952.5221043588377 372
783.3341188074268 516.1546721780996 904
893.0135084793764 257.6857943458153 389
740.9985728818118 423.27538044871926 870
346.30448172295803 632.6651106951124 549
363.9527662211466 565.4165004537437 251
190.3680250584785 80.48320621883398 421
520.7863641165807 93.72494454472513 914
934.8123061268485 847.2665461252353 176
782.0242362528387 621.0084112270409 517
809.7622429358586 973.2375446121249 266
686.4389276307018 238.3529953521767 841
28.273398015443373 974.8187089523825 563
514.7521115086619 813.6773010574481 645
728.9787522407369 7.73896129246987 30
587.9087086314477 317.48954424286023 807
766.5908883858727 161.59674756206442 245
38.62207648952365 989.5420143558345 815
636.3368120010285 694.5371469716481 414
220.6039853881674 871.9024244820625 148
837.3169989501445 198.10223667272354 13
94.79513131644246 204.99713753213854 285
769.2641667008668 526.4475241808169 417
851.0140786933076 474.384301720858 836
406.3223525157038 945.0327170265952 473
21.504385904859703 807.4103163897414 601
42.05573239014204 691.7257643178401 893
589.7736559896643 858.7041071591092 679
762.1787266571853 937.4429650608422 821
715.5078693906925 902.3770198691966 533
743.5563709603202 10.467218292380732 834
263.7836860782922 769.8321781260595 138
708.2782988828216 610.6342958819299 12
938.6537890371885 644.0664354749215 550
975.8714757773935 381.02104444924953 119
375.23121923475776 553.118860477001 272
120.19736098358369 243.80450172787238 310
736.4559833400831 104.79956619653375 111
643.6451136330585 34.923699010097174 368
184.33748039538844 459.1536700159985 585
90.48983864755134 931.6354834267154 5
898.6488625446002 903.2277783283688 830
963.1162600194027 991.201577038699 630
400.0148141494323 978.4106363515858 804
478.2868643229754 975.0624905029877 987
755.1931380778792 601.5233280272233 827
865.3190194260949 918.5200950103912 176
383.73778381271904 918.8702912668771 41
132.62585809188744 464.8858872025855 166
688.630615583706 156.96909615405997 480
604.9218556936157 757.9236791914725 947
701.2317014577256 543.6348951208289 1000
154.46573025178145 715.9217195705469 658
677.2556491266945 547.7691630829596 295
664.7074984341012 253.40070439162642 27
909.2048547611195 78.89963271406042 118
408.0807661747052 891.9854471498942 899
808.7909761166036 519.4584260110287 883
733.1565267271096 28.137394510390656 837
241.2434961422698 315.79818193666233 785
65.79562268845807 392.45162632372296 692
302.3040841524023 251.76777294675335 263
311.2307659378948 994.7260087312404 86
499.5499596486355 842.9054550682232 526
525.1182130084073 769.6372538622152 670
396.07786061124017 362.0999304280351 175
697.8423392446791 459.5478001605133 686
256.0959905551744 508.8188176868525 305
900.2064437252491 357.6670004746535 418
272.6520863022678 52.61760287570127 955
43.993109911181214 410.8058936219651 374
830.1685038956351 956.7671625053597 529
478.9453578501445 987.2097716423456 131
579.030824527047 483.44461311912266 520
868.9215510825535 85.99404975850756 394
595.7426348413803 677.81169184782 112
274.05452910675575 891.0661432567971 94
580.9008710864216 997.1986788611653 567
13.512555501771217 537.2768208910758 989
963.4396884774374 295.1970814454731 937
552.3903981431988 696.0453198521664 767
92.41657291375705 977.5628553457612 863
83.73590126847985 866.4181338574215 986
839.0848485259941 659.7493840116548 706
370.69729712381536 451.6118566250367 567
128.22907398568185 108.53617050156605 427
210.3888946371235 265.471584624178 592
732.7667869074311 126.81074006624549 710
947.0114712545706 668.8396849145566 883
850.6435326454009 575.8370550062498 310
265.54121430334965 194.3573371550581 159
41.888588741104236 166.45356614819485 965
296.0957087626378 614.2653737369245 75
361.97758756716036 293.75411852034586 765
31.911139240102138 808.6414650391977 561
486.84204755899316 611.6354435753871 277
722.0507381957434 74.1328249097718 359
912.716209104508 205.20990879024737 657
961.8783672585162 492.590119942244 107
464.1173213577128 445.31739881967223 867
182.96275971598698 793.160752117684 551
86.44777003474502 744.8273151295504 193
956.6187451427935 836.4122039105373 592
746.2291671541362 466.70201908339095 325
802.5331872688148 566.3068347012183 958
803.8016138059204 947.3058900812779 805
18.335988812164583 164.99241181928025 332
330.3711707624136 955.747518945367 154
721.5449777617034 377.230210574548 893
485.9445248729337 406.9367582665513 662
614.1149786669357 558.4353612143442 91
396.45072334864886 307.61641424724684 142
377.53791956874625 930.2267577465022 751
796.8443359301704 739.2419279910725 874
951.7661736140423 266.6979538522234 247
480.6181416405043 562.6370136186981 478
43.71956620552942 1.232676387723397 450
657.3464730017048 971.1769290700942 553
368.0670208456945 160.4538432105155 13
696.8711349454854 257.4402511730319 749
35.24277423256805 474.8300789356737 171
667.966312909064 628.1748076048195 568
615.5164604183373 394.87963327296694 427
714.028071991528 796.0997355365391 759
555.0279336181454 743.1728925685808 75
348.4905923339191 342.74182733359385 25
350.5799992758679 507.61620253485154 650
632.963035011229 803.8040253446616 383
568.8480259474076 518.3921748024106 567
304.8738120405317 629.1259555850152 123
111.49387218482632 419.23342788358894 241
712.0391764969739 556.4907510081182 204
809.9338934658147 566.9273357968647 714
779.9196251775917 79.37467190575632 514
311.7138641245044 156.95673958101563 891
919.0446083378176 558.2340900099218 731
444.2470450817234 281.05568773006695 660
715.1236735795613 657.255145832244 979
41.217155498297295 331.6461808798462 929
742.8002681800713 291.2006878604343 215
801.4391978675336 770.5052697716931 490
368.290651949123 104.54162149682756 219
384.5609643709108 368.82119265231705 211
571.6227168611259 75.42059817332958 838
417.0669771134409 959.7933565619462 38
201.20918680728417 103.96595496774663 234
303.2933625521165 183.23936676594477 263
866.3238366579546 185.4213795116686 423
96.84383510525008 950.7012752347749 397
969.5262202464294 166.02800236063507 471
772.572988871367 885.8434604494399 238
659.956246569718 105.63211742394896 396
918.2177443944536 746.836660986783 248
827.6103711248761 37.03254955318036 407
612.2380531202247 204.60136257613394 389
181.26725369480434 536.058637667444 587
722.6023394080786 708.2641727228688 221
287.85300493337206 301.94566252627885 218
623.0571287035901 374.8708010127114 192
338.7644781525893 689.567772603794 394
232.41726013663245 173.27467099954475 867
726.9372678625635 442.707992272079 397
55.726149884457456 875.7167982772173 550
395.4600173681162 301.28249373473324 240
675.977016621896 875.0100350641035 561
320.25513670887204 557.368442886238 150
916.5111801713252 189.64438323530098 921
927.8853555562782 984.4406189797054 210
254.12949516109717 404.98956837664326 567
516.035486841205 907.3960044265613 442
544.0496267050531 238.42448755365297 45
382.6574950124534 310.6850977852438 663
922.7679199949695 721.6021216139395 946
39.94962688830805 953.0419122854487 194
576.9823506066757 374.46019205247825 198
222.2717563095984 432.25132079369524 846
462.8907576093216 643.0127252405587 339
659.8235063522696 871.5691289247036 760
752.358947619226 713.8043533114337 917
134.2818603898841 848.1328836153808 442
749.6116756172507 663.4069941051956 840
846.4028618080733 277.15997264477664 12
59.06734995843554 319.4006705800634 482
623.1968766901028 809.7228133492757 843
488.58469181497776 107.11352475309133 967
868.3653074748186 406.56147998495294 504
549.3049810405587 4.683888271661996 888
426.8074479446431 198.31223715615775 389
855.18709043753 6.828745327344343 476
488.21320243153474 645.9486175077129 323
18.072033138727626 985.5223495987923 930
772.2998855285919 499.67739141920765 288
128.37554728338586 493.2708316318453 442
258.8293687374109 463.5117988317686 382
735.7701966528003 791.3972161183759 358
2.7476243874088313 589.2136930211885 441
310.57311928856103 516.1741771345684 717
795.208302701186 664.3996730578557 369
703.9103400561418 603.0964779003756 283
551.5272212926905 240.91890174483933 929
760.795381614779 897.5714600168885 3
521.7895212338746 405.98642168523855 119
867.3444156326975 347.60798090866683 430
285.6653621966901 760.6473563922439 897
280.0825202933571 428.78379835154277 307
483.87624463690605 138.19925819909585 568
346.6949287730211 580.6131616965516 519
967.4443240667367 392.8728080701037 441
505.2559301374877 788.099808612602 407
310.3472363267418 779.1135806459114 672
793.5521863088703 513.9549653133657 510
31.28004297034459 142.58200121572372 705
32.62774323338036 739.2779586202266 546
857.568920714455 721.0594760099463 91
126.74972793522265 570.280886645013 319
585.4024038150457 860.6791256578008 290
942.0635417957793 64.31759468423337 863
343.4271864601226 889.1039655707685 49
512.6032492263083 828.3405147740513 501
145.95713070200833 613.8955230561389 823
13.403027343172447 536.6230158834317 161
921.9544301403115 637.5859277638988 137
490.82847485419745 429.1600946789702 421
316.52035250555264 831.6319827264866 165
590.4989865976547 330.51173123505026 761
678.1980008746289 811.5607253755151 323
384.94102797471805 236.66208519622344 474
749.6706257044206 410.13952889621976 765
572.969543004504 913.894907277655 601
954.2160733119307 403.0078063156384 444
529.9908634451264 831.8453961961665 210
703.5638082599941 630.8699880280981 7
738.9765437735488 401.6043841880713 747
309.5667733839065 730.2984867635458 162
832.6390807836426 473.1734797704995 82
935.1610920426599 572.8217631853696 920
424.2942364557443 253.11651753321252 696
489.7038346959538 462.912626895881 512
406.5517880259131 344.3355200589572 447
717.0388108506838 938.84652086457 352
959.5792000331207 599.6598070164579 928
811.197381095423 843.9681967314591 913
859.6538852943387 49.02779612236641 877
35.948639291154436 900.5930308823574 107
460.0987053967379 6.335058979240804 377
46.763231719574414 227.27557494440254 698
805.2069415101686 907.4722938653457 953
193.02686606381246 176.2460005681139 501
296.5147448117448 768.7625306369598 763
437.4365555065518 485.45452391648115 825
356.8835135517915 637.6446818829056 545
71.40499427525427 902.2610823198348 505
925.44463860282 135.23923818414784 416
381.9294370550194 778.2197088423001 990
171.7452986130714 676.1994105976208 347
723.9815818053553 624.188298958831 176
431.5098715959126 34.583670968243 610
287.7572201543026 931.8281228633988 100
112.75682404107157 573.2673255876451 815
590.8918072810453 876.6624017512074 276
734.2587176344723 285.2406017016028 372
365.9596350495129 249.79787051462833 572
296.64252637204635 800.2752405533477 429
25.11895299506717 668.895068434225 267
181.29041284511294 498.4509532569549 586
200.39845766650322 473.3200294309131 835
260.9838290362395 372.04660122926214 260
691.0750971218604 629.13370647086 104
119.13524768705675 242.97781415676977 27
55.54465146105847 843.1062195453336 906
35.993825835129 885.3531341105341 381
411.71249346794656 306.05066948153393 874
769.0978547204606 222.69733772827948 929
11.341500993454211 365.25437824637805 464
80.71179484949265 438.00043261925794 854
542.7795847892718 439.47200278076014 596
582.3272976425642 969.5188506850715 736
977.9265711401202 380.7644232512477 733
841.1518686285709 917.706643680555 232
155.81436222245037 921.9454901406353 353
224.43377036107037 460.1814124955349 416
483.01987279049877 937.2803068433072 997
627.4350624507971 633.8311766987592 3
171.07470716387874 699.8361613351647 8
130.88442553232505 677.5145504032607 931
627.5619189746396 670.9328974749125 33
816.5672744637623 264.96998855140487 679
410.10893382363344 424.9325064112526 294
982.0584855934143 56.959842810658245 594
71.34315776336608 973.7718405253231 851
596.3689251914337 967.7642742611627 253
933.698818933577 835.1475851959395 639
526.7219609679463 273.48027924108885 579
539.2859869504987 236.54990500419737 427
489.63994094829445 418.44537316328643 691
215.20962416311184 622.6307922909828 2
137.8528204165641 747.9842842082024 624
229.36081958721698 653.1636968243781 859
285.3974948376473 702.0290330481926 320
400.9323284969695 686.8231517777863 650
196.80142030723223 410.5105627421799 568
226.74322119765822 563.7542411259333 626
700.9460903856182 927.6517760154535 494
107.08645284436902 635.5148124617805 44
358.15036609931184 193.86619474327495 511
919.8727087888318 386.68843246662885 437
228.45091853698963 5.246493748152559 210
371.5461512989895 791.8533629423448 692
562.5355478986688 660.5355677618763 169
940.0574690631786 161.46560573128534 11
958.5088582947469 723.1878687648181 304
952.9249360883015 6.369440173542129 972
763.2629911179135 796.9614267771233 521
387.4659825039235 329.7927540138482 396
442.00760924208817 700.9621377716434 716
829.5215604772989 169.87781594161135 345
915.4432036247354 861.1109115846792 894
919.4319502910644 694.001895612895 235
790.5724454647525 877.5932992015432 448
516.5413731144763 555.1220016400342 528
328.6907749795108 466.10996445644173 521
631.0676284185154 575.0046223409788 551
567.0942908606758 127.86936535796644 855
985.3382617886434 487.35326592365345 339
898.4070440121818 565.3931409511711 19
446.16272788336454 636.8218663877519 286
684.2707610246448 269.14890013744264 121
61.760015773050455 832.9023255352267 275
555.1533092746815 140.3882955151946 355
203.61326390888223 909.3476258387584 532
951.442782913638 250.46869767401324 423
582.7292745644872 162.22728905474514 228
643.4166650744384 839.8221201962934 470
440.3907793783527 691.8146707664268 303
854.9094839757871 965.8590547407007 989
711.2525299234007 307.3564758570507 891
662.3055927035518 354.535797030426 938
793.222208932882 188.4668627819961 467
566.3816168692309 861.4716112816167 354
131.65018139030272 569.4290800312913 317
872.055203438733 917.776019108867 750
578.290938709633 767.2983978346695 566
530.7781651670724 180.1637568776776 773
657.5409398481867 78.67722202361205 186
447.93390102001683 79.20916793565735 334
625.4181612659528 196.48114349850408 192
410.06741473288275 120.40814439230397 295
66.30067081822955 141.14369060653388 741
530.3366639794922 137.02535379699287 729
392.0350421220985 32.230825733247535 418
328.5506914306663 659.1739738948705 222
223.34512362794933 321.22843079190477 224
352.83624424001516 190.92082786791264 242
84.99413478244455 981.5169168154201 831
594.48539650239 793.3096434020962 148
642.8250543727537 183.09880659413503 659
938.6337714186598 567.0336824352358 928
672.9971451616594 175.85964192633386 29
74.206727970889 13.192480181509092 543
200.21551039099415 699.2856888198278 523
401.76284351669335 892.3726559885957 672
569.1745554202498 360.2565883228782 998
647.6663798000205 774.5556130872072 237
558.4665318341615 231.38404451501893 302
440.7890897128015 99.54267880695578 858
273.7809768502223 46.995305039960634 859
147.5311857723538 500.683023968845 898
83.81791068429678 442.04202380682733 29
627.36763878795 585.0282230556543 608
948.1930667762967 55.19448405601002 334
208.62555209343324 556.3160612241268 906
418.52638445238176 177.4366035530055 233
658.9714706105477 689.5056858637515 205
228.50016160948095 110.52314165145083 542
384.96774001827924 429.28686596791465 447
882.0204323537524 790.7040402437356 858
710.2622953470383 409.9018677989823 790
393.01684823282454 161.25508227074369 388
354.1487579355592 63.72153153594573 145
998.7725524130092 596.8050964874949 343
863.5427267118299 303.9532981652081 789
688.0775947039896 743.5468473042426 310
935.4326607821727 541.1966711127202 413
412.40646900974974 83.76788395103463 602
230.77552356406937 834.2826446327384 1000
382.28981802776417 380.73769945912426 533
156.71863202518622 41.57847483968291 51
297.9531358451196 910.7849150268354 13
344.5526628047464 151.90811868528365 304
725.8335347672448 453.16798798736636 985
776.2692118397248 565.245867644478 7
760.1742466105317 506.462736340192 872
217.76925905738008 736.5894482767401 5
31.727380374174775 233.84839027765113 627
262.71521936046304 642.1597438677836 478
876.603573981294 984.7775643104533 230
376.58343494513144 997.0301350659674 39
831.0248497611738 788.7007394444793 859
420.4310938148468 611.0420450196835 732
159.1986676092262 795.3378121239169 448
914.7984426386872 741.1026805548563 85
935.024569942232 771.7231464843658 474
811.7891536248367 762.2974721169163 619
733.2394689577073 870.9922993993697 463
388.66433668927226 818.6572046950306 395
975.2610148408303 603.8687306540453 663
190.4736168536205 799.5602147058862 632
959.1909440436292 596.9276659970309 399
102.76461079317644 534.879643825262 76
46.934558555174924 895.8454899872625 844
756.3700218162847 966.0007677224161 941
286.8847745706041 132.7951934824161 908
263.2029469738612 271.7234802049553 935
410.8431648303945 655.486693112923 289
993.5497302799633 818.8944191663344 115
169.43140361485655 29.882203512728857 614
213.97125278982142 599.4006554911722 295
69.36656743317049 249.50377766978582 334
360.03673340921506 67.46006344857625 682
437.8740309001301 594.8375790123881 209
115.03974338702139 105.63428392656704 659
129.89886021867014 830.772716114 696
289.97408814278367 523.7851543367516 986
320.9045219435932 620.076527694977 96
605.423016218325 105.49076721229633 209
779.2396627818785 9.07651233456197 909
124.42323667722289 525.4040992092758 635
160.0218592010405 145.51636724369453 457
607.3951205251843 670.4623274314306 992
185.74395181541692 346.6238399723094 430
696.8846655394864 664.092165103554 896
62.63130215131996 938.0857596026651 588
112.66739303527606 559.6805288875818 496
965.8169278863885 557.7823241174234 435
172.60938372834346 306.6305292974364 366
382.97871421689354 841.6057681471495 848
375.131323648476 479.15416288939025 842
377.7342665572494 985.1967257862 630
579.9724650189203 970.5137998410477 227
203.31166995711325 353.97619599124954 121
722.354369458694 90.47198805705537 348
853.6830178224529 372.1734729943693 123
122.93447389104296 50.74017903484751 919
235.0126722590574 613.6773624219838 496
311.2608425000266 632.4887163279964 79
508.0539082499906 665.3014506222987 739
260.8418050965409 761.344795838766 475
246.80312279274852 125.93863752753376 100
423.940101689095 740.1931148961404 985
868.9997697388418 285.14327853577913 18
744.2799765063122 35.05092681842714 773
155.2843245063965 460.3105454952147 838
996.0368854922597 44.16666381697931 462
780.1145953534427 530.6664351474494 844
544.8529894996401 776.1841302242159 267
11.249610468006544 418.8288649344247 408
625.4886014174187 462.2172506101813 1000
396.48485779989295 892.8365470176495 248
9.502897142819045 886.988322201054 8
881.1058841636523 959.9004163424298 161
266.8427568711815 617.4588230844928 479
268.6267996028435 482.54282000691074 297
451.3754215093841 27.258047116846875 876
533.5251065998546 786.741395250672 528
117.8814500084292 626.2027350380658 343
93.10741844009307 777.4600281958598 503
957.6696942630788 693.098175924168 419
26.00660736577187 186.09858163119253 810
462.0986116633048 206.18830370687547 414
627.658730597148 12.70371538267967 431
186.06316012244184 191.7424870167762 174
356.2551751249749 456.66726521012026 984
126.99128248229418 59.53738164395206 595
996.9632810957927 478.3320922959251 545
596.3326802178821 290.1915715029473 336
706.402803794473 772.8331282921661 883
135.90278975366533 334.584177730444 225
706.5434802297693 155.66182679212957 354
750.7615575322466 584.7036272656055 766
861.2225625826546 261.43853403381246 386
530.2147802389048 727.549290746667 774
254.7296007030909 234.25002178365685 920
520.2121343187027 256.40586089147354 100
182.22467500163143 742.1029959687984 99
828.0164045998923 427.34462388038264 772
67.21865782942704 693.6626210952173 225
827.9432860166459 852.8288680207734 55
977.5973540362208 417.59746406100874 201
883.8788128435268 28.57793402486053 395
198.0716685909175 222.2602449280504 230
337.74274299584306 957.6028343216774 627
186.81208423565576 478.39571999520456 708
319.2456764504472 76.27053520619653 120
713.0171320461732 505.5336106634444 337
678.4925267723751 288.26666482034904 432
918.1518579818219 19.915854830737768 854
145.08221764850947 794.6237590340037 843
51.267867770226076 972.1128605184958 679
493.73070364363946 276.77551057894357 219
160.02036708299184 174.279243177043 235
186.68540951234357 417.19697980934103 625
209.18684943621335 731.0491308597622 286
230.871092256435 840.2671769605374 133
785.1976492159492 737.0852401228807 422
736.170846840059 455.0910785921931 172
447.860691450349 397.15692338576423 657
329.6383633093818 42.401401842068196 255
344.98441476722496 615.4638205851337 728
518.6626300304522 174.7292931571085 75
1.267485029036619 299.5337450687925 710
134.49925484887427 815.6041994990995 410
60.946193183051165 773.7633393924823 114
598.5085343693969 187.95831947891318 471
237.92676565260317 916.8950097262093 438
676.7122123341532 32.14194045536311 135
408.6378652699652 516.6454658386998 830
419.1116133713262 567.669662574716 557
143.84228389213638 306.3144772305818 557
140.29446341512775 873.4515033528756 719
743.9841405048725 409.32254092944197 723
193.0670200395901 129.07249986798897 2
966.5896015593606 711.3961001987443 628
964.2359789210977 617.1313121176183 275
586.4878131244718 13.937474875655443 958
189.8293362981268 639.8999820801201 446
418.3959650500773 624.9245630362144 276
432.78129500971 184.84799839213818 568
764.2488197894818 49.65778670178067 423
107.72219899790336 380.67249033651507 282
927.0624718135333 97.55435085184871 873
340.6170261270629 364.51975452009486 304
215.20943607196818 760.4157061054186 598
414.0223845142441 949.6988757342745 951
5.652559016337544 119.40139162838503 389
931.243066077235 657.0266693421937 65
232.21665131525572 597.0151470871687 683
224.21518323718382 680.0288357919112 343
196.51038040439127 407.818010008705 575
42.380609072456664 647.1913561683283 721
757.0648940556002 780.9942993532666 828
353.2883473145716 478.86223603827824 206
158.63455814423867 778.1536532406441 867
601.6084993342718 928.3304210625644 580
105.54838739684203 929.4471080580989 667
737.8567007579 504.0862776941448 32
518.7993757007307 886.0720767870395 725
248.21572284406867 956.23433055151 8
7.115157481883294 377.15008063099464 256
111.64968681665088 327.7128589933594 521
959.7053696229231 401.10639126846115 543
637.0047234238441 85.38240720068025 670
937.8281191931967 678.9648591413293 874
168.71752534998586 378.627498906963 806
903.4360655847119 497.1749242457463 784
366.0042234198935 478.89407100333517 760
357.3791222287414 598.6516127348292 704
529.580435837525 594.095341187372 101
306.59550370312826 141.1841605381329 866
747.4843606062107 223.9025806699688 18
755.3059125565028 628.2568829423922 999
808.4968348180819 920.6080804932789 591
116.75501459472403 896.4387310520759 384
712.4233931627875 525.8059121141581 251
700.5922759889411 460.48224109507754 332
280.6913947353776 847.9940561213118 678
692.0758123289154 690.7291375500679 519
198.0646420790716 762.397500888889 30
946.485241878755 596.8141419458632 663
268.75201281887996 757.6454058410035 162
868.4833641509751 532.681474084134 996
108.75375780292651 744.1209995097098 13
552.9070963236919 515.040958721324 712
729.2586935370646 722.2524452177136 718
74.14213859543162 583.3048498029465 622
362.5292521330496 957.4392584162141 376
649.182015822145 420.522166217238 574
555.6927340091543 325.6100088302426 161
946.741864501855 161.3773855807834 387
774.9025741350176 794.6231435768734 567
875.0478692509229 844.5332161249017 448
856.335440085785 311.18918030207163 795
310.536717725412 938.576241858735 158
804.236163928351 313.86511428966435 773
521.1649819996089 183.53895315644309 690
372.1656903140056 629.8922846841871 992
998.6783950827772 265.4446863270447 912
924.9701440189107 658.8745538686425 901
969.1440128339102 159.15643996038642 631
657.08338255243 489.94115405096517 474
443.6290937606634 835.6463123715542 601
296.11819426699503 931.3277809792181 399
632.4752026709219 817.9422070980825 295
422.7356524881011 691.7549774488434 848
214.44631680407488 678.0693974119307 457
966.2418043646078 411.8483381291109 838
403.3832047089968 602.334582379777 165
476.10574013806104 541.6768940497775 825
844.675191424649 889.6732922199999 637
888.575568928209 842.0033062307322 244
520.3037557645273 179.2134353591407 44
712.7542215415056 79.48720778375318 816
789.472054048973 225.6108339213978 904
603.3709860702529 695.552036708556 425
819.8639941203269 952.4252062557559 83
339.18089667325324 613.4785406205515 729
608.3117191030977 566.4622831402064 351
732.6089792410969 982.9979017641191 737
393.7478321618918 816.8365542131082 390
461.12938440860074 735.5736997569651 743
575.3207949297957 550.0922342784668 323
683.9620153252034 452.6193807615926 995
394.8646664800315 654.0252762123581 579
702.387854449683 429.8885901901177 399
843.5433185715533 64.41939642869387 641
362.8045832870441 417.12375893461916 202
768.5883515690301 572.2054838864067 275
5.191621348194286 923.1427691023724 299
975.7858864201993 129.27826132732977 154
475.6640690779078 449.2010732555807 28
767.0264301112251 979.9823529960134 103
167.02189743926522 309.662120006316 507
981.7106014472969 670.8644266495908 739
918.5344779588306 784.5573664370625 81
157.63270077687187 189.13920526245874 605
396.3230109959246 544.3293833533331 662
576.0365655087887 482.16737854870297 676
842.1767962009692 604.6179265976247 590
136.33840909274574 962.3886800844964 402
244.83758360875828 410.6708111989108 575
816.7756749042916 409.1020451052413 626
126.72517968486852 290.77932675553063 634
257.1704368679891 39.736855743924714 231
247.76963140874363 671.6988512687999 200
587.3581811705878 786.0376455487105 416
764.125559689499 358.73828607723226 971
599.1084622085315 426.777337808946 113
290.51503045435356 175.31406402565875 699
482.9291910721254 485.83695857598786 926
205.2223730734959 125.56255906346969 334
172.32668838386013 760.6138760937054 553
147.91817459010238 515.4677735978478 474
195.69539353637154 307.7674395672777 37
96.38582065069824 63.851391885821116 449
361.99417946625545 509.52427644483623 721
523.7551228382638 354.94126262953864 989
