617.6380284985886 871.9193972281632 362
871.2543506233148 705.4073097443163 593
926.4262608812606 418.06325568200543 974
389.18093984921654 8.357050969040047 393
467.9462548810022 729.157055047905 87
539.4893869694084 289.7269889567949 184
379.2790344579385 917.7018661013648 279
462.5951028345502 90.09828232781159 832
279.19864979721444 783.3013684863187 905
932.6068272379628 220.20480534396202 772
14.372803487699205 696.5373846873416 457
348.73843716891594 643.664314805115 864
535.056341277401 631.7355540512146 874
835.355072712329 298.159728263537 953
578.7876409422406 149.8847390453556 323
846.4277465203645 31.05759601131941 428
154.36768656670685 390.7674042052607 285
703.3431151328635 620.5206060071689 806
161.04651761661427 481.7454546819627 686
417.7386639055307 780.8510474743072 400
66.03388727460779 240.4957567459609 171
4.257280419947107 458.54024036585594 436
757.4035859462183 122.80084041395966 484
755.5347755428714 708.7244927435521 341
579.042889981465 813.0072744912567 861
315.4942188939784 55.708384427558435 208
431.1240785806594 361.461359008895 939
36.89643333522908 876.5717898335548 755
675.9705586193779 127.12535361618093 48
25.311647007535186 342.9258004514211 897
99.44900365200793 652.2548774952992 337
698.7499622075142 753.0568850353719 430
716.1992160617749 307.4154354981068 485
621.7788997721991 355.1301339824773 168
887.5225529117521 79.6042328395632 146
469.7458659995685 663.7750395737563 806
202.29226423144763 370.35949272741266 718
144.736553977874 263.72729762988223 362
52.43174565821129 323.1174919857918 584
692.358469841579 375.0702089867457 526
585.4883404735318 220.08895510018544 93
733.167581134789 250.12237108073577 369
694.6677511957117 946.9714072796478 991
120.77477503154843 897.0273394301686 624
701.5343918672629 255.45873053151436 723
675.8389500483695 322.1933787667344 712
975.0022591901479 718.4738093818587 783
95.23841519017672 998.6662203665388 183
166.48375851654407 636.8435013710714 101
38.82403316676897 481.7326095265427 700
800.4880206819379 340.28227934658884 810
658.5259918406816 535.5346568344519 24
432.2796830007225 878.0957732009683 239
855.6076796928836 921.5596134522398 225
196.29360531650585 316.29144774265484 259
528.0104592839131 912.1301860558369 596
280.4027088871641 676.3452076028361 835
742.8285628817407 41.50943949214181 86
412.40438882353124 190.17684156512826 52
148.9965686089184 794.4555653226108 749
750.7742627066636 956.794483830919 68
297.1060665051282 478.0563942653082 544
478.16136647212306 557.0699143771831 328
957.885779854128 46.52674578589699 528
190.02607910155257 246.31619775877235 215
458.2292410313894 5.925964596299904 668
325.2057145564994 615.2116219287133 32
476.6646400162941 382.634328107642 156
765.4764813438261 335.61938723984196 891
979.4389543560378 529.8487389130223 218
14.611665693315734 406.1533963425865 909
63.38288617937149 465.93493038049195 702
682.7850670538027 736.275249497478 956
379.8825400735265 529.5377179522319 554
533.6003253274014 51.15298134112933 162
385.8832455379466 912.7845805348211 389
968.0244299591528 334.62306521522066 915
104.3532469856635 93.06763251548055 620
642.3220086200706 759.050656925332 154
771.9939764731043 47.146077208349844 398
13.528552934344408 100.01325634553115 641
599.6789705199973 581.0724220295833 57
289.0256116683011 431.2554430456819 970
983.636924871733 455.8500596424251 819
871.9716801326662 446.6403186614374 540
43.76614162638637 306.03270909974754 269
705.5733836294141 100.39514399743199 525
131.52097479258052 363.47399179080077 25
563.5353059990476 252.7778913854467 774
281.8966725464235 305.01172707232325 494
525.2166726784948 687.7177701627713 408
477.86219125008034 944.1326473219118 303
853.9158631518594 991.2161185343753 246
9.61647985948655 300.73427142608114 746
519.7379810927323 24.721203737180343 377
138.3357369705369 76.9805989260478 779
754.3780638661182 185.82573578883643 226
892.4733375349116 286.85585514670765 321
869.5216122561477 43.630384398622766 544
553.3691246363012 270.724019124615 98
249.70258472496553 104.00904512025133 353
413.66019519120334 147.95621653258263 727
350.96747517665926 412.2205677689679 496
582.6307807541464 500.74499721537103 458
225.8468419625691 402.955760508229 975
501.4625746121817 723.0706119871708 333
481.8341548988661 165.2602683461257 812
281.4449991409387 68.81230799030347 145
238.38871557493567 112.02216131595965 604
951.4730181795666 722.5865683342109 12
292.32787171558726 688.6865985773553 606
126.78145864568235 987.3264313128079 642
7.967697165090937 735.0467372672412 948
665.2618431931312 59.54688592435819 298
551.1730655401825 907.6269990113229 254
170.6101763605996 325.17691637997183 758
719.6804116270459 581.3323491945725 740
225.6239408216253 911.4005388074091 703
518.6829619901132 576.3016214883075 716
907.063317142825 571.951209604165 699
630.8665031164973 485.6593482258512 889
30.23013292284149 243.1190948810784 777
933.6785876484 631.7675704073313 878
719.4336304778602 288.3384029909566 879
532.1107674833912 342.75435254779654 877
412.88634431560433 808.9057426346742 829
996.4259431919457 480.3494587279651 786
112.45325067561807 662.7731677898271 100
317.59860970482333 436.4654721272383 6
429.60027393519084 364.14544407694325 201
648.9184443607751 528.363956879392 77
228.21357785835238 499.8857097192959 163
98.0713941805047 431.93996632532117 482
976.3284596308159 686.2230673238138 427
464.53018696510105 333.71834959894755 277
840.3965060904295 114.5887449470271 489
609.24410909568 815.6438977500588 395
100.56752675182645 197.08756424696548 602
974.4230123794986 656.0737629405354 224
718.7403747362397 95.47576274733582 2
711.1910583370219 196.618243797977 176
414.2408143287872 463.2703366719417 208
743.1232850789821 829.848825183174 874
337.234201972738 215.854489349792 709
620.8869025539187 786.5046436251315 332
754.6743151923914 370.70249909355965 68
675.7572537933224 100.12361769563837 901
177.10913175012223 355.55488851713625 647
176.93025545442208 798.1768630722029 761
199.62684098474216 623.3694415430065 594
631.7561853031829 147.445394100559 947
73.50798915423762 555.3902936961273 48
651.2623826976749 367.49694937159825 104
824.4093379433772 65.82742655782758 512
824.5794895778354 72.05868638069069 427
724.0086045026131 932.0554301195941 412
744.7157835095738 819.9877155875702 387
329.0919745458599 986.8810737463727 151
511.21719009736665 963.7537419846818 21
280.81461197731403 922.3434566418805 913
278.0284721095719 337.9644615524865 212
386.87047556908715 254.43147189304582 192
48.301317634854236 903.0532842563163 293
17.7465708262714 17.854009740853492 724
342.90505553034455 355.4406199381571 384
121.23710041106217 975.9317580514074 199
142.4012415108745 888.5967679677099 467
704.7054940683547 172.6392285955618 954
773.4554740975409 959.396378977436 143
422.8578283709541 635.6200918959881 298
941.1023627040466 938.1737171934042 615
911.0025974746737 267.489484502375 837
993.8160764715964 247.85341830306285 171
391.4190280682898 643.9959319127714 392
700.4531835099809 215.74321266875506 383
720.6879482076185 713.0539062717935 884
480.6754960873638 754.9917117067424 826
560.8426467272205 834.9602217275999 639
195.02473308615086 815.0378162049167 141
49.30778519961543 519.7807805342729 604
781.7185424671985 353.98428006844506 914
247.8011032837666 324.8884486710747 293
428.0444386793062 579.7616892375023 69
655.3027432387378 190.19395436178598 300
935.1310532944434 473.4696358864764 102
239.18424077226675 133.5779957507649 527
925.8365029580945 203.86883769784203 825
658.3475505452341 224.88151987830364 970
559.0311256471239 175.17989112516918 249
345.0746183196591 17.535595729005536 443
293.8945582969792 37.30914438706612 13
602.3999638428638 856.0329303328189 406
416.30253018312226 762.105354209687 592
513.1602188551997 395.25823165611786 734
941.5817188298679 43.689176411653044 883
630.2716090079758 766.0035160638483 131
450.9447097861937 533.8617347632925 751
550.5228424592315 873.9491003243207 986
194.67622016858166 918.3986042363885 350
163.1680295749922 388.01533322660896 137
600.4182572540092 218.69515584262888 113
331.25523842948667 361.25944932357237 795
855.8538977466549 6.75880446291155 416
842.1546019815339 422.3248835044273 349
916.098884706693 456.57036790495886 228
862.6242603561886 885.3553131379005 173
386.21209018035563 847.0182147690012 794
651.3400480716323 605.9932336774192 872
497.22237057551877 856.7341851869313 170
605.9973072214042 557.0728883844789 336
86.29462796194798 734.4749823158737 379
62.81292088118284 649.2719692438044 322
730.9394809941876 364.1595556485567 585
315.5577788349022 645.528478233709 556
712.2196871440127 183.05187445871397 310
393.4136516386293 661.5629651592018 926
561.1777914291971 739.8614649992163 862
42.34018473704737 194.6068600738423 42
711.0366688027273 335.55212362976016 952
359.541026999314 118.3258338782145 578
965.6223534602892 357.57197496723427 302
778.5982014868484 791.3103177625719 590
751.4794403867513 568.441433774524 376
246.3354437560753 685.5823182085221 967
752.4525766123595 552.6955997527463 500
343.77630380557 508.6172870042481 910
578.4569742046878 714.2769973223207 133
125.11340625969014 424.4526361529828 104
283.0385601578773 258.3249624995926 399
648.7882652642843 817.4822364111425 99
650.7990800306309 558.3700860662066 671
406.5793238986438 381.47515878315863 772
978.0939613593638 281.9014940015222 921
884.0560105114454 591.9165903139262 633
139.84011020270714 89.02576347036172 353
223.9317054908724 33.352059102230825 403
516.2878182560862 924.9597480847717 338
991.4269973066283 764.0050404788922 473
619.1638920165389 727.8640713568344 865
753.3067508362095 528.2303320711701 404
389.123521188634 282.75153466650136 865
306.90728699499005 949.5615938357607 316
129.41013982304105 902.964412137835 45
227.09055098340048 455.2925607643782 590
813.0786197298705 713.5161688481497 315
511.8573068158873 52.94546653984988 391
842.9561238183877 874.2056928595684 981
179.18042610306074 665.8597800800705 613
904.5893006647725 786.0257478336019 503
97.20157306620692 430.5907133967064 686
987.3917789187906 766.5893433060498 859
383.310730476339 132.14418755310987 968
168.37480958601148 67.17263153850095 85
783.9712025343593 671.2930587333421 165
140.75118008573727 327.62549788753415 987
68.31731211555248 405.915582876754 466
741.2085359123713 520.568159615669 916
754.4600581326811 940.7992708134763 111
773.1057545862107 105.70460170748186 588
586.0869600806449 336.448258606005 393
579.2164193031082 950.6652913329256 601
446.0867822944794 347.5873626499293 816
704.8975154644088 662.0343269793831 643
864.700237506961 858.20661052587 316
432.1875204994049 497.37797437655706 722
553.7111086119996 269.6219206484686 632
316.23381684662945 338.726036908104 38
954.2966825308473 542.1537531191924 224
705.3936901281767 895.7495127743176 424
973.5733653730776 25.301463696931425 548
442.76275373203134 11.960764203239993 775
985.7946166031003 9.739203674280382 892
364.0203934486417 875.2907147366732 447
647.9445303698916 790.5643883802194 718
859.6515104789471 147.5618216209087 804
306.44087663875706 128.06469240066752 288
958.0026274578205 479.1508509267568 558
421.80743462762746 751.7537961111665 993
630.8775914223368 510.7863393131633 230
175.011286843076 963.9692962484819 581
520.6072560642174 879.2387074427131 386
274.992249726869 614.5086420471916 298
921.4496136663462 493.3703117619315 264
96.65177121085678 371.0687716145806 18
92.51013072244119 688.3382408972689 267
817.079080094881 879.0215042821842 786
208.46055991372137 221.19011014850932 701
974.8900047073887 159.58975214678907 263
919.2783428212032 212.18564431924003 141
471.6144566180509 871.9257739433878 769
426.64357114003224 926.8761768762063 715
233.6483373070871 846.7519722279206 593
418.52456794099623 969.9369412402614 371
292.58377730591667 766.938382653041 444
712.247415170853 314.7396961868724 603
905.8431483599161 435.6174449661563 951
994.119828926313 291.5893722532993 178
209.42518331288073 746.2193119667131 902
385.7300566665509 178.1032743947686 498
244.83978659999738 284.98503678731515 706
854.0259298029083 620.5476692903353 99
567.9285979127942 614.3949508346059 703
754.2742181302838 475.2775656026289 827
367.9514675282138 347.8115106498222 269
627.9118752615165 367.31407857387643 355
555.6387190277873 464.8390406172609 454
524.4474837025014 215.11525891846506 81
710.1262616853012 366.6200550036083 837
205.49639059319037 487.28853005512997 442
276.1860104996381 643.3869498887398 978
461.41914911478534 703.4706530116022 817
176.6077113748178 969.6919234752203 479
214.54018569677913 219.21935504330082 294
773.3660002468107 696.099113242654 568
765.0723287962771 689.8372007982172 382
257.8443187481285 268.1981586320451 916
355.1720825735957 779.1271662223087 513
652.2539428604358 6.466016499683924 682
359.6034997821558 895.958495901848 365
190.41179757156067 993.2195912301077 662
501.60096242992756 207.71422614403002 678
363.20085566168314 544.2537344926907 495
841.4356639757324 518.6054645228402 750
403.4059322491981 162.57862121269062 192
448.18643183089745 795.0397728373067 695
12.960233903788865 116.49049607596629 959
731.3512826105781 441.8556513978887 437
761.3657697807607 662.7256750240688 912
936.9523836244506 695.8276692283623 479
31.13793624481753 873.1550928112483 21
87.04100296936745 460.01849404813566 61
216.98440669086204 149.75226225521243 537
219.2909918895858 274.92666075483083 581
99.24622743085199 748.152763675981 458
294.88311394347863 471.98304210535036 886
811.9556253948258 672.9054642693759 10
129.92415396246238 298.6229880094766 768
425.7307642161983 978.5875641794192 251
116.01838470161796 601.9204563496725 566
567.0925836554158 504.975923970581 61
187.36315145871464 425.71308481081195 777
287.5462549484895 714.0338179820221 399
832.2079744504455 351.82352444533313 650
370.7968614070909 272.7251163513027 387
577.7374294579203 217.60624985713062 850
992.7734691785352 889.5763225424872 796
857.0897268366706 321.5137666688107 836
997.0839690861691 509.31557169776596 502
227.81893261876064 994.6229400714305 886
551.9368763031608 599.2433443420861 669
879.9439204342464 219.79836560085496 113
320.40389935170066 784.2934520976457 127
389.8385043020165 33.04322325143505 622
750.3363539718146 799.869281191282 682
42.20397860469638 192.48008137573203 330
217.3542087365521 258.2564711440373 914
429.5038811580225 306.67784624055315 678
879.018124781157 156.77592042481058 851
667.533515011602 486.19457685671887 924
100.99513286364004 488.3571280816931 12
549.6018770908602 910.1413543606842 754
377.70053396751644 785.5073204488801 246
427.8743535189805 697.5939637699398 192
739.9612028733628 858.9835306528191 381
942.4689878631963 92.49024171612442 598
727.2646936012002 298.4094898237466 210
105.26864236422706 54.72812778862357 894
594.4481354750178 274.4376160183168 81
612.9465237573635 486.97389390601643 514
317.8597672805651 18.26880711977108 206
939.6162266458939 137.16929355643137 922
104.42008538046 404.3207562264362 948
85.2993844416644 492.1422001475037 475
547.1353998876687 717.610565440783 251
229.05167942457095 896.5715342695453 812
841.1885992177049 936.4386190293895 272
434.93190568345443 57.71849439060384 661
678.5696247645 351.7807946688475 739
545.9128607476326 439.56652321945654 156
619.1011180869266 624.599626132562 680
987.7102242997943 402.1069515446416 474
645.0048732706371 725.5904523669514 600
8.730526207975542 991.1929181849835 163
181.6908416042502 595.9012342143528 815
897.5287256709563 576.4648334464265 134
378.09093155861615 90.97767135139412 639
329.1061821064344 68.99874589052402 949
438.9644353735077 119.92757236297868 783
624.5435424189162 626.5958930796716 73
286.49257181425656 98.17260619286905 647
990.2999650476602 654.4827837975001 287
843.7500543225192 215.17235607236464 899
622.7201487647385 735.0660678959928 695
89.22981920022666 136.1805695990208 674
579.917802590773 968.5005947070902 833
25.117008223756176 245.54100927997268 64
138.61289078987994 514.7967041251778 715
369.78907629331957 829.0054434903601 800
237.6598499432224 333.1673652851008 429
428.20257536991045 674.7895968765024 942
129.78129683495777 136.1615112002762 376
183.14654907768568 508.9615897940012 214
276.28386987549567 320.2604414502179 681
46.966450446968565 986.5285883372229 629
346.4937938501156 910.0904336555744 348
927.1222776689461 599.7190129420193 657
231.3384000875217 815.5095532053181 996
706.7267568533457 664.0028882747138 981
614.2185830301314 375.8124896419934 776
318.7990106310392 662.5415670255026 664
674.163295450124 497.52057288697995 48
742.0934981054052 816.9003159548467 681
161.6158794262299 873.7147545646392 701
897.2991660874634 10.69650727982241 134
98.50759643657425 816.8713963145008 854
918.8323754165116 713.7159818855879 330
940.7181122131944 356.0326888228014 26
263.247599146347 761.2413081362278 43
227.82409875554276 453.6184517840609 771
272.1124536913435 167.66682899451723 89
454.97879673087317 662.666951561596 393
128.121992885179 764.3545929340206 737
527.2326050721435 242.71705980301573 841
988.2668215010987 56.425787283625574 321
886.2391523568789 644.7926516452661 72
721.4330991572722 473.1773514332592 539
21.367694501219336 34.22191584465206 527
930.6166840018623 428.4498158191867 438
279.0678521910719 718.4274442648573 410
502.0158690420055 420.0431832280296 651
573.4519462634286 385.6504308127998 435
755.4229620070513 745.1732898728918 708
742.578718651466 317.58064572673993 658
487.94024663497817 695.214009961111 352
381.82988705794696 94.74590220843481 10
132.84361747317507 476.8987132665503 802
824.4222829453985 272.1992765069403 444
931.0269071599582 335.85766964028295 835
119.97692728828146 691.5146239683365 759
968.2664286586892 867.3643399775297 922
438.4131843317564 369.86142026661184 154
478.3631076270559 114.23667635406164 715
759.1610270368626 333.79502444377596 998
426.2361584787201 958.7944744723228 56
784.8777612802352 858.1315055797784 569
949.0303391691893 971.4620178570411 493
196.7138464496554 373.18676471491483 295
774.414798777004 18.528200998028765 335
868.1595966559165 511.81014053073545 659
73.4402561508184 436.1282516865441 141
162.34415042117533 489.89420942736064 210
533.4016513367135 839.650486806867 74
701.8211283018071 30.30318674932275 552
795.8529701935302 705.9870737787902 672
451.262035624284 186.40443843213362 303
878.1576707424108 565.0026420155631 62
750.1701959049249 507.5968917309317 127
112.14143842928415 751.437707611508 711
837.543337202546 949.4089138309636 779
166.92753300242248 929.8488172252148 929
620.257547373194 461.9634944512834 624
19.894051726523145 220.05549462454442 869
789.1723015968473 437.44044576986664 2
249.7427823176319 256.9227187107526 738
270.9756987937626 498.0479628620472 586
521.5283529501238 773.0496023014186 947
534.0890096413888 402.4901542477063 774
674.8746013190917 683.5061590048944 438
577.2025115273943 938.4577738397802 973
85.3303195938504 216.88080452532543 588
625.4254499408723 393.6026587492193 453
149.32683926537814 59.38554788400274 618
403.74219514399624 937.9133328868087 484
931.8069890054404 333.4952098786079 310
368.40847013050836 458.934695142279 134
413.5653589462118 586.7778081402738 688
540.7485131798071 800.0741465294922 779
42.044360941352224 746.2315333144718 947
580.3443166331729 596.1648736494468 119
179.26308666102676 915.5111927849078 775
747.2465260379004 375.9451688857314 291
613.3371098208374 471.6071312150758 420
294.1053958042221 946.9007314541874 736
548.773364866989 662.572925319961 51
122.28709607843203 473.459384136029 887
170.36620617312536 614.4428340791943 773
68.38751126064247 294.4297824911537 230
999.7617675377156 974.6760577336679 610
413.2055509838076 668.6912415120912 447
746.4671489723949 743.778769419632 289
864.6279336013832 335.3096101087961 934
680.6077832480861 859.7276899396734 306
374.502209703926 791.1895089644512 99
99.15250230252937 590.3469997459503 502
342.4437261953719 628.6747060309837 902
615.5950006775495 282.5600509909558 31
967.0562879762497 365.93379423118967 361
173.9586229006299 19.33466981511811 858
17.0199507158626 941.7901807741464 639
832.530826232287 571.2456297105814 31
1.7454046839425752 340.5292364837129 953
572.3260492014142 773.1169055679568 641
370.403393610377 177.79147805922435 822
515.6664870329148 515.2048934213808 191
403.17302174118373 647.0584427954126 368
495.38800050886476 244.39334670840407 862
676.3490129934099 889.756499740004 791
178.78398459563593 968.7491651173094 411
852.8141452693914 279.22841925898257 79
569.8057601204558 922.5112440923151 614
546.4106572965981 764.4072713059062 569
590.746308827124 685.6345425240117 818
52.628489087192754 160.59710711174358 271
615.1665948750517 467.57169659777895 428
830.2795183204621 436.9152810377311 162
29.527387483005207 659.4725988278561 762
810.1681914974181 895.8691514936514 867
697.0011800842098 334.61698413623475 619
706.8910580613215 277.28346437996123 326
320.534828188054 505.6306833291754 358
47.67128436491508 640.333027566895 681
334.8889933598812 248.4593038595797 120
717.5080507997532 981.5474616551455 803
63.11802699248859 543.5460282162624 541
783.2229799701599 100.15758688739041 553
688.9324058094301 761.2365241063978 6
892.8145205687289 655.9914907372051 970
397.5467025024725 546.3622475011741 603
272.675366609352 856.4532297237471 299
313.405097503653 266.62510610594194 605
507.81471340772777 403.90786391317477 323
680.792559894195 229.86214276753913 952
159.14235720343927 542.1976487203243 295
97.90724251164585 729.5619498309138 830
662.3822320823687 427.9017585964291 202
307.00870113515435 93.4660554015072 597
25.337814342555333 806.4302005205709 61
766.7156786281903 714.0320392051217 28
335.0649128377533 797.051311892366 311
483.73829367449196 198.4716691384434 460
136.68089521876593 321.5367428186623 368
346.3510572325571 394.2781049288855 173
222.131015151118 721.0799553644451 742
393.36285940277315 685.226498638905 126
367.72671951273117 116.84383897628881 408
980.0596369306045 396.85148329315666 592
760.1643121689999 102.94462001956894 675
737.1874075861259 74.31973975412865 680
786.4638738634113 763.8408249768399 81
177.67219211011255 76.88207821755478 662
129.00037859139812 34.55413029517707 903
380.68180570168465 582.1287874401993 588
776.2552287460801 843.0042819578724 684
386.2698124122413 279.13464281639375 96
836.931484969758 121.0628028169517 22
630.7386463866414 802.2262405297101 224
533.8616599960004 189.43261530830247 748
198.61967196881525 25.301799513725353 39
824.8440199111606 420.90588463907994 588
790.5481150225276 694.5466470601076 572
998.2879492450186 602.5009331802246 321
455.78269567142104 699.6112539958095 708
509.00395568948676 504.2800539522095 13
587.9782765932063 976.7500238281464 182
817.8069402637051 318.6355344896391 252
210.53653199835375 245.28836370373165 199
562.7643767867785 389.476022771016 914
802.2276985059941 635.3069366268245 218
191.60080865528516 271.4209682772145 246
762.7138649968623 57.58145635794265 137
477.91271530096304 410.13506977673455 163
728.8215887792086 133.31399488952533 500
403.79547195958975 236.1064768547566 122
453.38117157009174 36.59305042662264 110
307.6453981045283 982.1314103108773 915
399.8677409938399 264.15916502978484 359
994.974518811508 193.4940147813683 921
443.22802044626786 790.7809201703022 424
877.1306739043237 587.409530280361 837
661.4900742353201 913.3640969274094 363
421.9562366177796 949.3661610190759 469
769.0058943106825 34.27165235145502 324
759.2492292277437 662.5144982002975 971
679.8700726849876 94.86171200105476 271
596.6668300847231 264.0532439373027 934
448.36719100666056 187.17485196335826 395
86.61098143594282 753.4981315859094 974
955.0838571868278 944.9407846252292 674
384.8019227811723 548.6130206317305 595
889.8985966576597 237.6526558676384 495
542.6939550163609 913.2455431639249 848
707.0809747686448 239.5302204158979 320
215.0274564313518 93.10128850551169 193
173.03451006483894 361.29427699774755 539
648.0222680197342 349.47041641401256 730
445.7131585460095 937.2613404627472 394
687.0600375307457 280.30246849885134 870
439.3325058713745 545.735967860338 437
315.9059338299824 188.37111085270908 114
603.7578759354976 203.01643012049098 442
659.3134662369532 815.8633630314982 422
92.07950331008597 572.1520874411942 902
276.0721013958466 492.79046897278823 968
384.86086654631237 173.31037517669756 819
972.4992078485359 443.8176124526192 880
38.74691159111043 618.0306347217005 384
84.86972076731014 746.9937423828071 674
797.6145256704002 569.5301207213724 718
318.91694789500934 896.192414698385 134
643.0818078343467 121.81778466512971 822
923.3571751461235 546.1318029418273 690
277.59029077225074 904.8380203671363 842
733.3141462884428 953.9365906645811 271
749.1501939682513 9.123747314827902 48
989.3108004452193 821.4510403717106 147
649.6725243449644 451.76455935962457 294
279.12538435835563 303.13923109775374 162
6.349664865740956 286.12018916897364 996
957.2754312386833 829.7945594044978 603
547.2183215949273 626.426357920846 959
702.9837077754721 944.3370688891708 420
434.1628298308383 866.6720092040213 25
842.0791418395596 966.9236666304339 991
953.3849541806039 963.8506535226605 314
163.97943726704324 966.6975222988876 34
494.6577017287925 609.7773916884764 822
650.9053911206688 898.220006478538 918
94.33950364948574 686.0478546598022 681
856.5666679702258 262.602339676834 187
148.17272590967067 944.8850552617477 837
450.63031144532295 25.494206644535833 468
868.1351279177644 923.0366983704693 32
101.07093786714594 123.68621740087981 36
790.4939036836768 306.15136376157693 722
697.0696431609845 508.64242296552743 225
181.02858468288764 871.887688134319 152
905.2411823511258 754.2103571494982 969
463.98148111922796 445.7342865107402 942
895.6506599277069 889.1548717433524 862
919.379463336127 914.9247959632471 824
305.9834317312098 622.6775898313201 180
187.5331373854543 948.4839456086319 720
873.7273416168626 947.1571164104745 412
873.3879372798922 211.14469212833865 205
138.05254013405832 357.58140016072923 458
899.2082667698414 558.0847375564628 286
311.45046671702823 906.0733330392535 319
378.3845623933517 594.6774439383967 742
437.9574285599839 507.1108524254535 752
274.0331310884775 273.1591548403417 344
398.64996523207765 692.5727781142938 309
10.00055980932646 286.524189247831 891
55.7951421633821 398.66262673860376 367
289.86085302724507 561.5399471057391 41
729.8234064697937 363.41557817555434 755
285.81769989803064 937.9369137263718 575
588.492967792954 991.0620360401322 245
103.79251317633609 95.6552495429508 456
764.887940460402 214.14373646723539 415
662.2052325180085 592.7658187165962 51
476.8552349501699 485.34337059524745 442
284.2266266721026 651.7720359073436 523
296.08637814464333 481.3113528451233 545
99.17367676638744 706.500660889542 842
989.9905621569214 391.59395292735996 802
968.4746193292654 545.9478624710306 920
953.6030299981791 455.38680992872594 190
671.490367995503 257.1206045025447 88
479.9562512296257 907.925939800983 730
998.6144521219312 924.7028217646836 212
274.16803746438177 334.7212622945851 8
640.830088130002 42.75370938975698 551
702.7625596232045 220.58331007243225 577
227.27048011339812 545.533124728321 101
492.1739746472702 828.6324135162531 671
911.9794920922571 712.0264916108704 262
537.6719886586915 890.1438654643234 157
989.333600290984 151.82136536700108 763
310.1560252263207 888.9271997206465 809
336.0760407704405 983.6898184671005 249
886.3801837029833 895.2124965444245 758
771.6798396578314 730.0459002332059 907
209.79221428174355 108.5252794497662 991
198.02125782130975 734.4267172247786 330
269.52402593939706 910.7649050972213 631
217.71353065290478 794.053292087675 120
684.0144886749971 774.4841515555161 818
440.858266413916 229.6308655395559 361
519.1943602161627 446.76136243046903 586
673.6913222632896 74.79684853256497 289
266.63689459361115 237.7361015453723 477
136.3425857924121 259.6535977348449 52
649.3781096135808 675.7280796169131 874
467.7904134776396 583.7598527269505 520
480.56043152738357 34.36700499439027 400
249.70021186245683 933.1466242760912 750
662.7780955475282 821.8545675879354 210
488.616243396104 499.21361990439385 472
549.8110477642192 464.9855073940584 506
692.8814946408319 677.9109693132187 954
34.82757579525519 421.3685696701056 953
83.0084015853284 350.6672048604318 751
561.6913639892967 211.2234393880935 996
914.4041815445729 807.0694790762941 665
778.8770688925678 530.1179027784191 288
317.2733464609194 705.5451694391771 139
234.99996048300986 374.59564146423384 760
681.8760922066685 587.7039549511696 670
562.1623255733674 18.158377928255366 511
525.1682273476674 433.9681598862755 928
875.7610264043702 455.3049396507495 66
50.3925732724766 520.7837709948254 990
540.4534203447824 666.4697984610389 386
247.27966141487946 272.7632004208577 322
769.5619193533943 993.8880780222046 393
629.3038922563412 742.7196031457446 367
68.06741446541942 612.8605919272858 655
319.0428326113194 581.1677270135843 847
321.17861136156176 437.8993679725265 115
109.96729066719213 252.70104001086202 44
485.3808589361552 786.886534234421 409
355.23264865096684 267.0446762167542 83
23.974404344449084 932.1183931689444 230
38.460264416175114 361.09265980313734 865
186.48154064309875 641.3882865480564 287
512.049516499429 931.0634173429663 716
437.99698990977276 33.243629092258196 551
629.4709626922394 818.8876953823027 573
41.654582300940326 810.2139517732908 812
559.27448657911 91.41562193511899 974
164.4011300641288 393.96701878922136 721
585.6413266141845 779.8588193526984 496
910.2019078312954 63.41884521865904 536
8.851315965708984 465.74521620544715 617
695.0035698300516 652.4332694521282 990
963.2558487021931 630.0154451679741 249
75.52941133821133 69.96564589710574 580
196.70021192182907 232.6193754629994 139
927.738945152151 337.64058826270514 530
658.7906117178933 455.88198126256 555
390.6707957263076 655.0719937874239 498
46.77514263965954 761.8017712321642 720
527.858155512163 409.95735344771646 572
742.8608983306073 962.4212921756991 132
143.502824256024 447.8073231638821 8
95.51054703853134 609.4270029808271 660
511.9316043760257 701.4610028854453 263
996.9581905420165 632.9714231363323 495
7.082634704179247 616.9215199358033 955
306.2602953933159 440.63045305083205 936
95.19802332252692 292.78316543335916 154
325.5852820140621 70.51553618335672 477
767.9349817554645 814.3534057504829 3
811.6165585366659 823.0803513681923 452
673.0941820199321 805.7855572550831 24
421.1089659463038 582.821843118873 948
758.1701552960689 336.92787320438634 151
515.297566396061 20.315002664788253 11
279.18685614030016 571.3908504562378 692
378.84067647046726 981.7903186838829 816
659.1212310664762 907.2799928761658 105
133.10901444437317 819.5448993571164 746
759.137261170801 906.8255142112855 30
365.9778787436705 495.1103713221089 407
428.15195465672406 539.5468788161439 128
752.9388655577928 694.6153079314485 512
44.50178510800562 971.6358519272696 267
894.7461160347847 186.53535664974464 113
44.89618861835287 253.50836356449247 226
269.41109782745997 83.52026312020233 738
103.54522462920501 526.9440362459304 529
101.95859636955407 64.37235096586002 453
923.4504347732511 163.21920350674512 16
676.7295950763361 95.68808505063642 266
353.8783079962804 842.6500757956861 578
276.02268676856346 548.9584100012128 95
565.0869898908489 424.3433381407646 489
381.6555528744351 360.73001155760045 692
745.3486721511396 508.9969944653302 959
456.76144551105 24.72194053552734 25
370.04915168452055 655.4909248448795 899
889.3511444314663 426.8990648630772 280
721.8064854264915 232.94992346795317 713
650.807785451249 377.670293638302 314
965.1156114518113 961.3344247222299 734
59.5827196612323 617.6659184912145 906
147.13934845881192 615.9092156856844 472
999.9088747829983 726.1781566598346 392
923.6675401309479 852.0396832814314 553
111.28417967269787 113.48930449078043 78
245.280145210358 166.36389831782117 384
897.6372569670718 32.19482692818576 718
502.39249051062376 954.5451487232209 430
764.8815878390535 330.67294173413507 457
520.9801085384911 253.17924388042712 201
718.339969880061 738.1406655929796 545
970.0332018393214 418.02607174233975 41
902.3413896079857 303.5105562210082 41
438.66443367659946 268.17099432061195 280
137.84976320209762 310.74612232298114 522
290.2727711430749 252.46175121343083 294
481.58451760766786 877.0821389140219 965
345.9009424314369 135.868310384757 156
826.662120723218 815.6082764850778 97
183.01733420169376 840.2708121678029 567
541.3190836887011 81.2269844537632 975
285.3339707082986 58.86090209664629 554
757.6266633335615 141.39673285569532 158
227.80835744787143 746.6419734682244 667
871.6491874263976 232.98148265896313 125
39.46875115072479 69.8788060543124 7
473.58322062757105 241.51547401877505 647
161.06328663186875 389.86949577924435 819
848.2877345674095 615.644398903368 664
66.82796328063733 854.0650156742876 296
263.39809693624716 619.0918323911282 562
706.7986020890189 551.1667620839678 328
696.3919344067699 607.8216009614567 562
581.9663285443523 385.4255930635486 228
120.97403277387242 733.2082791890322 761
988.64649058892 454.0546618687127 529
663.7289437311425 227.3440807735141 426
798.1579862729111 690.552485601193 345
119.47563831254693 38.46661004338048 657
881.6238304630118 814.7075734486987 886
796.547329369912 424.9567828320918 583
836.7562770352993 943.3458874822734 811
503.73747652033717 767.7765463675862 620
452.387490772449 384.015819066732 514
414.70520351189776 127.33787334783209 666
811.1723451876901 395.4150411745432 711
611.9852117260224 492.4818159637927 320
851.9193903099432 110.28205643584899 537
787.45440236717 836.9843955456342 739
122.28447796059328 108.07968869462859 16
469.03874661813336 781.8271470974898 866
566.4586880664342 259.4705137562009 460
165.97115646851802 54.26380898383909 725
849.3881416983551 146.28871720356295 937
506.88688079692645 685.3989934860343 807
601.7892753016167 943.9943415844405 168
238.86387873158898 246.66112518742767 645
19.525807899264723 38.523152077231 504
7.061223115608306 494.52256116901583 467
204.21404193258175 127.82166197494149 777
273.61685982905936 398.6488661841471 189
643.5449383147579 55.75555157305156 531
222.93561494750713 319.4537184218954 162
264.67836245483255 332.01334487018664 947
308.02458628027387 183.58167655373148 250
240.55171982664157 738.3274784378365 949
460.46004306870316 842.1743481697498 730
932.8472223719153 591.9301796428842 366
514.5933250158081 429.93934583642636 125
642.2520763835735 560.3367069467068 798
619.0672678960726 166.8895637133242 349
798.0602415490491 464.21515050776816 599
556.2969044807029 589.1189845538906 843
500.03691309119466 997.6634612954787 144
568.8682876073766 129.8427679482498 553
222.8214425852374 675.2364877442701 207
764.7108822394785 289.61293484401085 815
872.8826365065095 61.22030484856666 584
972.0640895357946 16.10785043435459 599
749.5272066812803 731.220401745696 509
244.480347352101 217.9144487778294 304
217.86103629392673 40.35887303395103 752
561.3842990834129 650.6201526311227 34
106.32107335589392 320.41953872765714 889
887.0071526267978 486.18374292898716 866
702.0180795358494 128.8189336237896 390
425.58466797586937 282.888114925968 712
298.1219922641203 654.3159768009879 282
732.8735857160185 401.7483571004444 514
192.09764576284348 892.2680401412797 182
759.2622952481747 74.71465241784891 49
99.4019494973305 918.719822089908 966
276.3310024564715 615.7376649276611 124
619.4408482566548 304.00297578681756 76
183.21312990635607 757.2476164997256 598
361.25659510203434 117.85958765350102 527
599.1393456600757 950.305647354628 565
57.72787681260194 160.84526339272486 968
586.0385116688022 184.49696049418628 91
96.95503695865204 736.8219715779586 958
28.95586699203512 168.03345256846592 472
366.2135378221857 978.5484130895449 5
511.1890756159242 309.48056120231183 717
320.96050263401577 445.8226823387749 46
237.76506034134505 242.20097887344727 753
806.0874113945388 491.4618187080718 896
869.766403579983 892.1328996833225 990
680.128728848417 158.78147137490595 459
666.6438495422735 846.138914660285 133
685.73646331496 916.0582082899712 642
141.8442663570676 365.63689967936995 896
248.9097260346248 841.2105360017124 82
318.65099620751147 462.7919029664688 652
222.0089710981048 582.9627708235207 212
688.2953024274331 788.7803755482698 612
663.8448771799452 714.2084394776713 5
718.1857437461642 326.7233004308607 570
711.5871366363309 387.7305016156096 548
93.3681208449072 158.6108094247709 68
39.28106934530062 455.0954149819058 142
516.5526133205623 451.4148668098383 105
833.3124741298353 453.4611279885885 805
97.85726804435856 741.1914897418358 597
937.3907515587334 244.90624128033855 220
461.3672687423791 632.4054677115046 456
606.3029128662066 517.6675775586338 109
836.7703068261827 576.0726475513382 33
956.2504937403461 867.7253216432454 397
690.4747700307491 697.0101102423467 808
535.7054783727637 185.10938784492424 504
539.427489744041 761.6418287263594 402
518.8254912097012 980.0291605341107 421
817.4985316103387 521.8347828422011 77
531.0553449123752 293.505258199627 682
964.1094026184046 551.180418248996 524
517.4437900510646 335.40391147888914 907
868.1648667317831 646.4483759056504 796
353.39133223570605 652.6429565722356 316
85.92350469873433 446.0013598612695 916
691.6012110106307 986.2217144153537 941
857.1846667736153 205.95213200094153 430
894.1713391422114 0.17675383178616944 886
950.2945348095718 72.61582680199142 941
341.8859011278396 1.1996566076162285 934
280.29292776416116 891.8273260498096 152
96.69621672856809 628.2967874972435 63
539.7137427509047 111.0684184137144 848
391.384247009976 45.83142921499095 105
746.8659944099347 251.1246730808633 88
421.5426713995694 508.5208483082196 54
468.34830759699497 749.8082127591758 679
167.24036955881994 561.4450322876634 339
355.11411608805275 509.88762899616546 200
957.5896311204936 837.6239962849578 162
689.0144037045375 265.7382172340066 19
899.729989766435 941.26467522337 914
500.93968226645404 514.341387684224 752
65.01972525205024 625.311793842927 303
941.0924329416879 794.6672529129505 395
1.5011754242653108 767.1350456839006 350
165.86329498592934 642.1662923178626 876
924.6013571702264 206.2574871552736 673
592.7126753283137 482.89331561862923 983
746.1144705244816 704.9783357051272 367
280.64505888735624 25.46347659412762 925
401.17987203992 224.97047702502837 940
230.16657293537034 848.719157559142 107
681.197213640543 711.4091324004487 419
788.8096020659751 671.4192179194438 490
160.80552575451478 445.8091688540842 444
505.1358736689605 234.0440962064234 612
461.60876922671315 549.444499805982 883
53.18097457171733 502.2222639833468 883
712.9328165987558 59.71101407839052 165
752.3883532515904 386.1492735743927 211
388.4295925350003 654.2532751508206 979
374.92720007538094 71.02566058493376 237
208.90384118464013 638.892353718489 51
921.7041849670007 927.4959230680818 450
244.6577340131062 112.93419452808817 435
283.6581192828649 903.4647583368325 661
585.4055147490283 806.3551861283335 169
39.93121701806457 366.5043851372229 85
77.05866498741088 781.5654023216374 456
896.9123225911638 838.3366515081657 702
778.1081639305538 487.2850192116984 579
846.112984312909 770.976832632138 135
43.624224000444634 738.1237547278222 197
83.96125407210664 254.11997042352397 667
902.1868007181074 396.5145455869432 266
852.5624770039105 98.65366246709917 283
594.0752011494812 134.14072328204597 662
252.41045097557603 361.96323590830923 99
814.9444954989109 343.8287270896033 388
324.50116190417623 597.877749222997 888
136.3082712098923 797.0281301886802 689
135.78727315519657 246.1790563252245 947
935.6962155764603 511.92064098579493 232
963.2922081566425 755.4358330150709 766
153.10648184276076 401.52430879017277 420
411.2904533949276 886.8583412885644 219
822.0180973386044 337.4450641382183 996
456.1500827447991 766.7341700116515 564
370.6727290156572 584.2039622808793 253
877.5791826737444 87.19452585855547 661
881.5725320662202 182.71028015635594 692
86.76526921718963 335.82466386454155 786
196.19231085241216 89.11387753682654 723
66.38387696459192 114.93527854416219 481
747.0183970619471 651.3150511921979 54
994.3494725049471 948.3623930993554 714
672.5657153624443 975.0873808596837 985
910.8139256544625 575.9422578320505 499
109.53558755391279 578.1742581467406 244
940.0937001523467 443.1271365009537 36
