554.0206172173982 262.95204081095716 692
339.8839423796853 478.3096732393345 105
330.91502363662397 456.146792753472 117
461.420703745596 371.1895647762409 337
452.37914976244656 335.3066251565453 949
384.1916958418337 957.1018375313166 719
147.453443648344 615.8815215290894 704
283.72878872273475 808.0072572037185 674
821.3671348487813 289.6832437345034 305
161.10270355044963 41.64665370716803 717
71.89512746337579 632.9740333952769 107
725.9452316938165 306.8829729256565 86
600.8694404622711 821.2648527837291 8
841.0983160682939 58.296823259627374 124
704.9415303667821 440.64471806496095 835
759.1783406123791 314.262726474715 527
299.0949831025949 482.41484880124284 982
634.736261861471 787.3726743724485 317
14.830142642369593 564.6797918769079 332
79.42538440696445 790.0048858813326 550
125.98546222880913 667.3643102134297 251
797.1536307430674 979.3612663062012 423
783.1770051808612 933.2046787144827 237
937.0458285072781 633.0378798851272 472
170.16996796082495 208.29063046475616 855
80.86550581794893 499.6447369121088 476
414.6601009712941 735.3728610194438 845
693.6772059238264 773.1358641283135 380
87.55774365411939 203.65667100681483 807
587.6231919294431 381.67571508412044 622
957.0618962259923 630.0468346475985 225
236.5973651634925 811.9216734332406 58
152.84162620594188 532.4198397457634 296
631.2163019108518 196.9251941890936 751
610.2176500220957 165.16672478112525 897
988.8153371350252 388.1011669087493 280
686.8262095716057 831.0228449726285 853
497.0995923694005 30.71576381832408 58
853.314548014919 884.7948279768926 898
307.64661508373115 114.16570850353236 681
469.5075779313078 565.7868334156268 368
428.75759301385995 149.34070858867122 808
400.04407441231217 97.35362424068916 449
835.5821587843387 297.6278596323162 712
356.15740526668236 688.2000499138567 806
146.09209921300913 58.04204437387028 895
877.950200907064 982.6590184412112 644
68.98750533884379 955.4885516449998 478
62.224324025006105 466.48724722335953 252
861.9429650953991 70.03017010040536 341
215.06500984943656 736.0121712302888 396
992.5813764918066 128.11607449719875 191
189.10537642985182 53.077237839476375 944
164.7590591430529 214.04708628747738 694
970.5115623002245 144.8985532326048 961
205.10028298100082 429.1604841169385 725
141.08836277957803 466.8462765734503 194
147.33333674753035 33.67950162086642 566
153.8254390274022 87.67509690694631 522
107.1934662174484 665.355616462107 586
155.4980260239107 303.5956442052169 632
75.41879594341727 650.9756364269449 256
664.2879372769089 986.1049120731707 131
860.4970486890402 822.456749343077 96
315.20278046561623 526.2444572632551 864
506.9500119910833 780.3103709441785 777
994.2915438489324 69.45256864838501 246
348.5826456291693 940.540213581861 10
902.4708157559322 814.7543738243561 304
34.962563502242695 886.815227783853 81
308.92090437350726 980.6525522945415 539
885.9752483470759 319.789554641548 241
352.16429007049953 338.614359168686 77
529.8734576841238 167.91463607997926 450
630.2463194872421 502.12730405495387 639
87.34590005673004 854.1508399764178 215
392.6356306648434 600.0090045248068 8
754.2242295063791 541.3952867372165 306
568.7087101267897 297.92379096643094 268
447.6161367122189 291.4566538387693 721
958.1222959536478 322.32487849824355 735
96.31917117830213 16.014069757012916 410
989.3875483799827 972.9247237123476 897
961.3266017828453 243.4099324802288 641
427.33075469868356 635.0618072139998 207
796.4994370904253 545.0997823173576 526
880.4347099358056 793.3560907872005 131
628.7169872653511 91.07972662614495 401
115.5299653563997 618.8948289558342 519
294.72274378356065 151.7413118915516 209
389.46670205698996 353.9399467386234 405
776.8440668257484 780.7759220245446 204
701.0353960679203 835.1047162829773 482
895.4811520788428 120.77754557041264 698
475.20631820586755 900.3593817339673 277
568.076250394818 778.0495617264415 586
155.8522891307621 416.02937522623705 302
267.5098970149139 774.3334299147994 420
775.1929434739513 316.23859291715826 817
517.9621390114346 814.7709156633078 330
529.5664433411393 773.9072741363279 131
991.7605429763754 554.1040548966699 450
741.49145519265 608.4156450284894 774
589.4717616943587 840.6638232736133 796
395.3693807621095 723.761945778316 392
626.922168785565 781.8088960727694 793
533.1510321917049 859.7982232173969 919
406.84534995828415 238.39598169914012 764
500.6679248713111 321.31793565195386 92
702.8693823459995 79.71519948941608 80
921.7836011060082 202.3701210725516 387
907.0527788645937 404.1365320399465 317
779.0829807756819 503.3778806592458 921
65.130793495766 48.13407854202401 731
325.727820971366 833.856484609913 500
534.507128893907 694.2002199395135 458
741.9979544547281 817.3239767405462 14
589.2181693667226 999.9795380985645 94
555.6566827198702 571.2250077656043 177
924.7882892418927 506.1865975521709 708
204.3079961252432 510.93255668608816 251
929.660773830707 988.3152521434495 545
921.6435825121341 926.9265664698393 620
995.7345168781704 686.7773465416357 107
855.0407341097317 74.86212496286271 632
12.512928045732007 373.7451030858517 866
825.5472622667456 596.0821673788671 354
64.45900134079486 477.38800995114605 597
142.2963875055858 701.0296127046059 911
209.69173120582317 236.6588323680594 512
169.24254028109286 720.1569041901025 512
51.36074966299409 403.49475495458876 468
346.9472928940515 888.7410525857476 67
237.29925633153272 158.38756222145844 959
263.0461994094394 200.48934773833082 105
312.6694503926271 116.10824013554178 436
22.493563762704504 520.0350531153391 658
801.3161754803189 175.05873492505697 167
177.3388011130089 176.77200508195943 812
82.02329453477786 873.6606556150577 682
604.5076218949263 523.6510534335155 606
830.896069851994 644.6225069954745 999
867.2335823060595 131.8336737566902 327
200.212216684711 47.21591123988378 424
550.0423985950467 755.8524692012168 49
978.7980340426035 565.3301905534977 852
771.5950079698505 876.9771739080405 346
776.4938314157771 994.4864467089502 492
436.7479005318963 912.0156312963366 938
357.0715586504223 52.651673411007074 301
338.23043631601314 560.6551225618562 161
939.5096463137617 655.3199190952816 547
817.8034368366056 695.8399125711359 587
524.3093282479647 422.8320479103087 378
873.8178404038896 293.6709559906806 855
796.4680408453398 32.69524589996031 281
397.9703261365546 945.2394581347279 646
889.6148544416939 734.4582460729808 294
848.077706719241 395.27949205813127 91
558.3675730406022 401.2833671721214 1
177.59804247154642 995.8022974027133 29
965.2042829097616 161.20579086812958 20
961.6312408926948 181.69033349497298 796
615.8021099262519 491.4311163161258 46
877.6800714480369 372.7041097964753 297
216.6728881916611 35.48573886274431 102
415.25401385542983 744.6170461202277 809
118.2233910958982 481.3572201167047 65
432.44265807250883 513.2347435623212 894
314.05707331406705 212.1308254724138 154
502.2143326880527 193.57718035090744 32
355.8744702953087 57.394053059117155 473
607.1835697134408 717.0817039269616 615
984.4779818903259 145.4959699058248 765
107.6847725257848 907.7812500296382 839
673.6235537756107 268.14156545152434 557
994.0808516578699 982.7145235984426 885
120.05079978707167 871.8129176658138 367
608.6499540809162 494.80587431634535 998
322.66941734579257 159.6749912401456 727
443.15347986240914 711.2194335667554 604
216.37340251527039 75.30477916066347 420
658.6677807878862 166.92727143726404 378
626.8486346127397 103.73389318532178 340
468.30284506836574 774.7492597445817 803
54.41930675529094 345.8950050548363 624
108.40647375819101 907.9343305496567 632
676.8873441381065 627.6114149077064 860
242.00481139712105 503.13378353787095 757
639.400097945189 395.94262079907594 2
739.170396353185 445.4051903700742 552
746.5462756255121 786.3548854452964 5
438.0957347480323 692.2765219386719 922
555.364947863088 13.27491087061028 554
617.478787284264 882.3717160345293 793
997.0096869857058 652.9188159945412 251
114.9812223592468 620.4774634468308 600
809.5865722091884 727.9345574359601 732
906.8636295561292 64.70364959585939 694
437.27698878251863 358.65748825199296 682
147.35189432134587 965.7613541214307 174
344.82181819371925 804.1233415631248 883
710.6184693516567 660.4820280831526 439
919.6336186676722 932.598337706245 2
6.48843785476827 606.9372567622399 656
130.503206585031 643.9842489782192 402
345.1677415251042 338.48121753260983 140
290.02521321706064 587.4005578775086 315
26.755020907094806 556.9717594141893 870
28.487663760965344 886.3944198813747 947
914.2524761463774 371.42260425494436 623
95.30417933534096 110.82580689472343 934
437.55310229150126 196.80920678467484 75
527.1267146901046 629.4601015592253 177
412.83404491768226 144.4524193400647 547
559.2947680996548 77.48501646145078 567
766.1557761561525 921.575146685108 391
77.9690252869566 551.966124404012 305
595.4360990102109 963.9734130374655 47
190.3854366796687 538.4689961853489 251
271.1949586725586 167.2921721960733 906
745.7707788700683 588.760577870922 635
847.2070415158228 246.30787319600245 948
42.116616792854614 865.3994512813074 726
269.8689269847283 514.5266633638092 587
516.30057929109 47.92736278754195 150
418.70049813234334 673.1061060860185 697
898.2606611132863 87.75102353210107 917
510.8145212892454 870.2276147234779 639
195.41735644797797 726.2587051433911 638
464.31162711593356 148.42595553459947 620
862.7066346992345 876.0435758888187 828
219.34788024874362 278.05261084567326 134
674.8249008449786 939.4033909007904 610
946.6825683426948 757.6439305957513 325
846.0145143519352 420.2132585273972 482
121.9674280192683 162.89841923002 977
401.0466389911929 281.3909957603481 573
649.2022464990424 854.8152594771178 450
249.85793938023525 440.9351039559969 976
54.04224072847741 647.1302312207401 473
902.4063685534119 135.08553213801088 414
369.11890098933674 147.03463627946377 874
850.9364028215651 176.60519688584066 682
211.19818665997258 882.1730584472748 407
869.3921272334227 519.7050213611546 530
593.1641687145263 797.3357614399738 557
526.226600433218 466.4518623755645 186
43.190055054417755 500.80065027109146 871
471.34063534456396 716.9072050410264 366
429.1139811427516 638.8027837249158 278
836.6157955836949 382.220718323135 270
816.7208188784879 141.57962725330043 994
483.62826721039585 784.6137306738913 806
556.0406774296453 790.2431633581756 724
814.0896481593587 528.4510409426991 419
65.01794601209265 880.7723674694678 79
268.41012025298375 875.0815187530909 593
1.3551136521007257 344.1786881548021 379
83.57290468952128 495.1311540533034 592
842.7139417363892 703.447414235455 914
517.6966598325329 571.5617586702909 109
832.8919253153961 263.4476891479887 752
768.1021058544338 393.0628139053838 426
479.13058268814723 460.1279325512749 877
875.5696824236192 799.9583750141065 863
859.6255017140799 456.21396908826637 519
474.6188409904807 102.3285447208101 940
876.8368207569764 311.1504933486037 856
615.6983912126927 774.5136407261992 493
728.8817100931288 844.6884536040966 173
6.113649237409313 618.7823809859469 529
73.98536069536654 200.26175314534024 954
539.1100071747082 806.4560806190437 973
298.338450009352 348.1149808598888 884
994.7515749140703 167.03035285290747 493
267.28027375084173 551.4061927470656 86
841.6709978601665 442.2396226962947 902
398.33691080291356 419.06386428664933 660
458.0156196402693 757.5257476918048 856
714.6667271047977 880.0403480897412 107
229.91458979898084 68.71761138690869 983
323.1202517632451 516.0901302992502 748
927.255373760568 827.9527856467291 165
981.1039302316451 261.8225870511977 428
361.8327075941765 695.985023732092 240
898.428613798259 661.5944902447055 119
214.69932994364672 621.3577300662784 588
932.6480346869346 213.2812845926567 580
464.5658016841343 768.5209614996941 905
36.061616335498535 290.0427495501049 963
510.98276954679955 737.0442181595924 255
844.0083815770281 197.2689677866518 538
105.30998692066518 364.6426462264801 649
361.25355069483925 286.2634018427613 974
18.433889547694204 362.03500536150335 948
383.59703679265857 825.0448797333933 704
752.2361010199733 932.5356967599939 297
555.7397475506476 415.45969522889294 368
662.6499993400645 903.1685892734827 24
992.5542114818577 987.5501955675705 176
646.2665154157928 748.6913968527691 641
894.5592560969923 291.2706478591797 391
558.6262198203275 522.7771341702951 706
533.2132451364225 349.4457725797803 934
728.8661018641135 244.24003072802068 368
156.5635181404209 427.2705518208545 685
483.0189838017094 321.7826256529487 323
142.1300882889386 891.9014517072162 707
975.0019227356973 283.75634917528816 681
273.28402859401825 478.2336156327388 548
455.71794400560464 858.7795251733154 576
521.7262787000399 719.1874190458886 477
657.1658162861809 615.8258491074911 991
926.2562591033263 985.7172991550656 133
608.6199443135826 813.1271099533081 473
557.2205609842927 918.9322130340888 380
175.739798029251 925.4331449338052 950
218.77210667566592 716.1172534643787 574
597.8546788802728 276.10842147434056 151
186.59806277767467 396.87449422277086 5
654.8322782198212 203.6286070795239 948
7.531864177683589 27.054769221712792 17
586.4527185967788 886.6694528176447 725
405.4266379731045 502.9365299612338 554
100.97536128664774 341.7014092239733 719
531.0148445706758 914.1649455115039 598
239.51224826677196 341.8488321090868 416
277.7285024930655 900.0155461705742 348
127.97643157538619 196.66777216707987 812
282.06347086556536 950.0849569205054 346
775.7220624463126 590.9362605745355 841
401.71605393719943 782.6923248277487 35
702.2144683408208 713.9972037709566 224
314.5551661471691 694.2730402144779 163
785.4739354004405 131.4956818507802 835
863.9054618795318 463.7910027022212 853
735.5820549841067 111.61791833307488 961
557.180267528532 984.2097495379287 437
62.116694140051834 728.9100559558534 839
347.5090240359765 806.1901471792448 926
431.56611366318475 476.718158167322 695
434.4920341739146 290.5663071222031 346
591.0116011847362 533.3020874275797 461
782.0188466201826 915.9943875036379 196
228.58410668693386 850.2572868441326 775
32.2757789145609 32.63641673431361 507
723.6717086574706 193.77889239432045 666
484.17673358470114 723.9503485923441 421
226.93887310361393 172.5486903765199 634
518.0332928489454 45.45513203790641 811
777.2105178204182 421.2177240245586 509
482.01952264636896 366.3958233317306 888
420.1868819867184 557.9185865886609 672
417.7825009790332 412.07308718290767 230
459.48930312613743 495.1897184749392 458
890.0939716957138 644.2063058955055 55
599.4311365680893 395.23646632094767 238
270.3729424207452 245.22648278008808 150
539.359246357388 333.3065140459316 61
206.082662679008 210.1450870347532 744
98.21094346201286 835.233761710104 796
466.7079433712027 260.57237857979754 110
451.58180184168185 247.76499531991448 241
479.62499226937547 690.3984285901719 807
925.9010632360844 330.15281575218944 526
676.4788946216947 884.0340330897016 960
637.0883253849066 321.81361209103585 389
53.8480137475803 302.3323818940676 945
446.08682816209887 947.6853917093357 161
859.5661097798628 587.2031569328054 123
444.1406653658938 997.4088456118177 279
287.7583516120806 23.697977502975863 379
45.11412050674713 442.1069483026719 463
163.1202716321456 350.5942771488434 754
479.3030618939665 366.97805401066773 588
31.200796616406844 561.4036318417458 455
401.12588904062704 921.4915407386031 872
979.0580037716494 453.68275866225474 705
190.79445517141812 544.6332951671808 153
377.4226278183895 6.9273087367440755 335
498.8343316410938 418.9268516212562 412
300.0395934280228 16.33046586639575 652
69.90654711974231 450.6030880608284 841
977.3529363643605 712.3557115784613 842
652.1932281806473 224.46168942017363 768
103.01769490081358 185.79148985456496 738
943.7780578403538 788.2663254314045 297
330.31605004793005 931.5364964189497 72
358.859658861383 469.0093694315438 956
888.0512867305895 416.3405578975816 274
211.74121934784785 403.74421775492164 413
478.09108047666115 691.9995382439424 129
352.14028203694005 480.15686420101343 321
208.4666651041831 225.5156125453377 117
228.32619972583402 816.6902576893727 929
75.81278088376575 41.909242127533105 886
717.57043689611 236.80730763124714 109
471.1268094652894 356.3816757262227 817
533.0949300334156 100.60303994746023 923
263.0724654053084 642.0625478139181 247
82.4939161953433 767.1871233247499 832
547.7659775940983 112.71729269913344 31
594.2283077559774 379.7957273607082 868
346.885339484196 55.82719461143526 266
746.6660828245206 297.05678739348986 392
127.44935916592969 959.6704927605671 682
480.91858061805306 395.28890670664106 957
558.6175044068318 348.5982108223771 642
655.1483042738885 886.8990701846965 564
661.0286129830444 796.7664864371831 83
195.76032668553188 392.58250929832536 694
142.25758804521905 3.625689807452259 712
97.5690410945581 27.622791945997037 272
444.6523305595326 15.222741966677944 733
358.337502524239 738.8938463045753 727
898.7102289425623 646.5566671496465 615
913.1889583070887 909.8048204512097 612
797.5738634656731 238.36381639041593 741
133.41977356468226 31.736036385311863 911
878.1155502843768 462.9216318909647 165
848.7052511887309 686.5387198405763 323
116.86507447171712 183.50829245910683 8
234.62763084292538 464.40289462408157 153
765.1586457827766 745.0944477722908 176
63.071501480944534 67.29866745664881 214
299.5713385808434 741.0210094266748 789
210.81428577812423 658.372407908628 374
902.4304111922924 833.7495573806027 57
440.7049098464868 352.0883797685317 357
334.59349074908687 693.3412493433923 996
333.7581073074189 785.4400319530577 524
122.32218645700044 775.6322379979842 649
576.8811677760262 150.58834145785738 434
767.1274076788104 489.33335252866186 703
393.12865825509743 657.1645268236151 95
592.385887475142 302.12677524184903 697
144.66037282860188 468.88799692322334 666
131.97096102595262 580.8517607982948 913
463.2028688765061 783.7317853041753 13
75.85180533400037 194.83224147487033 280
58.585526687200854 697.0760454112725 297
69.75888456091428 328.4755174810121 415
254.58298138925028 417.342338151109 616
386.2663292794027 185.75927678061188 129
89.79005575042498 787.376572014844 486
861.1538620100872 266.11585417467086 687
47.1533201501333 82.45327709913064 447
159.67434958128823 51.92739729156337 19
336.5252922366154 869.53800946025 815
588.9096180392471 799.3422573690266 545
89.79046062780294 617.6379998051046 48
792.1143472458416 189.3176752307616 855
561.1423939444763 866.8866950454457 811
428.81967905221705 535.04194535928 110
426.78392585315174 553.1640926079474 623
677.6237955159196 98.07018899241582 552
322.6099295195657 603.6981544476073 877
487.86220525400336 885.8384923424935 709
976.6792507695093 21.696773195726383 946
610.9952460992811 803.4447662262672 826
882.5438354397074 157.34593677478935 392
37.591411843452825 422.0450610690205 235
872.5362615046631 4.177872190421428 230
955.7425899710527 369.3947458180419 345
543.4655109953288 379.3407738791791 410
908.7903519000353 521.9417178668674 562
654.4391821865909 716.7105000926625 320
666.4087361420362 257.3677712511261 347
947.2159807552284 454.97804195809135 175
0.569621769010431 588.5655724261135 200
72.4605889908172 5.506974261812569 552
804.9162358980107 851.6397730583631 136
411.32747023503447 739.6544021104526 852
769.1732806189809 46.98228341109822 970
882.1857303633882 281.21523117946265 563
638.4032312646601 871.4047090214386 185
864.8068033699838 338.03688422683865 773
385.1951809421819 411.3670364865541 521
777.9264271056478 68.63664499286703 173
504.0378874904454 239.85563587723712 632
162.00168118128698 177.5675630467146 419
959.0309973634675 9.541982960308172 209
554.1791490859658 91.50011872202668 104
143.7772650700865 397.1619911477389 692
994.0468804740347 828.6193345264409 42
170.3384847334789 965.5691316924625 694
450.3860168681344 8.02020582948748 683
203.29430144906024 422.87477373225903 50
360.81002031225376 376.9145264141646 716
996.7020444840075 962.6328564505733 826
350.04721218544785 248.84334986815782 869
334.66145673938007 703.0241022300178 448
680.6086698161623 971.5702009209083 55
155.49313097229046 399.4008892820624 625
676.5105120694861 683.023084541247 806
520.7691717872696 168.90543688293002 762
235.65825422807342 377.8182060043106 203
623.1595593657389 737.4108124555976 180
577.314936249357 591.6251342845062 24
394.24582162000087 91.23796504394154 243
905.2305936440553 911.4990387837482 464
588.7718730151272 105.09502824110706 281
447.703702050386 827.1140328995654 349
496.12356748185016 411.590515741318 106
762.6407703084918 841.486872824414 278
382.21366065304653 763.0792120422883 145
335.67723297699456 739.4917623003198 544
279.56214103025445 815.209355044227 713
482.54091584580806 267.3131891317938 454
326.54766515050227 243.98563099434955 973
349.17375292532313 894.0072593947074 784
277.0307924983245 80.65219722510741 183
461.8773040266377 402.80279845470113 460
161.8779505807567 80.78008524979474 68
614.6599964518557 649.7112296387619 611
265.7739011876395 75.02317112549261 231
345.07376562726336 596.2193310111788 978
335.45090040614923 870.3048580515132 865
933.3969115279888 301.46383953640196 261
859.3112492734315 303.5629967881384 87
202.2943992819639 457.2925981125657 516
809.4341697056789 584.0727415465674 167
520.4510753229182 271.8979115749004 818
634.2800451659738 871.9544259745803 566
620.6893467940945 826.1811782298009 902
970.8120015972023 630.8223576253939 836
134.99610801628714 29.72934403283545 662
453.6992225389177 708.4727865161314 320
280.69016737878746 548.285741231303 233
481.31628572871097 612.6004722300421 529
375.9389310127985 131.1195020786723 291
986.8298317913834 756.3696620739577 159
149.57447017946092 902.3767980901201 749
941.2575089501448 350.33192466783424 457
816.726896867529 541.7413220759265 78
780.9986004353907 239.735455938648 872
469.47129285887115 489.6189013126222 748
901.2396948158404 739.064579546569 538
528.8853195551691 530.2445926527687 717
705.561415971452 423.44806722893145 245
140.33208082537018 69.64992916241009 900
487.76939509824246 486.74957253704963 929
249.01664678026737 164.78971880710637 377
816.4283263008599 82.10851149011411 85
55.364941231607624 934.1888207142794 433
159.28485663060775 257.93617964064566 327
492.1509270394944 62.22137835253439 173
421.37463777437114 106.08724782276346 698
469.7571824241356 950.7315337383474 853
550.4826769004341 828.1589146795568 385
58.291160400525065 782.150378224218 957
752.4065270165931 88.50834810424135 788
459.79075304369877 226.0446912963755 786
286.11033983483645 539.3100327177362 541
72.49718594895205 626.5358164005668 404
402.70432534042334 666.6747682837114 33
3.1804645752456784 365.91428958753613 780
769.3405927587726 416.0322682053357 650
279.26343176319034 152.845238384531 945
183.01743400177128 160.27404650138232 48
652.0184225777023 342.1355620693672 469
99.89446812684322 698.4582325800843 733
718.7528141718824 392.53994990483943 405
371.7789734563828 114.16012152497545 419
110.01046539342485 887.7190182102283 590
321.1800942791036 988.1276549313216 563
387.222854179357 984.4255112880705 686
269.99139790963267 32.37013253983234 23
623.2744466070545 982.3155353575598 980
440.4341938514761 714.07254790818 711
52.77182455191476 123.31238734233263 309
402.8729772517689 790.0672272460184 186
385.28597888259577 366.1320029645003 587
612.7646843583061 173.71207496056306 487
544.5571455285177 659.409492420289 14
448.67318211614116 186.46841182564543 222
790.5781030298713 999.3398275229678 524
210.85487219965648 149.50991037915972 687
540.8395117536633 200.79321850789134 813
492.46875298555636 862.3813658074505 182
804.8646830563902 563.7697096451216 391
306.86673044028225 778.2612782332592 924
386.8489495032166 356.8402196186392 694
424.54985091302166 971.6094297009777 946
803.5530677455596 359.39043467325496 713
783.4959874958628 948.661177437923 21
734.5983893439584 131.80929910924655 67
514.4085455527043 21.937150310060495 982
373.9428890090034 501.25108546907506 399
756.9393497432372 789.651740158703 538
320.55626190805896 875.6142690559108 420
542.7968514921537 832.1535490581462 24
455.02562460949815 117.03075730344071 609
587.2473356227838 418.9630244288102 861
566.2705484098283 113.74831493835546 81
278.1995241564271 967.0031858232608 153
983.7502908352902 583.8935735321587 909
856.7784373824394 3.4903218406208136 319
501.133372417976 331.0556237540301 746
665.9765694787839 757.9401118845742 17
314.6595643369168 404.74406035349796 281
343.4845008981069 142.65518111377273 272
631.2140354592296 664.5929160245141 868
876.2382122350201 751.2593961621819 68
713.4600866229507 873.8343129250225 926
883.8263200691497 601.0429908967343 84
620.8137175241473 650.7098495566175 937
391.88769997431774 891.3167728896331 753
838.2335241336714 658.2506634543556 77
462.07504846507464 605.7113402201728 192
440.3271187250535 688.993833587259 583
430.16240871168554 163.47909358584556 378
671.4374218023967 268.41169902081964 755
160.10736435886753 40.42726816023312 907
681.6214960381621 803.1097404908855 992
742.6782922460761 569.4253408068366 692
86.29374292932634 31.05700213600848 85
304.44512244651077 395.705648464189 388
252.98699664172474 263.79563679620634 342
10.200577596004013 735.65093212802 125
181.63252509155825 325.1729971024534 600
898.2100544238641 38.20365679783333 879
580.8758638852681 175.54921185717055 447
938.9009575309856 91.70362728280324 470
977.0911633887249 409.1146697052105 791
769.3769865711083 826.6658493043503 291
988.0831257981309 59.77712414296654 241
107.12385647363709 109.98853876288983 577
151.06748717558904 49.05936399421107 418
306.02307065889323 699.8825877118984 403
82.97616059558199 75.30765449041021 190
224.92650015702452 280.21320524753224 95
912.9375782924698 492.7021576781915 485
334.6399676978383 897.565783338887 564
103.04592905380771 605.2631594948298 298
877.7018051604105 706.8476773108193 406
967.1642561215082 362.2820362142901 334
371.6011629249739 580.0449675315247 304
215.5272517288851 105.84508684735195 599
316.66691133884615 777.3734816781852 71
943.9929529717178 734.9999662697016 887
254.69872448445417 925.1283158352857 58
863.6803092862924 671.1848403298388 296
889.1653575693292 990.6649082417201 883
988.0994630674777 255.31196372440712 31
32.593460659010034 979.3344989517306 799
450.3493521781348 811.7060883549974 707
574.8403966599595 246.27425179187622 738
590.3105133536542 795.4324804290713 578
680.862821371381 517.2400008200674 112
561.3995547345886 921.2476613597752 149
517.8637934492215 301.04377642393456 754
940.3991991845752 123.88542272991765 831
375.03059261023884 866.1841536589205 790
9.16437845385687 745.4529220773977 439
915.3365761376408 309.6654074603189 694
844.5826658418821 640.0579380158181 92
253.7939072446419 456.6535310827331 589
528.9123658518737 216.51988909073793 891
15.840119115977824 59.19628556258194 970
177.5313091989128 635.5835381454036 396
60.443217075643155 66.29574177283682 407
670.6793262326984 412.5072706030346 664
198.32101886130982 586.7746078693751 800
36.1886630404038 363.18262928148505 483
284.8113048376358 951.419180799023 876
301.4374385994023 397.12565491929485 593
980.1477495273908 459.1217095321657 933
360.62759005172205 811.9707803472054 928
134.38041935787004 156.73538554681954 579
538.7074189269604 973.5015309862249 942
255.20047448679605 215.65406612579662 806
850.9204015767151 860.6827335178555 631
994.5665308700839 778.6575980757963 923
249.14870780033084 572.0796704887755 926
639.3115592909152 895.4257414578551 592
193.99048605314852 309.3644169660493 161
361.1440631555723 321.19450271248064 812
309.2414728512903 532.6616748126789 303
977.1332580821182 633.3953221729219 915
999.6852403594895 32.473418994358624 915
507.2617059154789 759.8952021813424 80
885.8930305726819 713.1034398331414 447
359.9127406785363 52.81181386693745 632
947.6478687425405 288.0579939377941 821
155.35341410340598 49.608490834889054 595
179.86457131342848 496.11488017121786 692
829.4738867506741 504.090209892019 676
721.4889116338886 108.20633260664691 406
620.5537315775252 890.1711030375026 528
544.7281783250388 850.9509904940674 695
644.7080131818764 974.6960886135782 81
218.0926246173477 591.0944827234079 207
276.03490120104755 472.403050054756 301
825.9778625423781 463.5989829411665 757
269.35983622309914 507.1937148910919 305
304.7539516518792 853.5352955337396 593
38.84079555878706 966.2370908938062 262
408.34215038036336 866.2226067079482 131
928.7484730028467 948.3369223863135 112
776.7606052063028 854.360202064185 194
690.9428089675504 321.5790064191629 480
675.6242692921942 603.7659127166602 673
179.85529520863918 640.6231306967936 704
63.95610474913027 947.9820941910434 137
164.94064096038363 55.81292439445185 777
401.16921123198455 157.58453783710925 303
215.55879076826844 41.327468051638675 782
548.3115539704856 183.29347310817613 318
338.55401641386516 588.522206409341 791
106.03096572959203 452.5903430499302 824
964.255314739248 720.1075538216328 155
370.6497681058234 216.41759852531095 834
150.2320621394452 976.0098902349355 197
866.8428048719535 414.6836656811438 588
99.05735305266616 139.10060670496205 778
658.5628266874695 433.3822383897281 601
381.7443666620894 555.4166722389197 130
773.3639685820931 322.1180991854714 305
760.2774213562171 579.1647407952261 787
448.75538956807213 961.7884766693181 222
903.5630238017525 84.28911479767854 740
588.3999667974438 976.9131473274015 603
436.541918067783 922.8628595180568 985
361.27013398181697 586.2526953725275 596
320.2357962864677 444.43395492235874 495
500.3923470989241 779.148337533514 567
199.7119638340583 277.10566117907496 877
737.7737635909093 837.7965739487738 151
730.7534934648963 297.2988710924841 655
330.6484816589078 513.7012282154894 605
259.572983343067 82.23763643526016 738
111.43901516922095 704.9487517102477 418
586.3955373591966 794.4997210870253 429
592.9540310624184 83.86131325755464 319
367.66571637984856 429.77911873578245 794
112.96761648896347 523.5692265801064 287
593.6151010059064 554.7613525600626 888
580.0026618792087 229.10014035037406 887
568.3820592321179 529.199510419739 981
151.44820505442257 913.1156270624799 101
787.2694968911862 578.2544765677951 157
452.7317367996358 282.0740500719667 250
328.6875232605192 913.5087739559177 58
188.4823279956902 28.95390274730436 144
431.7719010048896 284.6506437738944 287
464.5185010443741 53.51387776590633 223
323.8175782718673 125.49475583614844 312
388.49959736279413 505.17394885306277 883
948.8987974195448 91.80053556692735 193
332.822212795713 116.91683781002882 186
866.1918437595324 651.2289165613264 631
519.7402506082341 513.2662485933707 91
530.7830282692827 708.4959848923434 976
729.9374735237295 85.31652911441346 148
117.5504639761581 411.2761111545573 303
822.5159970046051 828.26642798107 423
211.0737586291721 178.30971473504354 2
681.9438586115051 34.112344862388674 624
975.4087408683804 974.0963033983651 592
825.3504273676098 308.90534202701224 666
986.0136296262732 872.5250196778006 749
86.99587763428518 140.33159097088955 711
884.9004790749337 833.1555016231445 715
14.321928089059078 182.98276855692174 131
469.80165889665403 618.2648454052172 876
62.88045118020846 542.49227152501 999
638.5030469816757 242.02776436702777 805
573.9032826831368 932.4529659614135 938
937.1429731626766 963.2470300911489 258
179.66044471451104 817.5355976374196 707
382.64555877389637 835.5199459259011 89
825.5668128547567 531.3622985273294 268
288.87268821995417 888.1253326155623 86
527.6424601255982 322.3375873822115 852
182.47298077717855 557.9321993283692 550
675.0596760370462 191.8735476967125 915
365.1747469191154 753.2363415289349 837
193.1175030939305 844.6568065877035 834
598.6389481099559 543.1789594809827 68
591.0951469647794 919.1340755214206 631
635.0596785850054 282.5592700293196 462
592.4316503989892 813.5511908352179 710
599.1294037189073 21.466044115509675 792
105.11895186304766 895.8135440709563 547
942.2157493054859 783.3285712533581 993
79.13200607303217 765.5708932595777 150
376.69048214771016 808.6191802981048 994
32.26647269272998 677.085492326608 487
171.33872155097984 854.8191658898095 91
181.7954954288291 271.56848654709864 23
234.1125241949279 929.519266232275 315
84.7145335211904 238.20037678116046 245
872.2701025331999 347.38989428869337 766
492.6517650869735 265.0925401998219 748
248.53566176896203 36.37924682896521 843
159.22485677341558 656.7010485854845 274
24.899577597682466 293.7021487249969 442
290.84948743676733 570.0636238687857 132
799.7533500999918 878.6667783665904 77
139.50150945693906 197.54056863961787 503
738.8752393906349 427.9065060348899 17
944.9808466475619 713.439355060034 795
86.66172322661735 706.3038277000252 823
989.7368890627025 973.406979712356 733
961.1813581350958 57.59089120417893 767
567.2008072216887 373.7994896370134 283
240.5956582873846 617.5145319328053 78
654.4901291380895 158.72285554653686 262
126.94342874784891 733.2997262806964 530
443.4533095238844 95.85522508144206 11
380.0535437584018 952.936861796296 565
459.0743669087982 787.6425607306829 624
935.5540277004858 644.2291003526448 229
375.36196604468387 6.42057785300898 182
230.37786900558444 360.79622105052323 163
74.0079693444009 639.9369729165006 261
404.9513212676473 945.679795536024 582
111.74912882507815 819.2104657281138 630
317.1181756009642 236.88504172120983 217
214.10937542359153 889.2040931255669 337
514.6686582793326 380.35649148104454 834
622.981009087812 471.2201949288984 126
267.2103314258236 820.8799137468022 458
498.56316993406045 704.0093195330884 220
969.9611880620927 672.7863014431347 511
628.1364697695038 567.9511075020168 463
284.3677659055628 656.9856228319616 62
621.1172096921861 714.4524244823435 741
598.9482942805921 432.9568765151813 135
945.5456672686676 504.496473231114 591
809.4938059495087 986.0156747424597 22
988.0731522428216 505.750325920479 708
437.9284119558345 411.89429281331604 318
232.59277062719775 10.33527869068318 971
529.2834169658554 988.3056615342135 453
167.43868313242405 539.264575759493 533
224.76356614662785 792.1460364119671 526
634.7937512746612 200.67172482462757 850
840.2519110034422 964.8509215849285 38
801.7309533778938 343.8149041778556 730
661.5313177499909 609.4420375917159 773
898.1618918112697 34.40720557202259 350
51.30312141815596 2.7117162770697867 719
523.0653384475817 397.225760861022 724
38.846885857285685 30.711210955196577 551
394.82625438503527 265.8787359488443 244
519.0310978430723 205.49810105683918 302
573.9824816473069 560.4816863516338 777
449.07657625402595 73.67417802407128 179
621.8407333007268 611.7426875342901 287
493.2438701099149 493.39517265588216 83
687.1202299304225 359.82851967547305 26
655.2071833986276 493.1220689452285 653
110.34226624188415 81.82619102533639 588
769.6777830349134 573.6406355882897 744
825.6247502515154 645.6984177292032 896
410.4574456250941 221.68409450316219 499
659.3111330955431 907.721757746835 706
988.971935896052 995.1026401184599 552
197.11267540760025 87.7006933895409 19
369.7551574727396 820.7328215636602 597
584.5035783611346 266.66455222290875 801
270.1499114509738 540.6751161267131 457
594.742332134194 699.4374043032822 599
720.99889458826 984.8290301504462 111
361.69238851466025 180.73245181668983 33
529.7192238545562 29.333157260215014 140
807.591800815949 693.171624913266 572
244.17614869977743 168.12477647369172 72
390.53381389505415 825.3158621760184 396
878.2596275704341 143.41571866587742 404
931.7430745261535 24.504133536006112 878
124.52028433536744 664.394210065116 517
724.1978311208052 14.407557227861577 812
408.7097854655545 441.45366826886954 371
897.9851616845848 614.8954122866345 752
787.3886800217518 483.1039604552612 816
185.74086024067415 0.28184213047077744 221
995.1043137137698 167.60681738052762 401
990.9866055680176 727.0466198050916 425
589.6803863968059 246.99759774581554 992
734.1987221730009 24.46154196996453 2
461.4897578656376 288.5784738751598 78
702.571564441096 204.66298510346658 874
274.79108771731154 553.4987082187848 884
169.7049267574341 26.78061480179583 851
659.1647273574009 887.5179940509792 426
190.58849525440903 708.5561784607119 59
862.2898182417799 408.4343645570233 581
370.5522915041135 403.59240751032166 268
848.2768493421646 826.8845178906066 281
640.4084832300576 733.0899472701083 119
64.4903663656533 469.82632796681133 182
974.4591708262619 566.3397060071566 353
433.75168677149355 642.783289304453 713
584.7176882552617 770.3314884633313 80
817.052185697573 761.5018630633119 634
501.6664125449496 210.54898578347903 296
167.47173205025078 764.3624169414592 962
762.4100835804893 269.7924882539815 576
90.47898746796467 0.37309381487915516 861
613.0730577472924 123.90181775691988 134
478.9663733787255 219.02682237239947 626
530.1434655906486 814.0892761630619 813
622.0145640110364 131.74828589901588 674
161.46111171748223 925.5312442028707 102
13.377290612682113 252.78253512657557 665
204.5394003296026 580.8071648665681 67
499.7423068115532 864.6356254782253 574
875.0787309534682 909.112075290327 247
265.35974862310616 229.04919870279605 808
881.8866368824541 907.4185896240111 358
74.84653589393898 154.9091072626304 632
581.9074070474538 66.0017093303722 11
373.73209669162134 575.1669509323665 38
435.45501740219794 656.5708539466417 170
955.8065333450759 829.8769491000029 336
947.9055653531872 50.48921392564887 61
623.845049439319 983.8281079656862 345
728.35493508494 169.07134021847213 308
490.5721311843421 825.5597583594288 902
320.35199040138275 781.3819391469605 203
453.3555723115711 451.43338138395995 29
857.3743592987829 488.6668693291315 415
763.0506556010316 329.4447984627418 352
882.3317872740989 463.86417144884786 854
812.1627691124257 978.5761845679178 864
731.6021313865065 78.03294327558564 600
650.6774911908527 618.1223879047325 142
361.41418613567436 286.9735578036666 60
677.8536777251966 906.0990618474021 820
693.602720715455 914.0960779269066 347
983.0161639488454 866.6751655774539 198
99.93154836287843 226.00088190447732 3
924.7080911938981 6.119298169510401 48
537.8662497284879 33.86504476257479 379
157.8020107982834 520.8850153773507 775
43.51684061036365 389.3708431806954 137
734.9579018877494 471.53564104036894 948
556.1751631582991 788.8777418576395 663
611.5334981922722 652.1052179721071 70
592.9347041037553 382.60033133811453 710
327.20317137978174 621.2064263726536 43
396.25116397528393 354.42342869998777 236
714.487026939794 43.51721320488422 335
82.31397356580928 967.801639712719 994
891.6919095926319 846.671412976731 164
837.6024188964271 363.8811258875531 194
860.1345120503178 607.2239387538777 552
394.21002760493116 539.2107339310563 653
850.860646279778 392.8148388940712 308
606.1131633265672 356.86601780020743 499
380.9777345799147 523.9080705825818 721
689.8913522083654 837.471558981715 872
704.7651080953633 435.8244851736579 244
686.9116514690764 114.45762263934634 163
119.16042728009334 50.769579515265065 510
518.6254905873938 983.5596240561189 289
346.27844929873044 72.37682846273108 784
603.874178844269 626.5371701379539 288
892.0617334903292 266.37655906001623 292
212.0956501492438 343.88308372644207 733
256.3910753365427 551.0298334526399 421
215.45285409369862 15.476091615589048 823
433.09252541646936 948.7096670264361 189
469.46955685133753 33.07820336861167 433
373.71835557299937 21.235292879386414 598
336.18616382926547 882.0635155661423 307
74.56598436563499 506.24148491026665 893
802.660508172821 308.11865922362693 22
3.0070706515396006 308.5204393105272 624
404.45913412985965 207.48434456023168 654
519.054810249205 288.86648904564436 659
536.6198518019502 673.4024313053474 227
918.1576263548995 842.1548828977499 309
432.7195815327405 814.2865636051799 842
921.2142372257925 101.20957154532017 564
883.720261430646 671.7150846707762 443
740.5955338333928 749.3149251403138 406
765.147407810882 570.1257906045903 741
129.40986218962914 390.27012898934663 803
13.247341980851646 569.1894527626181 198
291.1240218996323 737.7941846853303 863
392.79352696870353 231.19167411381082 839
904.7959542732893 713.353782694381 725
172.41131527382302 761.5354202925153 973
306.3841577618972 196.0406239601793 651
552.9389848167103 157.7451755963537 117
258.2609658653394 389.99679837308787 81
445.2246783104326 190.25177376384593 963
503.8407278079654 616.2748795937181 634
294.9536414305468 100.00598731746612 699
91.90993830400329 137.41146215736933 448
997.3200102396974 124.35545647333046 345
545.0254545370577 498.3064482053333 922
260.49182714984767 7.597715567713936 870
618.8267292829759 757.5432533509131 219
237.17303105166033 97.06311232222842 391
