848.911592643538 718.5277250808537 769
365.1369128251616 972.2979891733901 132
250.04380297025176 427.1921371480343 917
857.1716340818107 437.2211478298422 281
330.2818008795061 778.0185741750929 176
579.6564756667067 667.4915741869746 55
818.0844514062956 960.4900774950929 346
172.3671384677713 85.90475252927942 207
606.464691954377 539.8783309517868 611
474.08260441828975 604.2584158502559 432
177.1431813514066 469.52666693631187 223
437.0259829776616 459.38280915150744 548
698.1860941452871 863.5507587381268 940
933.7008820254961 659.7065576339126 96
322.13013511404864 126.69853546549025 707
944.6535788550726 997.1869979024045 455
803.7521156851916 23.006388260215616 630
714.940393524683 814.5266395123728 920
323.4901388611066 211.75443172659936 852
457.3535814223363 327.1892768709461 77
301.55853678352116 80.33708246107008 254
932.213219602461 438.195646635151 245
379.6657629520903 48.582092570310095 481
819.4023695348656 309.5092935181919 951
381.58364687581593 912.5451059943633 328
940.3821806019972 181.35693703585832 557
986.2859322600527 285.9955892429589 350
49.545071851335166 406.06746968617426 756
107.04504370250811 100.49508898193338 655
378.08603970929113 477.62321834491325 406
61.09706856853903 488.7492000999637 876
465.9343045694966 146.55396054019752 681
57.581373333632335 234.24344436259858 750
303.06551071456147 834.1216407056575 760
640.2546243299639 570.8680630278595 124
497.75096239009474 215.16758652738588 42
846.3630207203847 113.36024368392039 844
944.3431286933326 369.56168086385634 21
238.79988176462996 670.2546096740411 737
760.4463221445844 52.97486879475255 106
458.5447178651679 934.1927531123076 323
541.3057652113462 809.0495553579274 486
384.5263772152748 114.60126620191168 91
305.2689342844942 241.6885291873513 617
616.2891526765139 581.2759986106546 617
155.98392208079582 96.33882704918351 44
75.29217272140932 729.8366948444548 133
173.5871260984959 974.070360519422 746
181.31621663127595 789.7681151744814 813
534.7178103293151 356.67557857149944 630
108.23198040363403 292.89190620583526 603
542.6050268190529 923.1195277058866 91
240.52995684095424 523.5282894951306 149
364.1591143265108 998.7577809162789 43
765.2890648568922 36.81917866698292 949
208.55167646646444 649.2540084367452 451
710.5321234310886 511.423996298627 482
136.35904266148034 197.01343161808217 439
641.4943968330291 68.14546601755045 224
82.42787279234498 55.952236882673255 342
208.47021074964823 670.4308117981371 549
310.49786132457757 278.39132940225454 872
695.6722171891204 366.2266152411662 73
269.6737252551494 353.93388631905833 609
404.60473903966766 222.50859752796603 30
124.37332865686534 216.99854896928116 426
386.139247904425 151.2318815178978 179
980.9650749050269 915.2067368892729 612
222.54252642022954 861.3468501945974 765
787.0034515271059 528.9774855357502 30
844.2289855051374 852.752042778178 559
365.757886686904 186.66809701650422 935
886.5823417170947 891.794936167891 587
483.4573968777834 658.3086115483696 197
347.28112687423686 857.8020864215156 748
90.93529931569888 306.0095962646283 885
286.29757391177725 577.5680163159881 415
577.7895280132063 351.8957417244758 178
648.6300363104339 262.63145567772483 130
279.71540353465275 541.1426112579317 488
176.66729298864146 234.10912269452922 491
956.0198216538726 672.7863406176394 784
724.0504778064676 407.36657805866594 884
258.71668891989555 740.8896036880776 452
710.7760848907681 114.36855362164312 476
205.67196029133962 67.16766549765485 532
417.7788672051206 668.7277994390937 530
484.24636635927266 329.2386412037891 776
599.8793719831975 454.27288808485275 741
67.57765186862797 452.8014977897482 922
966.2395472853915 30.89390454837282 621
224.26742679106215 382.0053395909316 303
393.9498490378223 138.48930979656737 912
764.9676591433216 828.7420215004514 744
702.6461229979038 534.2800799421229 169
537.4407510411497 896.3346416364277 580
428.92518342962427 823.1352771617569 984
763.5782896941006 549.3931024251968 390
985.5246812514339 304.4746245996686 443
203.0786450709917 920.9427452339409 347
226.5392163247334 162.56897166527452 960
112.88547160465423 261.7219289445879 388
18.83209801701946 582.7761042192611 407
379.71897880272934 254.58653608147043 1000
96.3578709863393 16.75850397460121 728
59.94892369402971 397.2430051081192 53
804.2526095202863 996.8028726480983 835
591.0293774157944 805.1872578146865 715
728.5994764828109 504.5370386998793 720
865.1248402689259 87.04566323805696 346
420.59278760766085 268.385975089414 676
674.879874924399 954.2766736732752 30
634.6690422511048 890.7070642408872 506
479.98023978837665 429.15038545566244 342
524.4724802528956 391.0707300773991 792
492.7431124740308 44.08982404786599 476
985.0870717213312 531.2516660818242 722
945.06430775704 729.0712044475914 140
204.26783107742529 782.1594483455918 352
131.6723942516238 435.947829462714 630
599.6968699294143 585.4482691113233 469
927.6485055123907 129.83445496697465 634
328.92645817589084 950.3371186935802 673
407.190133857367 784.4267902694569 463
213.50075215633913 529.8213195599478 774
191.54513476108215 459.5790533673926 590
585.6213554736019 664.3432878755183 218
989.7090261409375 65.76345232732127 700
782.7940559953627 867.2299548198707 365
342.69693061983355 695.3609028467 969
855.1593579158456 919.698137723824 112
861.4757437192698 447.77894462180103 930
414.71199456412666 249.35070080036326 874
636.1196216675387 916.0860569968241 114
663.9992060358292 983.0680614430665 651
675.702384794832 446.9733280878223 961
870.8503576504964 567.3666253047996 709
92.65404074482308 497.3726406241048 425
554.7767459109905 91.35466555990767 35
94.81204568392133 812.6869043464611 292
474.55482360862123 638.9870180379521 308
616.880874715033 550.8652784944557 307
362.6386460090023 404.1882132699786 137
12.036283169474249 990.9428253785635 803
139.33837379553015 796.0161771067967 212
256.00835821535037 813.4621751377853 695
584.1567818202349 506.2981248024986 521
763.6407348678152 229.5947045999015 391
195.00126429394382 307.47797088327724 831
115.48492866277682 271.35290753585593 801
843.1031973175849 473.7719928830889 188
554.0549931566886 639.6797205750672 81
758.5767128883531 207.13799025300682 32
759.1708808085666 427.7320978779332 598
906.4886791118818 81.38175088120259 447
985.1983300253623 152.87986109455753 134
69.44151403028775 18.90153027071939 539
687.5965394402025 369.7503896125585 11
409.11896220765533 116.90598186040557 435
957.6103603068573 362.95592747611084 176
608.1451496050827 984.8375323143331 345
604.9946075705318 334.6326301624033 502
250.59145266275218 91.05534171908126 536
913.1040832780274 974.4958181568809 528
914.2364130103982 726.9082659150769 25
401.4274255635063 501.0838663692623 204
154.83435597560225 722.9780905817956 410
479.97402464356986 42.79646140627369 957
185.57637000624604 513.786397459507 298
157.40261452655736 882.9893164163938 168
555.8599639727602 395.6904845019642 802
113.32206898027086 157.53178827036362 738
879.2864475228477 744.0684819679329 554
867.4766745486618 310.5457349512462 824
548.6181098692426 808.1875011873246 551
555.047045653666 827.8139993386752 747
850.4248624691078 321.7743638718734 345
318.5957055583052 866.8503305175907 832
723.0016760038018 687.9812479669272 27
293.80425004961927 316.67371932096745 233
957.4857562075068 356.1026460065314 763
259.75110772590324 639.0664800863542 285
477.7214580752391 657.4340331191964 41
597.2203952276436 190.67389030533167 177
216.76870915870217 736.1370381638557 970
843.5613053024105 300.02975428272396 248
576.3490356280442 757.3226270994608 120
109.42734979797353 576.6544713514958 233
765.2827669319398 425.33374998747354 992
712.9929648708592 811.4816720014113 59
19.93889248144287 116.60422326193076 663
503.14441162814427 790.7946392371726 34
789.883241200369 948.7472034435592 310
90.34401515795753 631.6952778129663 824
96.69665716221077 466.83467962538873 494
386.2737107607803 157.40523797575347 540
920.784638627635 655.6836185035628 325
225.0057502092909 936.3929609172089 621
83.91473814579476 565.6839259706483 730
188.0130318093397 935.5451472659286 95
488.15792917077073 820.963965020296 165
173.24574492126365 425.9133322595444 800
764.6488182773115 226.7097848060452 567
592.2414856496795 631.4798276246529 994
5.17779921583561 816.3584094376497 662
238.6889869478356 604.206090744996 325
548.0177020363446 934.5849612058465 9
146.85334497253322 564.3120067078264 652
330.66095063841374 438.2194842144066 24
450.97635538049207 492.64037432373243 174
195.27719714094505 63.23389922720401 748
919.8988934203463 726.0540328809793 584
368.59058148433945 89.66078886603324 50
202.6947687938626 865.1453031754199 208
601.1224110038962 616.3699623740748 748
620.5336687287312 323.87358130703626 913
866.8573923503701 825.3847432094354 525
740.242617560636 87.71575618313865 826
794.0808683813965 927.9135254231838 602
958.6026891499396 118.89362903816392 694
737.1228266025427 418.6861873165765 114
841.6714745928492 843.441568835166 31
213.38455882970365 69.32869612418713 494
524.3096365549172 965.3583028328422 542
26.481030897062 564.3873352979372 129
800.9514181588055 529.4332310630869 967
732.8091020488201 309.8419504072104 300
240.64878590303863 333.9434293097116 798
433.53133658972996 466.4641578261358 537
453.39774090596273 873.7872010739809 353
63.412963245949584 775.1366131052879 443
274.6634396047734 387.46648768025307 19
860.6251757627899 371.9351722942869 937
988.0749204194464 722.2411641239133 592
279.40247847524824 132.94486023064235 649
319.5283092430895 986.3741663170217 283
497.6494376685353 320.26282603160206 190
583.0013427778086 294.04565065626167 270
40.331204652867214 586.5337934634744 396
316.9498878617479 382.1068414323824 20
797.522797679308 180.0855938959114 880
852.5922980910824 676.4129016892267 234
160.51819722156836 508.06609590590637 586
331.45768503255533 232.95556216998193 462
688.9200940380134 573.0251428253578 297
590.0824842449765 302.7532162268751 49
134.6586584192423 544.3855874300999 571
317.08925211758196 603.4226013119262 978
246.25562182160633 926.7818398723691 329
179.1647706364917 844.8264252321435 17
954.0873034263625 451.5397113279681 804
862.9587518902862 395.4138954103007 722
566.1073016273293 230.34947007036476 165
98.67579852927399 503.2151467215964 266
232.89929332906036 601.7372353675498 626
211.04866777380704 355.4230497500057 412
544.143915051035 705.3942028589048 356
541.9648621880798 285.6001634259869 323
117.6195769521099 229.4812473653033 943
432.7188219613304 418.1280349317706 385
424.1773949947898 546.4680042009329 531
480.8214803845997 698.1848285607489 704
767.2778634131374 211.30240446258608 227
821.8768497872294 115.87632108594958 637
305.7572944356557 406.5320506980964 432
10.979532021571202 926.3575509894778 332
654.2271758025037 443.3460929850972 776
461.3527475131548 438.48582417576307 892
906.3885758180515 725.730669976248 6
182.14083011002347 212.4598992000335 970
299.46668041058655 774.352556369226 122
915.8435821349821 158.50409227103225 392
579.6174649518375 10.177034467956481 640
933.2205781513708 606.6129404754129 341
216.14260335304758 943.8483279978392 595
378.8344080808672 884.7676851823599 55
805.6057919441556 938.5876571146249 706
792.8728101226817 22.169701439129884 176
465.13870885875065 971.905397400333 917
559.8545153458404 829.7542996099183 507
782.1018014631298 466.89170131339597 920
493.0883541717289 980.1540641628474 147
298.6068199819304 725.7555639990868 979
670.2604606263917 401.02328433779223 648
707.6392752572293 431.2751431003957 949
633.2302020439574 322.5508535344836 409
820.7649991971072 721.8950363949837 555
743.8134239248725 351.49934960101535 331
647.3296555015046 734.1915244719831 647
851.8293452745619 648.4003947331079 311
439.2334626771034 0.8028398033853579 385
313.0728004605824 249.33084286916196 635
388.1224609990638 661.779481947267 794
351.88319565273497 144.81396572990823 618
560.3709288051726 822.1889173280699 492
88.03876031338564 593.5350400742387 85
643.1027136274805 209.02536192456898 870
915.5904470360312 380.60185921744517 761
111.50592816508598 766.0553190071244 990
231.74931088347518 200.47922142349583 49
279.548083398596 52.98740914081457 696
245.6800825055241 699.4151369191991 303
921.8539159867414 398.13746056480215 845
481.26520644059434 651.0629332604133 955
66.20137603198695 993.9176090556784 582
335.1326916395179 997.4602229328625 278
239.44182413402905 460.3802411525417 894
191.0851461516363 308.4312453576844 228
386.4565125585414 78.34572550501495 255
857.9182725550459 411.2780894152104 788
137.57057689193263 756.2945136924859 558
718.9824438504535 884.6108270571517 12
956.271534182497 354.21182294259324 298
634.2350710255184 150.38958639532174 593
686.6334862875547 82.26762785784646 331
693.6904454124531 893.0079247799898 628
797.8273165338533 503.04983643060643 254
21.474558871734107 158.02401682638535 234
71.03696648636848 852.2338283511028 711
77.76548745010004 762.5258285144057 574
215.38983187696493 852.7710738502666 743
695.591915117811 255.87363436370347 291
658.1268511692474 676.6044604180722 716
145.8142180508676 964.3557601367871 840
450.4267483689696 482.60940869866744 595
600.2430892122835 675.3960452462632 388
948.9659243783107 168.54591861318312 921
878.3188297572962 822.7359431348935 826
363.6283418809961 969.5595806111814 931
632.9153619716867 867.7791087696801 702
155.92321442668887 659.4701246428162 871
460.9678446671056 312.9146240889483 827
497.67517307465124 971.5850512737794 705
401.5370011029028 921.1818918229408 758
853.5821628842245 867.9375971129269 455
951.0315310724362 86.47995849193002 347
356.8957835856302 775.1251816432138 875
305.72338547706755 351.7218139506687 451
431.73719125216735 594.8435532943037 535
774.6665872364015 410.8440703959759 822
648.7032776364433 257.0245332428619 208
417.0225285927556 402.1176517343926 683
167.9413531539242 870.2683862406915 249
515.6009438027664 69.69583389395395 232
803.0300655214264 329.87378942551027 377
216.02838944129354 489.1574475938102 405
281.3544082504277 355.94428947893033 574
69.30370145527421 158.12748663568487 275
792.0551777545736 435.59074218040416 564
662.8744898984512 639.2446802828483 93
163.45145623127533 539.2068705995639 946
421.2270220363412 941.3420412007218 106
737.6652613526501 753.3914808942616 890
68.22988543837516 349.68689190450976 212
488.46108665629174 847.1068172916504 690
295.6824420423612 592.8890943135407 661
286.3673553261228 74.00052602451058 691
192.6822682850776 991.9971687727651 570
578.5224590323136 49.141315472634226 11
463.2191871886345 611.368173176131 796
915.3015282802961 556.1743205862202 325
36.98985303802138 30.345858199195995 661
13.499671564719984 372.9481693142003 468
495.9081056968597 272.3432512508767 969
155.13484858111138 885.0523216655571 257
319.56918570047975 3.6829547840993015 205
14.19481848913906 914.8543670145558 684
626.5285001519179 585.4300221761334 307
231.518044606983 437.1066427674556 209
126.75945887694185 915.6051638291133 652
998.8915122721635 53.55208791606203 988
909.8883516572263 772.6673533260577 976
649.4090329666444 812.6564734660326 65
353.53662682269714 761.4720522747829 720
94.37314410719344 931.8010684455812 929
340.53998903248186 988.1082361608379 91
269.7276590470151 792.7802355375064 327
871.8297735234721 891.9100060653875 324
366.05171684249416 834.6780325178834 399
718.8184558985885 708.0000058385757 166
593.1184857008088 349.350063749275 605
271.8464235912717 79.09076685919636 350
868.2736282197578 766.7431427021659 956
81.11034766253799 373.45171623459527 265
133.5991263422427 280.66212276697956 325
372.54378245516807 29.68525147776191 752
668.636625331761 687.4161173836903 944
502.2232770453983 387.1616278741939 394
281.42868186740435 781.6266232854836 317
835.4024667010228 902.6719963128339 454
307.09687771736196 850.0747608634657 232
796.8491120868538 187.89549065004485 679
48.957351944591835 958.784544843806 639
505.6691151054433 937.8911383187227 906
412.09105662868086 938.2432671698145 112
780.6285241042451 355.505051089135 140
601.9504770478515 598.0576478886776 51
216.1395736975832 685.599676302124 737
526.3065064183453 762.8894489927758 723
504.4443041362799 575.0979682939902 606
218.12370917432477 592.904272536169 187
230.93985304690622 377.8454688269892 908
112.05185803916551 367.3432735177875 428
568.9415486609608 413.4413550134737 442
298.9027960231333 159.03939085786533 377
55.16723253978218 270.97037121362024 895
732.8054580537698 641.3247525215705 343
602.2546989303897 783.815823226245 481
416.5044113098355 354.257184436257 801
121.70148246979528 983.9582591106104 445
137.05309182637316 987.8937313164287 619
945.6444772453557 87.60309493166119 41
607.5472916268778 103.52659178194523 721
179.54430019828283 961.7408002449056 238
613.8890712923346 676.975885559955 159
584.436673058893 796.9517121594537 871
346.1302128215126 235.81513735233972 760
85.62560684595044 987.7938333443186 609
725.2707546946586 452.9966181593229 890
867.3237895682176 475.6771115136533 437
689.9128717338145 946.6684129790816 280
420.57340889662544 229.87131531303316 301
487.51591796745765 356.4008461901529 835
152.78361417147545 585.1081395690562 495
745.860905040877 258.64664660479474 12
168.83148964008333 621.2857672244819 76
579.0398176087587 284.8656999942967 537
130.11564873635496 531.9702233170648 177
969.5700878622544 872.9372107427972 117
334.4779336032422 188.7807237075386 321
792.3812185663473 847.7543073405191 51
82.37676420827866 305.2827880343325 424
254.82245031151052 520.5008389900565 968
663.7775328367006 241.1892956580016 842
170.30346190466173 444.5992771648751 759
360.3802634810992 37.434071378845914 131
738.2875696457795 431.96723322809885 823
28.334974384958578 545.518731962819 505
734.2285129209633 72.67677218995472 895
89.79330975270894 924.1336589306708 139
649.1697442953921 46.30547493191472 141
190.08804200412212 710.7897841334341 455
395.1583606031915 958.1452903045408 544
813.2022427447977 871.2845240807682 470
325.3741800725338 72.87396028969928 323
230.21647685830283 77.8948443324583 36
84.32245320039556 515.6530202394476 198
288.7347555623225 968.2503847762928 168
296.12029297329025 266.6394708821811 405
100.55360098640809 819.970231279734 489
486.70812444463417 668.3991172410268 351
881.6341601959675 339.50786001063085 535
519.8924321137779 265.0451154410393 721
704.6111757747727 18.950489361240553 774
344.10454322738184 887.5348878689744 895
348.58109859641485 768.3968739483366 769
250.90583241884147 821.9409720163578 790
808.1474177196524 388.60445320878 413
345.0683339158696 0.2094378282274656 18
980.6165716037216 725.5284555561351 647
704.9361675585408 950.8664299347796 944
673.4839553321016 735.6960896577197 63
657.0862803055691 566.1909984286895 104
222.47451348709546 933.3160259881453 696
97.88114602184561 898.2620189841311 536
210.27630582664003 423.51576125487134 505
476.72457437014424 154.42202651384707 29
936.6460865281575 580.0754648712708 739
411.98515444195385 263.1010651671035 703
479.1311164504154 568.2750919206148 585
492.5161705445692 247.1816699904934 85
623.3611194649585 484.86061151601433 707
320.2275178036531 135.68988192393417 750
697.1623401242686 314.93726090218956 108
107.61988194845895 702.2342957027845 454
567.7929437386562 267.6307599596489 348
974.0815156352185 682.3266031614917 764
278.8349714420849 451.60976262136853 68
961.3992793796042 409.7078244855151 418
761.9007961744736 180.36038870660255 612
161.56499795680102 410.51175385452 754
295.96543567191435 748.5773429253139 222
837.3616502376028 847.8838265194468 819
779.0851177404011 785.3651041139494 682
545.8115716225633 34.80495995894173 13
576.0355446002638 455.93286115119236 690
584.4759444968706 44.77848435634579 787
493.16565888745345 392.4066892232876 863
977.5573417273298 875.9665049059124 390
610.3427801445155 389.284696395622 869
997.5705630363534 710.4747764279359 276
567.8027435324266 441.075512977074 22
213.2734206729422 544.7811851007168 668
23.911153185468436 963.5974234889599 789
427.5195555892578 363.18641892289696 47
863.7351610893384 634.3760374336106 532
745.0319200132947 477.7165854616035 884
336.4721443978487 935.9729386253315 973
14.35789725735448 929.4873978907342 567
719.8959419123933 619.1880497078017 382
383.12612154316105 103.10685943523757 950
629.7128609618899 101.30009807110608 351
165.19061024107384 408.1651750555526 592
644.8196766701458 36.71064790062828 117
295.68274042903266 345.93028486865916 892
360.2110802333445 416.0657591817193 506
392.45295376344103 204.71431070501967 436
986.4977447518585 190.78826607156617 684
692.5521071168398 717.3410794914537 409
604.7311142439211 323.941510514679 858
939.5374638980262 597.376925026886 851
712.7802382128757 108.49020061748571 522
7.824734042773396 256.7261502520386 527
770.2126569361598 895.7756132964192 544
21.73861375514219 822.6543635849147 405
206.91955073388812 979.5490067249397 579
719.6423698360572 400.9339714792151 131
215.78432806895154 322.60027247757193 155
17.373993257994712 312.30739380596737 535
532.1816326542987 992.2755268697931 717
455.54133341509015 550.6365013147314 989
325.63014056228957 294.34755007687943 797
628.4788865736733 171.25078093347213 156
545.221968418774 597.0690493052879 684
81.97700841299849 649.6541601973436 314
543.1976395557955 258.7811637925608 838
458.5021488426411 426.8415613753295 552
594.7142911922346 314.4698989794512 414
946.8669311296652 176.16316240224648 600
73.83602438061621 466.8769492925728 47
413.7095118228027 651.9633216581526 789
48.624017002398936 844.9885519141908 28
686.3150020490334 333.8423175230456 956
301.4585892102626 338.06850729477947 98
119.7764426695519 675.6708954661816 250
614.5097878201276 366.4695349838921 133
816.7348907684463 101.7018522804235 861
609.5100558336139 367.9194903534243 591
833.7782965569223 468.90511903606114 14
829.675460268 974.6158883190988 839
436.88263714492405 944.0999346261758 413
608.5334516424413 262.4880833406209 79
84.55975027435537 802.10004196696 324
823.7140811202738 161.85860085088422 525
986.1190774379737 67.0027611149816 484
899.8051614146406 952.7250984663582 542
193.54171191032833 45.969340991425575 479
610.3845441303772 649.5675723890821 858
633.1491212541548 832.2419396335251 383
623.9998443747216 920.7228346250054 560
402.72391318965794 466.8330615063694 675
422.76183125811116 382.209234094686 943
785.0115991269362 853.2900626751357 179
842.0324363771136 382.1995828401802 368
798.5158509805952 597.3287096787936 392
608.6141407620706 753.982583616894 864
425.36196411242855 371.1855383230518 632
218.29848009845165 912.3432189233932 431
691.5213138373978 162.048634765532 961
213.31707273093758 44.63266657841558 59
280.75101791680146 63.25395722916838 618
534.7534585555362 805.3344254138133 680
767.4126979953662 337.228122620031 269
205.86013617401167 4.624813889803625 695
44.731821770725766 391.33600801289015 840
254.49252280636358 573.5949393454675 824
199.0907630123867 416.95993756615303 579
433.05519068424024 133.42553302267746 864
135.59026769573558 964.3448749799124 656
615.5539555416358 400.12951231441997 191
923.431656889834 83.41504388118948 480
70.03400098826017 505.95566759348344 792
971.3962569126026 570.0161267900645 174
52.96262708104371 620.5429384019784 806
767.4217462674802 676.4059955867344 725
777.4765326947291 19.98602583633824 723
606.1505392329475 744.6898464490512 423
734.8782517522844 404.12405533707727 374
444.04279829231274 263.8945264915855 204
139.96389092526863 725.3948416654051 672
404.47890405416274 529.5242626953944 405
916.2538177414651 882.4120084443638 982
806.4601788503235 245.5197933646439 453
424.06885864824574 764.8444642113883 110
881.179163532592 846.4277907505024 892
964.2360615136489 560.2266099173604 353
847.0138540329714 298.3141554624834 506
682.7105755792538 851.5842893782858 740
57.03589606281001 191.18050974341915 205
236.10617433989955 545.8634188759825 304
763.4362133467042 638.32277026634 656
643.7164632248658 662.9424184478124 562
835.1884095029706 153.25884744009966 682
424.10796290534057 434.9025411880637 186
98.80736683869395 737.0594185842996 990
74.458454214675 594.8008441947353 997
542.1339643077124 962.5699040639142 166
543.728460620978 647.5969223423008 624
165.7313174332161 739.3996821757887 223
451.97031025769473 40.99555067585958 974
149.66944294670182 222.796507120102 717
877.4680311722389 806.0647656122675 818
521.0882454600649 250.1554555026313 622
737.2611320035935 28.008751016771694 48
386.69088241926306 519.1197878092593 474
712.3319928287981 501.04522452341337 398
752.4915527171178 922.8523564784242 779
264.0345978065256 739.0783096578486 597
901.6764833608697 902.2130805753468 514
44.8705561871825 448.47156380168883 589
747.3956127513015 207.9900430485434 44
833.1284725420352 511.5079441811501 525
715.6153167761232 965.903198123832 242
360.34149090594514 51.95336374081128 605
373.74936654460157 437.84475060140437 308
574.6946129931356 408.3858551096791 733
862.5036820111258 757.0615700978742 25
256.2028804840234 254.23170996805544 179
316.89638539535804 622.670541409999 736
690.4545026869574 127.40392350347463 342
553.8135476368416 453.62543921015896 612
674.668742987548 69.31745170058356 719
311.10475276649686 159.5474625838934 768
987.7459472279978 101.02959673568579 286
877.2909879637232 210.6002039544377 465
677.430805248063 803.5384551689925 41
905.5635496534773 368.12250782303613 89
49.57572850651992 961.5782233661313 266
273.40758554545863 910.1692363470115 962
288.0188890192942 917.5915949275009 437
277.27100653537605 356.9487503360058 714
164.31510890312106 433.84949499674707 291
530.4464209890881 145.8947628250017 126
920.8017538938757 556.7112613584583 93
383.57911070637897 995.5505772300514 981
579.4258226797851 597.5679515058968 381
540.6016300159265 30.406615671940585 724
480.1115608204769 259.36839861768425 739
452.7227487535389 404.80976449962367 213
927.9307697536821 44.8712578645919 593
392.67393673903297 697.6308129146913 106
436.5184649537759 479.8055372726365 719
979.1415358552194 133.11953406128174 619
926.0686957977063 193.85700929627524 259
941.8810957121381 661.806005472722 487
821.184489135156 912.380691785764 487
925.3511645169376 501.55078284502775 594
793.0913715447014 363.54402941273213 346
644.2456440466175 288.77787471331817 34
345.9031324760893 792.3601785963556 503
990.0209355423825 132.4499334436544 1000
496.9389928024288 394.7675407999078 845
89.91212169977314 260.5708706834169 302
751.8289186338841 252.15998034974098 294
104.08277830131385 701.3090598850566 610
676.6742469093385 833.2425621764709 185
853.0391084075106 320.01055440493576 161
186.1124577955119 658.8870706422665 314
662.5533901668935 819.2677301951484 836
549.251535466833 139.8652331628143 147
780.3607445739457 98.6690012010698 94
557.8562363172044 88.09719170879349 759
452.73730960453975 643.6472009421815 129
821.5167049997447 443.83599439654586 391
185.62548697345093 613.808299591371 358
853.218909594042 248.50593310465408 105
924.3911955501184 951.1740368305055 73
95.56504885251749 100.74893191404144 253
742.6706095130484 974.9739076491655 290
281.5670305017429 600.6362726026133 780
791.0047586867117 655.5985825447484 623
484.29365060706084 881.6260537848547 677
816.9569797421647 181.66015259824508 737
772.8685988241953 248.4859122807811 724
88.31125082751956 149.57843572771458 459
541.8024648689114 920.283971437117 330
486.72623466657086 569.8994253832446 380
356.11324952948274 968.1849470303605 890
747.8406684597193 727.0987398334789 334
13.561672218660558 785.9570363808293 649
416.9671068160954 439.69831762196975 997
519.0839384316148 535.1878035199677 431
89.79818610816027 664.6467215137254 424
341.87165323068814 638.2450917040834 162
214.71262057880014 882.5019463527992 877
273.7423602280279 193.5124141414196 568
443.0305483809106 946.8557020049276 568
180.766800938583 12.38440842794919 870
193.28816929029247 732.2121699290893 251
664.4606140888045 655.0286789394471 360
86.2827628145173 488.111738750043 163
762.5545831396616 142.9410241522806 631
214.5007915078485 115.26979453109465 208
13.901151046752936 47.18056470056642 812
940.5062972295775 365.9561101273674 887
977.4901522869131 926.8995913895907 427
957.4136603586489 26.1678186530504 215
397.504278239076 742.8216341386684 977
276.96395996545584 84.56749010022968 820
973.9958924581733 445.8120771668164 849
50.48973413920621 890.3348906104462 326
472.33430875278526 47.40970480418072 757
1.1577812628646988 908.4604122452957 411
185.53367224492334 418.7486472987563 280
732.9342607724479 57.55123495443859 500
40.38940639923494 17.30239538993972 168
385.89456218590624 210.58741187924124 511
579.6985049794567 124.07445660608118 865
117.67723613861835 440.8297369272285 783
129.01517297474362 498.93197611931794 3
13.286149396152691 855.1496518016885 561
516.9262924120549 420.5558213132185 856
528.1188692289045 708.2247987246272 732
336.8036579956767 550.8170581647987 946
223.2035857279907 545.5608252121135 383
414.2707341755025 195.70515990204495 358
309.34790562091877 696.3069958821316 932
145.76814198206046 432.67520738415055 171
31.261329600264954 681.4020269721976 549
206.354067293387 888.305182837193 458
378.0378294240122 9.985207270818197 334
485.33967421050073 750.0469337673308 1000
142.51215096485294 809.4898255771091 644
104.36367934113522 113.84339814017308 61
106.66180228610366 246.25544412160738 390
525.6479965015678 176.27440857904432 482
399.5914919097081 831.5752669820869 904
346.97093656104204 125.48322672340562 367
709.1095507979892 147.24626118567852 512
674.162333215865 583.2298016012144 961
65.18332637760294 180.1232577880446 802
61.27547057719751 859.5320743115078 102
672.6231498477896 843.5330746138701 381
165.03314543812652 129.75123728565484 143
797.3451551208984 832.9976409149975 341
104.76783702351821 212.35756529768702 528
819.1844226598627 598.1195086314874 97
490.8056881086674 483.4199253828304 582
226.83199100434325 479.76402887469806 362
322.2595048008127 572.6831744753821 802
605.1416822672568 49.426964231735205 764
713.5369324338354 263.908647229564 192
915.4016981139246 346.0252354319041 42
544.2916873780702 793.1868917423152 325
322.85942258111476 939.7020141672273 71
271.3431429473733 397.36853386026905 819
514.2144244358574 261.96599462306733 485
146.0343917905792 255.78160842542107 243
13.578843676150033 452.9703806861176 997
464.4440538386834 811.8504190673281 234
469.7640855393659 143.85937543738703 17
361.9984389249202 288.6974626267155 680
171.85521540200855 38.055919645782474 583
571.2056992250602 948.3027764884986 758
642.8123545189023 610.5705413006343 426
451.30802310950526 722.5395833899811 151
416.5592288761317 195.77786333185853 522
556.6072967528895 615.1184881432401 768
454.0180764006455 461.7109683533694 896
163.37990347452725 190.39120061302106 561
692.198082525982 570.2197579861145 932
476.3726086480037 335.95621965758005 361
549.99362284875 262.76907151215954 712
628.9881669646012 396.3239083317935 416
655.1185595023378 711.4043389934055 463
117.16736378566894 834.7040280217187 920
90.04610469475138 644.7817755563556 566
430.8274439510006 847.7126448255489 355
950.5426999804351 655.563253054722 639
709.2663924238901 832.2365686591036 375
393.47535602006343 5.715426277830948 93
466.2977070936556 808.4400479541869 10
462.4178900483673 720.8684516535656 499
465.3200080457168 777.7202865485782 701
407.074860717245 99.5052918948669 350
903.8523375167564 139.76158900432577 647
872.6937008236099 323.3039217749879 611
857.5815034561082 743.3320353362351 6
816.5011843345155 586.7660365620065 408
832.1536561317016 920.1508524513714 925
193.519312302742 784.84355155409 327
795.2415880880928 399.92289407328775 515
360.13741944127906 723.3870332397248 951
988.3966707871691 698.8116922702608 552
142.74318142144392 543.6592285009373 937
81.5187419913006 841.0654681817001 218
842.9265045106724 281.0743240524731 978
774.9842726457524 766.6245127945155 349
288.9827009713244 41.684087973815956 779
742.4889278036305 987.164094215298 640
889.7375307542978 2.0945075174032546 963
134.70296131682701 366.69318225169167 283
441.8760866865763 871.5524422874154 550
890.3873847063247 195.3530518813631 311
559.4993343707113 194.0778229855188 725
347.2083874043489 928.9963976388952 251
639.8728807723326 919.6310578882334 641
538.328670711948 187.03481936454435 782
352.87188324118347 825.7945524414333 113
648.0302319168495 654.5496794828407 388
77.66127069303064 601.6492638322745 909
17.68941944867153 57.38606714432881 590
358.93735038119866 530.1476022284768 182
961.1399862497469 827.2638342200319 382
965.5458767031112 648.604210970158 47
599.1561518161394 534.0253092050891 786
55.38278764881299 306.77458339879837 207
797.2697940734953 715.6715008362124 372
427.7167641752554 100.77859715895387 727
848.1107110900308 929.6104253037457 90
828.1848729778703 158.63450133319546 919
321.9198778617688 70.10963653593261 80
720.1212612212641 641.3641150308019 319
173.98052557112376 953.3131470547532 305
262.826517960244 987.4347823691163 566
897.1732522394782 827.5138238655222 563
628.2565152107887 890.097690724125 335
33.584113028749975 698.6493501137523 69
347.9748073719268 492.76506438610204 318
684.8990194247043 578.1363879570895 403
932.0379314449652 131.1469039581905 338
35.95282882950457 468.95670282758726 47
947.5664350302266 87.83757387258673 600
873.2880312346838 244.14187391919518 143
194.6032297564313 733.594692414046 168
225.8515780831445 228.9005700441017 867
638.9648780709634 614.6475922792163 690
70.44068808077209 783.9352750806341 885
826.6343735018951 299.5301775922177 680
167.7829043917607 454.6282319467749 788
783.0415556081422 759.6133384252656 319
25.20188587706995 541.3326428975437 324
542.0197417260093 406.25068669146805 328
460.54380422848783 222.1975394472201 26
326.37425353485685 929.6508503322243 861
53.651342338292494 179.5994516726348 20
786.7551283691319 544.5437922173959 856
710.8369605438742 558.4521078683953 937
226.4664126442598 41.87322864161946 878
181.7054483750641 731.572457669686 522
289.80099119638123 582.6708651596001 169
496.4936527888537 522.5862101187837 137
780.0982129427408 116.48255190229007 373
187.15517445446494 523.986504808515 876
805.8592369966502 70.35589851940227 141
682.0921080255757 616.4154079019777 19
713.8889065044405 95.17396896301355 395
531.8588238842689 446.14744393315976 343
129.543038704362 280.1579784101895 238
539.6623871962755 198.79458904574653 12
198.22495229173887 487.94614935286273 283
698.0546207917629 913.4569135938588 346
496.0531504542779 56.46220079303077 631
564.4893136026593 517.302334058341 234
208.68608545536148 549.0345170908134 923
358.6414605107293 846.1341427867086 622
939.913672731298 344.3621655922824 269
472.4612292993029 28.587252420433586 169
994.4975513213292 850.666901235861 67
823.0931594701274 616.083219264051 642
107.76583712768817 308.3652864590384 925
749.4093155555657 357.95852181431354 2
965.8586876956736 67.01872517554197 67
161.49807610240475 542.0045550447065 138
125.18563288259288 201.53475582432569 300
450.770692070804 132.13319322142024 5
95.81293217314868 911.4574356969143 629
329.2914598323035 673.761782519953 527
301.5544665563151 192.7768410480155 369
373.4178064226692 352.46749950057574 565
917.2793522597948 322.37462511234827 881
180.26003259002675 444.40233347033177 355
352.1406539508034 246.58915644722623 943
645.9277431707773 767.3150949353568 847
239.0265649735137 449.4631944564899 674
813.5276024757732 985.4244496638412 99
197.3429491471942 712.3336765039655 339
919.7880609649354 228.99154320733416 320
274.6699856787841 552.9103784656604 603
213.76148915062865 158.55726644785972 150
353.1154946658134 920.9997591738374 278
13.756002313477955 239.59088052937204 917
822.4885938648866 992.6257447629837 162
310.37884948032155 275.3944307816114 2
834.183274432572 634.9300836603793 18
380.8656317612927 35.81285722016003 713
436.34413035657695 5.312861924429257 394
592.4218576640891 628.2682905990207 65
986.8874650956704 611.0202602227841 66
439.15213517239516 600.1003674854604 566
633.9359386493887 137.36065073720562 417
322.9605476649562 124.79051356715199 446
337.95372841137026 567.6666382791709 448
146.90053673264114 901.5102297871002 317
466.90364870607027 837.145814514258 251
449.59718207001055 731.6661889222077 183
471.59475019110266 953.0870397777901 842
262.25562548369686 709.4282180076783 416
727.7966527343107 553.4564534375177 787
292.66985367792955 547.2089574048546 870
230.04420314017582 754.4236388389371 950
821.9552247032659 585.6547490874351 573
703.0690936869082 396.3283469046954 915
257.14580716134736 587.1807244715594 870
594.1207533128866 669.5054212362862 905
250.7278693424919 297.5349722080477 379
707.7916613418001 901.0925524935171 952
747.7940180012806 661.4410604207941 507
525.917398800213 42.25353684232136 115
935.3547472233014 811.6706916021203 789
245.12075233472342 78.38933851907825 34
629.6587225101298 669.0769927650057 506
522.8782926997576 919.5430181427408 272
320.19627712202237 945.6496861877798 600
396.89878219505215 376.44488043620527 98
103.13298414914007 430.89745542462043 298
656.5511731748286 959.0702170165927 249
523.2021442977499 638.0024437015927 580
188.96992322645767 895.1555374130567 18
143.76853454444927 394.27042664054125 850
76.08293846022352 51.78116063169913 768
959.0080697553436 68.55788671918638 653
608.8966943281046 628.619752195 529
205.50117974349703 448.5834658699475 195
495.41904871265274 887.4324494683326 104
1.57824574002019 608.5822722369464 255
135.7629183702469 344.0051694685977 740
328.2588824730269 298.40889372532683 310
225.56592788970485 117.28140780897166 949
242.3240183209726 979.5488465373055 261
78.955989249742 307.92385451910144 987
476.68914258882023 646.6370318229687 919
699.4125896535152 262.67597234816174 868
641.1341163025234 507.87965047279135 793
634.9492361713116 394.1028940620229 916
560.6752723045107 827.8072922569204 752
359.43526378537706 504.76216047965386 393
747.7370870539987 515.1559498468994 816
177.5755096374849 165.73929614808557 997
776.5319104701044 749.1004034695737 520
622.5622911096897 469.3889593317155 840
590.3010759811068 891.6673247716155 260
366.5101926761908 88.29283206351957 568
554.2887837559284 255.1862298002656 528
882.2893111319772 642.6310557525578 292
708.959229302451 827.3340241230318 208
61.073927221154236 749.1109610970465 156
949.2057562058576 247.7959509322033 221
0.9623178074339434 435.1875419623319 720
877.3072691686847 38.7544057967193 980
291.22126405565865 306.2613784239198 603
109.91068863965292 389.5911275732318 353
610.9349636885611 352.9168500514485 163
694.385707050785 381.87950514621406 882
589.3953053642138 255.3469560656605 428
973.8593438664761 424.67728710263185 12
885.9694916374302 349.5086704524664 329
177.20735572203694 883.7058883577505 352
206.10412624462836 290.3937913472773 516
759.8465498297617 789.0969282236618 257
420.88834254550056 228.69845525067146 144
846.577654431595 570.1282243085493 202
548.8656610933333 200.61216702896877 272
715.1452163567074 567.0610120711942 40
86.04361664841531 476.1362441934606 779
700.8023069994392 581.3891012211651 544
676.5088711954586 738.8874949223836 221
153.69981330429195 375.80470566637 147
825.605748892274 241.31905245467334 288
211.45376663213412 533.7773408034266 588
509.71812405975123 507.12008604475255 713
354.29938066996493 168.4519053315905 955
392.88572279140675 485.9705376793361 576
937.5532072580448 558.4260478717734 505
425.3591032200588 897.5905252489134 46
182.08146667283842 541.0116158398871 262
353.0058400989876 797.235974086684 247
159.65791429367482 914.750709957637 771
676.8993778426358 114.37848971446896 823
483.4803288752513 11.680332127371852 647
363.247797836641 738.4138196626006 995
625.4350729906896 568.1162430205127 879
211.57748906334996 594.6416006949001 613
89.72810218645355 988.8593718572489 786
482.2296185798647 932.7363140443667 166
259.0499403195068 488.56571632993194 510
769.207006612223 153.51613998720526 656
495.82412526639274 845.5189852380856 646
123.11229385530842 696.1611479912935 804
651.074036310073 654.8660884380516 914
607.652127839413 720.3703688811565 196
876.5238911533737 938.1418806831041 768
283.12940475248274 529.4710213525872 950
462.7294869090176 199.51713346845457 568
478.2363017664004 986.6233638381999 300
402.95404658753506 116.20000481717629 404
330.83223700130947 155.36136460508365 349
64.35052746024839 629.5745644203657 963
221.87063847026334 812.3510253868874 5
533.16101405343 569.2929218890228 848
