762.1551447991033 279.63429169796274 149
195.62798688785676 752.1795358568514 568
287.43611814960855 172.78316046159225 189
319.3203737180393 79.97573055309081 396
403.42911234598654 461.9372249882998 386
349.18558306318016 273.8885676492877 613
457.11642597938373 316.4401443283442 680
421.4872104685522 46.521902666254 495
268.77637251992047 860.7783066488585 53
36.055283934610436 693.3221796813091 212
57.25920593962919 440.1371913951092 186
314.1769588691482 682.3450662053845 635
697.079719245922 378.9737020693399 935
429.3932738728048 386.0576247261306 497
393.89034690509106 97.41075146363288 686
740.9041417309834 944.9796578563886 607
60.44126713201536 529.9300910614271 474
843.9063130065996 566.0534968440317 465
64.91060929854875 516.6624710649255 706
910.6151611434775 47.96985415875099 181
934.2876605464946 4.927985578668359 953
387.42099740282 589.8126764226797 742
846.9459396249622 344.9550924955708 558
958.9419108907953 460.5018299118733 588
977.3370897909882 315.7342268423579 707
737.1338810634909 984.5207976778952 466
195.50185105918072 206.0079190574239 294
98.37106787592265 748.9678137541648 676
749.9283181338164 498.6895743559433 817
489.17940671886953 966.7849771137385 322
925.4864820271528 534.872426583459 98
227.821144720308 701.6367408251296 47
961.0206473590911 405.68286128544287 722
231.88166573375278 32.84487079563403 62
133.72158242586417 47.32295366433969 962
161.5732752303761 495.19493703099516 309
604.1442644942966 983.8368767170208 301
890.9301758137194 201.63034332985853 578
984.2625678400315 83.69912043224615 513
332.4923304286874 983.1549822921487 617
298.85445486268156 458.13681902705605 205
857.0219914761366 743.3987027129812 633
858.5956949789012 310.66020456173436 597
449.27527596681847 421.4992058648711 724
30.476061883144332 805.5314417126086 805
844.5195408343968 254.38749811139604 666
285.9477985502618 938.1731877530664 898
278.7450499338647 299.1949146986133 882
619.2982198964376 639.7835027047973 497
268.41902681096275 487.50008080018114 412
489.4561945477361 462.18261594710384 519
299.5328065052278 8.737895301448638 992
360.0088027256764 935.552623546846 890
415.2328015143135 788.4166883533584 988
987.865238203381 118.62291617017162 315
757.2319052072728 417.99168920037124 311
267.69223776273054 746.8553798531422 306
414.68421393421875 892.2309254573316 814
225.28930042798513 870.0862597487603 52
442.4801739195527 487.5863424316288 826
645.8790570377374 327.01923469916227 488
268.67543080390124 491.65075872374376 974
475.2016424312746 578.1809101437764 405
3.6418360751284684 617.164783761681 585
219.2428009645654 978.5387743266606 649
199.550549540214 169.10392450514223 899
460.86394027122446 899.4259894503341 246
292.258576381174 531.9164775109938 154
813.8897510462016 156.49442879982357 895
348.8843643484717 102.98066122787164 581
285.349622574767 821.1029563398039 970
993.6446078913575 158.53504028107034 867
669.5550568665616 512.089678647921 841
479.92198244237693 900.613821844456 563
571.3503563502327 903.7297564546371 483
945.4652938412395 849.7567219017706 266
216.70682242223128 996.8352762060662 650
967.3052376341977 765.6032420616995 450
231.5416779918922 967.1337940526755 528
942.489132805015 603.8568362288707 780
520.989911008038 628.7089836351118 624
169.65902842842152 922.849523698491 614
768.8370334161932 105.25952775376123 585
493.8586103704926 729.93421328229 135
623.2004864733327 731.2899915917246 516
741.843027059173 549.215302639614 754
910.392593649332 536.8918754852496 611
117.75782718776229 578.3905801294105 500
229.22960357650902 974.8115499861944 499
571.1350619074108 409.557670374599 413
45.84556248730753 813.268812854722 842
602.7078856135485 409.5941688304974 668
957.3298744734859 64.5156474109858 670
883.8093530939894 738.3949687597554 316
393.81648311511753 656.5650085021879 663
497.811515497688 880.6529964864515 773
972.751931374584 556.3716391511527 40
573.8061695657291 468.8924147898015 827
123.41560458781021 670.561559037343 917
854.9991003346008 457.94993502676607 434
960.0008489424288 74.71450450727613 179
520.4932029171713 437.66165941320736 700
74.84778972173144 490.16921488978727 290
276.24275970948986 155.10508582256844 935
124.42739334312658 353.13009599108835 482
392.734336947104 371.97667414582816 451
389.316436174895 541.1979478896002 678
389.93403996191677 85.38872444990875 927
701.0177276337904 456.90470260674687 317
574.379215041097 174.1118705286787 415
316.0783914631646 977.8055945434793 122
547.7340312670146 175.93982811142783 562
863.7488606188973 405.2718955912836 358
119.674921431002 493.6148502275806 980
665.8761280711491 356.8329228054536 890
325.9195065350194 359.7303126377146 403
756.3641855771134 98.3332469360132 508
284.0039583620552 607.1081306449596 108
537.8823509208628 925.9358111902508 713
393.8146097525087 791.9414589899694 299
930.9786583620728 447.273138746457 83
784.1898732364766 214.5789472253159 269
694.1273982503452 825.7702899805756 414
130.80431152328643 669.0774770745691 907
599.1239641092476 570.6352210242696 649
104.17662835411134 898.3496041678874 297
891.4860725277609 597.6835775119638 860
395.24359605078587 404.4035953546032 200
467.7540180966823 721.2503386491693 550
581.4192786381941 605.9462193176299 894
514.6895986311068 47.31281020223976 38
758.7699160698601 410.4973174489506 161
162.58149074369555 345.65678043555516 168
656.5532775161759 518.9505426199496 34
604.9691632970291 873.8423871949509 335
864.4919724422062 233.6169009100626 411
20.04440000801666 499.5815516995732 263
271.60857396868585 724.1853610953999 590
642.6763783326691 182.6982900819245 141
698.4861482084752 346.85798978691054 986
794.0424880232971 923.6403357970235 499
52.694855176444456 515.7443343014522 580
610.0650816175314 874.8000794167432 704
540.4834837941796 385.2061028226035 335
5.965425263300128 221.73923184414258 982
656.3801731957097 606.3001825085425 724
859.2896427100286 61.96798804863146 417
159.05964918539595 204.79340658024114 941
173.34276499858814 588.8343151519608 59
556.2064513213751 300.917952196972 72
470.55552702577717 461.50603819738865 406
369.2052732565099 345.8850957048636 789
312.5361435332885 454.68447218548204 782
515.506746313359 636.0804521341786 402
738.9534575094254 221.34249594054057 494
73.61969382496602 670.1087207438721 368
108.89294923371418 301.2116515418076 777
422.6132483662851 283.1590498054023 164
45.5427321017432 362.4604172130239 589
570.0605306372079 820.9485756719606 896
472.5609922635332 373.88673560140063 752
291.49448316145754 620.2139641256136 552
239.58442914152312 640.3396710330495 751
915.6770997699319 191.21499305047996 957
126.9000024905298 999.3973441890676 963
749.4410968906205 150.0663866660702 24
724.3640090814638 258.5393356360266 311
663.4196625031872 645.1843142387343 787
392.97613628292015 649.3223277100475 714
10.465014338735813 117.65997970916997 198
306.70742986696996 723.1575779257317 296
369.65478295358764 517.8236545269947 297
380.2231017848629 483.09975735434375 83
224.01401273456534 383.6556213295443 70
144.78829427211258 150.30711828802734 187
462.9645273737062 873.9347600741809 182
718.6899052595091 343.5560190342376 195
862.880251347995 120.95886262372079 776
138.19342911083854 818.9021051688438 343
396.6859839177551 503.4174328340788 726
362.5970627393493 609.1351268426763 215
151.85146144067474 352.82938675488805 680
204.7462886754913 70.02054759183807 407
740.1846600158432 945.279108387759 200
376.07040127643376 509.2542275651647 937
337.6413812241671 544.5287029201187 441
85.62044463490781 294.5100520559807 962
913.5129993735161 80.95435579700761 91
756.7812700333121 188.71131554736408 101
264.2072251101062 432.765515182954 428
58.73632997469635 940.5316022589599 270
292.2983593587608 616.0706552713542 377
649.4360419126302 844.7276388640113 387
214.36663997506798 785.327399416758 358
255.757815133147 379.97363580625955 543
706.1397822853475 470.0115283110493 29
283.17257628591176 57.35379072376689 630
437.11479775996054 339.88006009608364 48
227.47615092307748 250.49913529324886 392
215.4256432131463 516.8113811470605 338
792.2255596689943 596.9073427771688 528
127.45766901261202 831.0971239727273 860
772.8148552120169 105.88280615192281 188
710.9830630636412 41.209893704985845 532
595.6113289039217 879.5053662869018 957
894.8537986476771 137.889303638001 143
717.0075832962909 730.8882007689358 785
135.32516830079922 960.9514638559549 67
820.3190096980854 187.560366848174 978
308.7222081793575 1.8247223527968481 222
125.13304333670573 466.0673901692791 82
142.44365131751047 869.2530464677224 519
626.0713340939818 174.30373819767 999
314.9154944872677 436.2807485136987 91
173.72537177494385 50.51434375118768 302
816.842007039035 747.3139349694198 92
673.4030975405063 485.21257209323954 30
529.2827691181019 402.4834581421478 854
940.0498821897215 382.15367024758393 478
823.3932247827515 919.2218323772954 457
498.6002498974561 564.8835259581313 738
754.9533054197095 165.45576721598943 623
908.3229837634022 47.50261898933827 991
988.3274794803594 144.26923931731062 944
49.108229799328825 522.270962841057 897
12.347133570703495 559.790194077797 781
438.3586405640171 857.6475940372014 31
486.71941175804045 557.5616803418453 228
417.97508713918376 217.11482937514015 10
516.2602667818285 433.40656168448857 110
708.2297612660324 666.5679536752511 559
634.8016406800028 227.78612839505462 530
905.4437408041381 287.9656410314335 902
762.3166940871841 531.0936754651558 961
38.92660453025088 400.9544612378204 904
485.89246713525534 230.25316244373727 558
852.1989031160227 529.8492484075992 713
976.1890470452844 168.58749986606182 975
581.9822485504079 108.93893184772496 279
761.8183877625337 998.6940612798451 424
330.3365524499912 691.29002391608 742
860.34057034971 401.7902526390803 238
418.2431978978306 50.74608356346011 517
230.25158643295705 875.9521164697671 991
726.3921639534232 826.6794142479002 20
763.8706749358796 278.1328605603045 418
846.0097422414947 704.2624806607139 65
175.27449837986907 887.504130326028 728
694.6539282088703 345.76093817930774 524
905.8538631946692 898.3558648482926 865
938.1753581246053 367.5020139043973 253
717.1008242658523 260.6034019049066 704
436.686848057772 339.5459074884909 662
18.585577099371253 807.8142931031122 335
871.6183758312255 120.25537654441287 401
519.8711815730163 915.3010450578164 822
864.7218651428309 235.68067156001993 764
819.5453048512481 104.45410470030036 653
344.1508881492157 965.2839972025938 812
222.38596835833079 551.037388175436 970
313.74739152816153 124.98185428770047 150
829.7074903758215 269.5967307690187 82
844.1245813847337 517.173022345332 365
760.3935797463689 172.08223257625744 185
210.41864932375566 502.5727585456435 572
774.4835864118921 454.9946144504946 341
468.20935870407396 214.41788506842596 913
397.3127003542635 426.7844276339389 490
598.3187692835157 298.40235644139545 588
651.0418424326134 395.961980781535 537
653.5283316327444 730.9926124029315 690
328.189804085831 205.10800226105187 64
305.56263973948285 21.67939085872106 227
447.2886217713075 144.26649505787248 754
520.0056409982699 645.7098785955487 592
843.8688502138033 627.5626403094526 588
726.6295574619433 312.2062622357612 982
552.4041792708631 243.04100785422222 319
335.90623937036855 264.90739191966486 253
475.3539828028923 452.4526694697673 187
347.1584300756614 484.1095229454101 622
962.9777937540094 985.3874543153531 553
1.9128925123680363 352.83679035023897 7
584.5240381304052 451.718673221416 486
650.3615050909609 712.81897440682 215
92.05828301823703 285.32986170185825 462
686.4652870499491 131.05930089359984 965
947.2707227680636 856.8726100496522 760
253.00324138214026 606.6193797430847 912
410.9808621531358 273.6917632617346 206
605.0876358034321 412.28979565885936 183
306.82801361361635 537.5732979760963 229
831.2809904832789 442.0308494407353 991
588.1926055334346 903.9089590427544 56
600.4896024890752 216.09278040458346 721
662.5823372111748 206.39665959169074 887
476.0951010433141 550.5403438115957 998
688.6141253606295 453.5572337066861 462
295.51696906653024 663.660516091686 271
46.62299095900624 610.9480267720168 394
267.69133470293025 554.9122098148086 792
304.43640120258607 654.6598563289792 467
28.937377488373663 738.596101341084 593
273.230356044002 891.5790162175632 395
825.3255562750674 482.3942109815872 186
554.6028941447295 398.9719903087414 216
875.6401308525411 164.59524622249222 911
859.4149455795632 686.1934634755551 618
895.360540567535 807.365321454653 489
651.6417285051866 497.7670864275803 621
46.133369945711934 479.15772763939344 780
731.2676820137865 851.6933109320844 88
522.0181492351331 284.5876484743414 479
751.3410215470578 151.49395347939821 649
81.980346598033 51.58570038817201 617
646.8112250056366 957.0179052587363 257
614.8608815164608 394.2357278469375 952
561.969875156448 675.795819756074 554
708.118765080215 873.0848864678267 150
20.675474119752014 636.400222288241 647
836.5281672068328 311.1091054856577 966
29.24770017375289 113.35849835991696 743
441.8583933467311 846.8645320661831 690
105.47204119605391 565.0848103228794 686
254.94241631291248 874.8092906420283 55
25.51031959704919 846.9118006351044 898
2.1596506185863618 624.5140259960498 569
266.49503700386634 589.3678902109957 521
598.3197066225341 394.0960909213476 486
300.3355439468446 986.9177261550899 550
831.9009022074672 72.48422854067049 594
917.8928055579455 720.4204709239143 521
790.166517165416 54.773365887648026 261
513.5829237875445 965.3763133742441 170
336.85228630769626 326.90563363302226 929
760.662229559162 458.8876966383194 924
556.8769181778493 373.6525903675355 244
440.0654975445476 900.3125722278028 429
999.143413998646 72.50607991671765 966
388.0135562973617 328.70273501829075 488
757.6073288260839 933.36858384311 512
539.1145378878256 374.40265057681046 962
36.509008264430044 416.10836990995483 787
19.11128747537072 864.8069700137846 811
594.2646130035843 698.8574494275127 793
917.7979641154661 8.168230788803243 170
432.0850710191383 506.13144112576623 489
277.7428356811339 992.91519261057 365
769.184599014889 125.85443979926791 651
308.87589068442736 959.3237392002943 820
606.2375512471203 805.8886856118879 277
423.5382487889972 159.274457129973 366
979.145196938882 118.96659260853593 984
646.0069311678053 422.2755339191251 158
205.76596680834524 87.56140947238711 333
568.5227651801969 493.7945755286176 960
519.5212557769803 557.9948879480171 273
353.1045959028113 245.71064079861915 613
211.84129430133504 955.9472667892318 633
692.6389354979528 395.7341758091232 699
245.59543012232322 863.9117713294069 432
909.9955096530518 295.5401192663979 52
192.80522157208168 587.5658680427877 317
160.786476006627 715.4713361739402 926
151.7198621414304 49.71109955633624 389
411.82231039300933 29.14888021899953 856
935.8411895499795 773.2840340219554 670
386.013421687597 904.4479277868414 298
352.6401050458593 211.5635384121758 909
100.34376093877839 942.2538781605903 628
384.5404941219416 140.210367984958 55
650.5717374026257 726.8834617167404 999
736.0013553663697 353.42247822972786 416
904.8049735531857 653.6570518513124 791
646.4313324327121 778.2127097038825 705
827.9760080063702 56.41821289418647 257
109.79031470216604 368.3134865017019 755
985.3183588720269 208.7573440459436 633
159.17671237883923 301.02335996998863 338
351.6968811506483 659.6490414362945 88
212.00401392379953 27.404951491800446 707
904.0013332250475 607.7916242187428 225
210.88119331059417 124.15056562816484 85
357.8074874232985 22.707449103219425 966
830.1256456585819 724.4431922463201 766
434.22455123900426 712.6995504152425 504
810.9744345200188 520.37738287703 601
436.9410692842488 889.0669295442598 482
963.579032337587 931.1007313771158 920
837.9959365486901 582.5093207444224 118
814.7721185021934 356.79945036251604 446
432.2396044038814 271.5669999944466 291
686.7879132767567 459.35696332603715 78
499.5301616022726 992.193933853582 403
369.74421166801784 649.8088857100964 310
645.6372793977365 816.250721178566 200
866.8890086359072 531.3818180482053 86
651.915193636277 646.0749535593413 718
87.15461177555306 626.1893145129328 47
639.5912551220758 642.911807191611 290
501.8087237114389 496.2974788901647 633
613.4239068794043 438.1875749035952 216
282.0802623744024 620.0590789438029 933
81.69260031338766 786.4425480894463 819
648.1623733596283 178.38324106067682 811
649.8505066232559 961.3922095179906 987
734.0431777650093 91.18738784416381 612
306.15851568022833 697.0232599864942 838
225.28514232409412 368.8222490455323 179
338.6127896307842 249.94676862508348 861
874.9621368642684 672.4132518549424 452
245.6142704270148 537.3702995047779 129
522.4349810232883 953.796833948868 789
3.758882285666676 584.732822896058 864
753.3935224457579 552.6506286093999 204
366.8808827952578 983.4699563155058 695
173.02097899842727 717.2254262190503 60
879.7340879646298 962.6702002380214 937
844.7390723583707 343.22549961474516 693
603.8228114716801 151.79068987702004 881
205.7205674846957 190.22434800349853 621
506.6819720926036 41.56602037933133 583
906.7607273130754 509.420597156763 261
468.08724009594505 558.5005153272596 959
381.63471549553464 985.5609226735974 227
865.4477153080584 794.107661690906 768
463.357862604192 72.32441355434094 837
433.74504500195985 831.4822832150666 669
586.7669774767683 816.5215606132244 799
870.9488987531626 392.25411469400007 965
612.542623944978 181.4070814073755 105
213.9281083543616 936.5086899406009 230
380.0945049431541 746.317310215035 845
600.2682019859622 941.7205263955015 124
849.4083131472315 467.0500863462721 690
228.20204559349867 505.017448366784 238
391.61655355626925 585.157393947445 672
217.43875137880352 312.77127252077554 528
817.2276796476516 602.7841591739661 687
771.7629554564048 963.6750166526799 777
659.2863718100078 669.9366803522781 559
320.53598004989414 376.5404558394493 555
244.93892619134883 910.0299411740377 804
785.6003560079297 386.88740212164976 574
431.4563735259146 496.2072663775364 790
86.65115466397077 421.9317812727871 184
426.00080161088573 527.9550092015813 952
944.0340711188231 203.56980196658782 303
68.70694805623911 486.0166493152931 587
456.510411398953 108.25078313323911 939
516.7401303423998 689.2370077388797 279
362.1969175101568 958.1752729259346 773
877.622036440104 140.92225354471276 863
705.6825175289393 41.17997907159021 284
705.3536585037664 469.41671355032855 140
729.3612185973936 813.3573714580244 658
112.4541831223318 908.9619302091422 571
596.4818056686383 724.4524432570648 743
571.7467332794023 443.2568427892515 160
285.8854079521382 106.08213706696468 437
99.70737177715372 586.2841097052443 975
173.97393012268802 657.8055153123179 180
55.46611455674999 366.923196633111 551
152.19776230848026 132.40685831063436 909
624.7447326758214 96.20725718641532 425
697.9215610046482 414.23171380471666 764
487.60700796604885 461.940659132703 814
339.3832223768787 116.40082316046185 854
585.9163777805514 469.20569238614837 633
180.52334816994798 187.7886057620598 405
984.1514004909806 267.66938876432476 807
849.2731333931719 736.6705030987707 640
460.2884416127387 494.2634868560283 926
251.20164568868998 648.8912054231004 664
397.07531644974625 477.0849474488107 327
644.6636919238773 486.98331872410847 842
883.3437676285432 779.5227914477888 231
520.7437987398131 465.8436260850217 823
44.51072125537425 467.78108787747317 272
242.46519439022484 961.6465050017388 827
937.5505138821933 628.1437360969486 144
791.0284601254712 135.2387127607385 454
838.1530833100172 805.9146561078564 63
518.5601921255225 577.5610305029985 348
308.5826851280576 718.4560158913572 129
652.0612650540321 887.0509314463399 366
348.75474497638004 425.49231922924866 311
672.6616837543684 978.7053645518586 653
746.7256998098791 985.597490780262 765
971.6759599974841 566.257099613919 414
334.80803843843796 992.1769987154562 128
262.4376016787277 873.7068335223395 207
22.788611969323913 13.294871953498877 367
216.49870270404358 328.0812662255429 369
707.207721933026 341.1724928588098 882
117.52886629854065 171.92595876823324 350
58.99537025874668 99.9310246257572 307
194.238997822047 771.7316046384509 264
794.9354635637212 576.8499108286367 222
603.8436525207268 667.2715762336537 104
971.3634932735166 906.1172077686564 312
255.88477764025407 709.7616964259555 990
624.8410053119374 448.2184953582571 110
856.0864994718343 93.5308329840181 314
414.92375331572606 561.6846083687834 453
409.75640316436835 405.09733430033003 244
205.81641002203355 372.07239857552054 444
899.5950527577123 474.43962153869313 666
532.8663576435664 920.553128361027 235
358.67424136724344 978.4687881049097 192
304.77628095177323 426.47905608050263 452
406.05173372388515 52.25900836853581 774
156.041171275069 26.21848949099825 31
237.46417610724114 925.3068110583174 877
349.35853465753473 109.36600185564738 445
327.32669107779844 575.6352753872894 548
782.8998186721269 508.4049079276689 659
164.25832266894102 525.2399234289934 844
563.0145740811284 748.2453481230805 430
122.60524794555549 871.9584740605433 596
925.4949624327688 759.1203023392102 695
947.9156563498177 524.7025898542712 99
534.6219559010716 442.0903153275816 417
959.1640289427446 6.245149219536783 90
946.3706930565296 425.30949985521147 334
607.1592307310913 570.1360902202479 388
207.38083225853077 421.6716722493334 898
822.1842166002829 480.61060752887875 846
687.8187183252835 73.71269140330183 504
148.23238117817584 812.8097988650384 782
951.0862006760339 286.2772371748991 203
703.5776402982616 929.9632841911617 177
111.9648995435656 288.5340035639411 690
923.041655741404 967.6072614188386 403
916.6525186772338 663.6362732049026 884
77.7713117237573 437.736052516422 687
524.6261972156922 969.689958391105 900
240.67279839234934 379.0826260235983 11
241.78773039977042 327.42834832836365 630
44.80409248850792 682.1725748455018 104
92.97603413555589 618.5791157278924 449
678.5404902233767 256.8898663981819 595
251.73219784728062 853.105619700692 550
787.137349020242 425.5246160487695 242
543.9907566839242 588.0409316675879 341
291.6933261728233 580.196226336692 570
811.854246731515 946.5551522482431 541
75.74890850700066 105.61162974574378 542
595.7669768788375 136.57480920337983 697
573.834707264552 159.6725519366906 99
987.8162184260264 232.68100526769652 790
24.711332616439876 564.6547288294915 244
401.209511262969 540.6227225140824 885
252.3579068706241 400.38945670552107 575
30.029617652276073 91.05652026144861 328
351.8150397394034 927.3909560241025 854
506.49746874343725 88.02386502428938 860
896.229940202898 928.8131737163579 224
376.802038361868 135.11361700107517 131
3.6704317072798753 634.7006716478752 404
892.1563309909881 418.49916912011463 139
921.1683400941407 586.3386024169159 276
284.0387018838388 154.23847613983298 718
754.1432022144768 74.68851192142945 339
13.986824946762955 976.1417523373618 616
713.4986137896417 543.9427490910786 731
758.6565266055475 732.2440907923445 814
104.20954749337386 623.0689266177287 498
9.64311379870264 89.28238602351801 774
123.5953717745114 536.3938152394453 399
484.9039500319211 331.14968258944253 848
615.3206990084105 739.3162485142311 162
132.61705917327782 805.5084688023134 149
438.8036359022107 988.451143882194 624
898.4868256852228 775.3228056542088 778
65.10027265830564 619.225113410017 435
916.5945485587388 816.1088860151337 178
358.3065465101836 758.3997589973442 99
41.378137105223644 94.82100512568425 297
676.2170367500389 301.8672106793796 381
709.3573039969484 640.6490700323953 485
84.07785743441399 373.1224172004891 512
191.39695487895892 220.7160223166047 972
846.04088721719 331.9374308656954 928
274.43502778897965 875.7763587774417 634
431.72033743030124 526.1097189874911 245
357.88364370037385 143.81394464281593 918
588.9684161117226 211.46007608116057 356
110.91069329367342 343.26839943835853 57
19.53180297146684 839.2722980374609 704
34.52850033817079 341.8868760484165 911
354.1430905786373 895.2513796019585 34
127.72784815787874 543.1833124352728 68
717.203126883101 641.7659959533939 213
323.63284415295743 429.8472414151895 215
241.49340590796143 337.30601497807265 168
560.7102827189516 556.3787114477616 557
955.9956949909617 432.6529633073096 788
900.1352299581536 347.7217342592571 351
518.9630133098618 654.2919039122971 506
238.30377334314846 322.85585528841744 333
699.3519444255128 361.9621885647211 111
168.4016485472718 550.3288179539506 930
605.0606599010274 610.8845017126528 675
709.529387133212 699.586486483442 696
601.4801382791967 295.27512516375697 443
134.68795408305013 939.6798284837336 911
360.31718344267983 550.1736936087254 756
813.4554048015059 770.8428097006915 993
93.79586870621814 59.64150789484901 417
497.5078781033316 311.2760925542735 593
748.2909911748136 4.5927698285103125 881
440.4791613516901 804.8380470578893 335
718.0513871841162 222.49347601906834 209
997.2682017656829 125.97158285188159 63
416.0080038286482 233.82607852346825 805
881.0925768784258 311.51201753396793 287
413.480248086207 764.1035359975178 225
717.8258216048342 609.1954219793971 782
417.72468308756913 155.31427020097533 178
172.05569791963694 494.9067073778776 28
479.79555764783964 472.3860936139852 890
4.909182280105173 165.92175254907437 849
750.4815146854626 408.6045289127496 371
285.05785635174607 799.5120842143838 426
509.6435865917818 394.31209100633123 40
264.2834799355004 357.05916372934865 926
651.4726627517888 370.4538572176649 972
601.6103941636209 557.1499839512176 387
602.2435084390071 91.32683521043205 528
442.52613436423917 747.0918828262589 561
650.7223892445458 37.98699543587125 482
477.9202466280682 68.79156033862377 324
513.4991249350493 581.7853880823926 337
5.827200303445301 108.5808676038562 37
872.7188268928408 93.4021978387981 427
721.3029097863227 416.0337194682461 172
514.2327770236501 16.998625303953354 588
406.7213958810565 951.7992861581371 303
533.1846603846724 28.484797013219932 905
647.49216893447 586.884688844907 472
69.03532430338643 567.4398532977837 419
379.8235689453504 234.41104582926798 716
298.1516276126057 68.4955985498844 316
667.9068246026357 899.1142063561808 345
15.611015731833323 502.55648582925795 77
266.99710996179107 430.5608855445908 352
574.4511059260316 587.2527740376049 543
719.2939130481641 371.30070102307786 757
282.3069171484905 58.56136529788169 904
254.3102337323072 657.9319116349054 786
541.0475741161378 228.7056761524474 807
828.4454481434824 481.7087833999306 229
438.57297848222663 11.041246724676768 817
73.51156438692263 384.73038420872484 427
241.1788320662942 711.9492129649018 362
283.6593441697975 623.2135370912238 855
155.59266664519444 801.1517378590858 402
246.80157649280588 386.1673348179404 671
695.7200100867622 983.2917626190032 901
829.7793077393549 10.281257182873315 249
692.2874837598275 725.8142703801676 840
769.166041442637 378.66949484301426 892
160.66608614460242 705.1229902862021 426
163.64664488137703 523.2870152779391 757
556.4544424215409 677.0468730254472 133
897.0518810217242 715.805791084287 509
663.5336488634555 37.52449468442776 57
141.50941700272713 521.8955292792185 392
317.5193319524868 196.06063991952115 675
376.70370858400116 285.37845142111973 491
845.6939332388089 18.879266442508925 254
177.4991739226429 710.3217968314964 277
282.9831435442407 986.7315226694407 804
929.1002677217175 152.3614278074984 589
839.0850149861046 484.51502311015736 357
986.2592461318441 120.97061046377466 888
568.7471833686975 744.0154591468636 264
735.367314493463 701.7651353961552 948
740.7694797504183 568.3581231813218 206
0.9437787324616531 919.4509837288718 425
278.84750722282234 103.80037412726494 907
275.95892470901396 982.3793922799856 801
238.49228192082052 479.6132811968333 950
408.2244430289942 221.54204705760628 323
703.6721256212907 988.9806744959897 472
566.3710514128293 543.3030808793058 503
123.99764110440393 845.2659763176946 806
148.43157583221344 782.4074961046153 654
798.3385766647401 66.4035521109505 177
645.2087513923063 907.6144563748225 522
623.1148748261309 65.69329563370619 418
446.1269342929655 886.585774049108 484
967.4858281407361 565.0214881083022 228
901.5104862202859 510.8897197475194 436
60.58017104694069 803.4770563840398 911
290.7871545051186 150.587956587652 764
952.2719096554005 355.0239558237736 151
222.54688761505003 444.1499073123212 607
187.67885839426867 635.6972673853807 945
332.82811434490634 211.8341871489523 632
227.69125901838282 915.9822056223898 351
470.273688966001 619.1111592858878 759
244.26282384431775 282.26393997407087 756
688.5431724166577 245.63050598053303 297
690.2163936173154 542.229485422877 997
546.0550930951713 712.3404187274432 677
456.1583092760119 265.1628993567301 202
425.2241559155281 317.81349275428875 107
70.66948934085372 207.96694072171096 431
0.3012170265598302 397.5443742158361 21
819.805478304678 217.81284611228446 578
438.66219030720555 643.4805220451963 322
392.237726678372 688.9491712941403 966
687.1991926798337 800.800157225666 507
453.39028222016253 787.6526432224396 422
983.4834395630747 781.5449865867621 590
588.1575624526344 855.9004170779589 78
570.5349197172791 483.2830851590051 357
75.21626226960842 891.5516583178537 396
791.2625993809752 317.45001934389626 6
644.6262376045938 308.0521389299604 834
57.885593056494876 91.4866670723813 777
518.053304995157 653.442832057436 378
469.9539130358199 95.97949636331148 702
975.9152926555784 884.1991963404216 985
486.8548833846979 548.9348013878846 634
910.3343940434974 117.39529572985641 292
193.1536492185759 698.64697141774 395
653.480997601389 422.0168144334496 95
48.49869651181926 242.23168180941835 617
931.2259620946445 985.9388537956893 804
628.0550491264636 690.2030614409841 928
279.34359660960007 124.8495349495593 983
146.36475082114487 287.5105906836242 170
637.6755034395438 436.9163608579087 307
195.81916586859614 894.7398694576052 287
614.2989651947082 782.2246143427514 138
415.3817747873756 213.7651937781164 922
922.7435794880969 91.53495001415291 955
263.23210129109134 643.0098537273658 152
31.04136688713599 71.50270453962126 914
398.9231690906773 694.747689613283 40
81.54825449984094 208.54502028675947 645
508.85355850948986 285.85851572183486 453
290.9335076256842 659.4983334792429 448
933.4706366368971 796.9442795643657 35
587.7114774268679 961.0502530242779 817
548.2179485629679 612.6419386202577 936
116.22354878110008 822.6672630775712 371
227.22184255746802 162.91058722070184 160
275.390952951041 482.77583112463 103
463.7956693533646 547.5049480999949 574
574.3349519856303 584.8391358652341 452
450.41877170173797 352.0076954094846 47
686.5280651376808 542.086763672903 65
581.6017839568417 513.0056580646872 152
473.1462773906007 743.0741722842505 875
540.3017719450313 528.9258633242209 117
2.1601523034390224 488.10197567547164 161
815.6582619600836 787.8441570832 288
875.874510570992 71.23176450430068 506
398.1140047728954 320.55896754972025 113
199.75137488132444 717.4446838828284 230
746.1416803780802 748.7133178229823 796
735.9946490958786 345.7528579145924 910
116.14349699971993 105.74917029843634 753
304.69948312167384 129.1529041570907 606
930.306834531399 892.9607456963965 869
376.5455649489654 734.4868267574196 601
646.0387336270829 25.564632144379317 861
917.8965963925643 982.7586696537663 865
9.756246640087118 164.08788843867694 984
116.86955566808577 527.7197815735257 624
551.8114834210583 350.5574299519242 229
845.1056501757251 997.5131537809407 176
204.5866340936898 598.409196293037 698
585.0024181975436 26.83036995564503 957
25.668510172678793 333.1991848402286 296
750.536474519184 700.4929533562726 485
851.8875037431095 644.2820294361463 687
892.0055420889549 184.256015867446 750
659.5741904353026 21.910853978838407 868
284.9087932665877 216.77435758823228 692
640.8585386707139 627.9619338610066 563
885.0285319333757 292.6710593353106 895
277.53009098172475 336.70319739778597 748
147.19306713145198 336.3624462713518 884
609.7818299875954 390.3365353782482 481
448.1004367618566 211.92657729647613 982
227.32474040497507 692.0734918242258 778
675.5296967289747 670.6467926458148 799
687.1102877409743 391.8457501310261 93
898.7237281564743 993.7217828353369 399
762.7166193791996 219.7724079962855 66
724.3414261457518 680.0450614127011 333
962.046931398582 883.4837130227666 837
52.374157991867285 971.1004448471897 692
35.487125422834495 499.069326378171 314
530.3963571103635 188.7379832230589 823
760.732950393437 114.93789158831392 261
47.52302410151121 226.32845236213873 502
144.6186651897131 850.5863512640706 127
977.0395525814247 300.1028081622417 468
404.26174730703303 723.6531200567157 141
578.7731303674029 681.6273637357373 663
747.4675234012257 800.1740971578239 376
40.96455460027792 100.0721805563477 214
59.09001335787967 726.672431449781 328
715.6097964967106 774.3117650033081 26
312.39570543216934 745.577271845912 299
233.0371607150018 15.147463454419086 655
343.8671131213713 512.5909465896913 820
468.4943479541467 759.937845186421 994
358.71148243831175 655.3906994119974 632
445.5690754237275 261.9891307264861 945
774.1754811260821 821.5720993237594 749
644.2642023416299 271.1051484041806 330
637.5993992125473 128.26702599979646 776
173.01104592214932 683.0624038411247 52
450.49232662495797 240.55446625228828 583
402.772607094663 505.5462181666017 280
99.82595470509592 419.5155520530928 546
492.0030200421019 517.459263828349 628
423.0971411034562 453.82146623148867 792
578.5913569310309 727.8269707146931 544
711.0937885213807 635.5872445959586 542
688.1132190168727 937.2520951075373 844
986.3462970636984 533.90695232336 409
969.5062335569265 981.4525381132894 108
206.5594209747007 336.3760767183682 714
843.8069838865069 61.30723124500192 705
77.78616503302815 796.9875280261149 45
448.4613875886574 690.8722786614396 666
344.28441132773844 135.7688079096856 529
157.57232394067046 990.4423168189691 977
322.3713317016184 868.8686370139736 413
63.05438948162057 985.6034218184557 856
287.2974016916443 772.0699394973149 734
292.058937927557 625.3694446759044 974
371.83088614958257 912.195520088128 811
870.7388270019478 761.9482525177381 595
651.2341564598347 343.064303630467 630
282.34401238649997 537.5299817252115 273
414.8740700733933 464.2824438325294 875
384.9442367019017 196.93305244678172 682
352.39176582075635 97.15739708910709 889
0.5131936585234254 373.47092759105925 759
263.64453719222246 590.1540716873513 610
809.3502084653853 547.4280504860066 866
594.7941665876826 156.6400896031197 604
358.71069543937995 246.4954369286757 718
820.2559154628589 677.0983072150254 552
382.7076688094688 891.985945103112 262
129.83726617648617 165.359504668806 521
349.3867604631097 138.59168260993437 349
324.78461498973985 106.27557172986101 759
0.3898067395322613 530.59439856695 379
430.3189394595113 990.8210815970963 971
52.0208068544401 564.0098907462196 999
496.56903182883036 507.0092596466873 996
103.76097773441751 730.9570889706721 155
270.48127680780567 452.1619482185549 65
629.8191999425419 759.3849729991488 986
310.7018589082028 102.1714338473726 468
313.6117959080358 839.2905389307981 389
31.696494585181647 581.3475849715155 620
241.87448689584934 500.0519726070153 613
11.421793564214578 313.95010677792044 161
401.5194710213127 874.8163915995027 436
276.0134617495166 35.157658741392204 316
950.0626251356834 369.25973719175084 44
349.4168182955607 36.122327469946256 277
207.42116278926625 672.3733544301313 40
21.916373684069956 307.592982432351 654
942.8099035404324 225.18448662134637 779
577.380130862207 11.508256254148087 433
95.7318941304528 193.50105054534993 70
183.7611580277092 487.5708559483706 480
438.11044717882817 160.97269595010354 508
46.25017437657009 989.5669860938726 435
922.4456648088687 851.679644284318 951
201.48411121749876 212.08795542498947 794
150.90423891638704 719.2761744505099 543
265.04310933666574 537.0922096318659 398
634.1170275478534 659.3077400281848 746
66.52300909704434 545.5073720009007 50
505.54773693721165 912.9253545939791 233
874.5963322435475 940.1440180266585 990
278.74833074645676 724.4734464133605 944
498.08167463994056 727.8867525131323 38
672.0003259877936 937.5050885075289 961
884.0111007434232 904.2567984669214 733
162.56986532127848 329.45224273232 275
119.24209106335859 340.2304212568037 537
41.91482266138713 645.6228858358961 470
776.288981570576 276.1066942802525 336
4.780780414007868 645.60823556832 398
414.2594313049552 540.3787540618401 380
212.3788969792534 95.7797970208577 191
308.15044438903385 517.5473953719583 816
13.039114202297753 103.05238709221598 338
986.1957962235639 413.45808763163615 592
521.2226647616519 708.3286765526514 52
290.975922958011 818.1728831710934 671
316.5579811007018 858.4215422295085 338
204.68186019586065 78.44242390347623 189
802.8035332552615 824.6407009163215 305
212.11951074232482 348.4109584634474 84
742.8833398724381 291.9298422364906 123
803.2622190526681 640.352197903941 726
519.1554265530531 689.2068379286969 196
833.9987020932066 966.5201614663571 75
555.7100675893703 292.1818777401642 500
212.2267829072041 106.2148101640551 987
71.3456818176853 830.9994222334774 213
815.8337219613634 192.74972006790892 777
29.55957046206137 506.1031032583171 552
686.256482322176 52.750482643377225 43
634.6826547748198 137.93818425166404 463
800.9159175438169 434.1856487804898 587
963.8653767675188 573.9840259416666 243
984.3492305538896 921.6713384337828 167
574.403589857076 437.68181265094717 474
998.2648572579 743.6398585024527 343
410.4947650900528 804.684713818791 944
958.9183405529953 86.82424812151379 39
586.9075379595299 667.4464417878287 197
914.8291353350077 723.9243000810222 722
508.5054383959786 468.983738681176 776
258.81037400907724 940.0000814267005 478
659.0316996544173 706.5364508292288 554
747.3269333539232 414.41189101038776 610
617.9351311450555 658.0797924898478 423
390.4009984240117 456.8550098561771 138
292.49243635848666 158.72652967487733 97
672.5039171508566 215.00243838551992 282
293.598179303899 67.6272288709574 185
873.5077803938572 188.78425827831902 454
961.2550348241705 526.4847897530715 550
839.4131598620169 94.10641264939123 93
167.14291345580213 913.2059050727933 157
736.8912712377607 840.183842529487 267
181.85971655588196 236.3661870358206 210
256.88996478372906 42.55524046525072 416
118.84138094479135 731.8525652691103 533
912.4051875043026 146.95382165789363 395
239.53981468080144 921.4658702859755 669
997.0882212229632 676.5272138260694 408
287.51322242438215 31.337900532762863 307
599.5841175831199 410.34228132555353 499
962.9307675402335 230.9286360196815 78
702.433850948545 573.3983073700381 760
294.94126701721336 18.887331180732826 56
878.9692916309695 400.229449238664 593
80.33567749887382 427.12021354405397 608
804.864074716168 808.9537099630151 607
661.2981758826668 955.4182755996591 3
1.024463126526487 715.5294513808243 306
490.26544978621234 852.8613225133679 882
708.4269845114068 768.1990862496349 202
29.31311605712161 770.1697528638819 658
785.3077228214676 805.395306777495 570
834.6666244051911 780.5285680516301 302
398.76896026309237 197.06108274699207 981
419.14872671131474 882.7280360296437 288
972.3804066410047 923.5861158000776 458
75.80427874339412 80.89717588654544 707
296.84608455830164 942.1377281865603 318
942.7412352899647 679.3616001025367 457
653.5056362821767 866.6340977185266 700
938.924371489026 582.1860569967213 635
965.2442461450481 889.9788409351912 326
439.56006913934664 6.8317704858694706 508
863.6697671435768 508.47284435445107 575
300.40644085602406 13.4982789529815 658
29.023311716776522 304.566080338188 942
229.02130431536892 817.6529022854066 574
3.2535624589800083 126.40696677671359 102
71.05415502120348 542.2476221397062 240
936.7231556735012 339.5208000047458 344
641.8826999291509 176.60758891996443 129
555.0903622285604 747.7707778882651 162
584.6486738544324 718.36504514348 728
204.24025954379277 620.323563465122 99
414.4216063329142 382.68816295076334 601
845.8758827400267 793.4416984083898 774
341.2541074257738 499.7403097353521 777
396.59192842812195 287.9650538724603 935
114.71233140998538 598.0041456462674 467
98.13604411570098 815.7892107125654 339
241.90293702158317 612.9862026144525 425
895.8150221074175 901.2746915576602 352
613.7223565307169 211.2401055173826 24
98.66627894874458 586.5250028807782 930
463.12742177240386 710.3194346769695 689
614.3507459996003 106.24574884696081 449
264.21390223996764 963.6205889735329 477
706.5538264042519 639.1491617804245 16
183.99298440079613 502.4220204278934 509
