844.2232239662928 194.44191152779567 769
244.75401750044023 846.7042607205254 172
755.5108184722429 650.7727609696245 221
995.5721343740012 766.1477278564422 150
229.48885617370985 188.27762604595432 194
178.2688662613574 720.5741432245386 735
249.35413680320283 41.30304803731721 240
885.5077019980779 995.3099667729691 69
557.4769287658479 372.58822161172947 74
208.96875824778738 913.9396364501677 546
409.17898196404525 772.3059798242415 913
129.43370515787512 106.09593341151924 907
17.501266402929815 753.4804374665275 887
594.488035504782 423.82706683137974 935
8.198876818811375 126.00860635301403 602
87.68882862190885 619.4901064710731 414
834.552373826547 625.836229634532 553
889.1464872121982 437.8208476010642 825
968.4985495562548 755.1275441985166 751
872.8155881176948 514.6276028914726 178
644.576278106896 660.0204535307797 686
201.44044957410478 779.1945738421373 995
795.5294960101055 335.1041989481981 85
638.4273562634604 256.895844804368 201
969.642658796561 772.5693616003696 831
667.7564479788149 731.5395536695713 141
164.39879703168592 429.14683181976 543
774.7883533213641 260.5101172272617 391
412.2860789740926 224.49549342692666 753
588.1451484424621 405.79162992705255 55
922.9091357812296 390.7037773758244 513
961.7253291379603 850.0560847651969 645
974.8754936404943 226.89905330004058 507
841.8922890141752 26.269569078556266 597
938.8173523999129 575.4710837410764 242
192.77959900476694 583.3971797967587 505
634.4699441766751 248.4584388991532 51
423.7365697805845 613.3104023155762 518
755.065673525704 284.65712733155056 521
219.94717520022732 396.4972493510662 708
585.4892828844215 567.96122808729 988
46.95996858509832 467.7724206746584 127
238.45939197784494 935.0295655832924 863
90.13050426885438 128.97669809627743 70
329.83394849385814 223.66802118115703 613
172.45055030821644 794.2690563044002 485
25.715808833612574 341.01895836462313 199
175.23561008604582 496.8135788413526 490
607.5660650106327 998.0055500394475 224
844.2926117963306 404.27261212261476 845
449.16593340245316 210.350113062696 748
873.0275992468559 636.3656513961104 487
299.32169953292123 603.153256715507 630
256.7087507990244 491.0291007878184 349
872.3281011369896 612.4922840898492 741
86.99693508663375 689.0517020125354 660
195.07424463459355 657.472873842856 70
49.25041541929187 187.45242196586764 640
115.79715359622355 571.2437937369006 283
786.934904171089 323.5827576993535 777
592.1826333879953 718.6652693821659 621
76.99025212011101 439.0804497316512 776
409.5759758815014 356.6986419919034 141
580.476646388493 459.33481760554895 380
617.7999613903197 407.96348299852826 782
645.8325898232353 79.34631424569794 104
210.45988961847405 454.4520338454032 655
255.9225675518624 988.6744967134117 91
89.61264893678378 16.156507841051937 365
632.9054406886233 969.9981911287434 118
719.1583335443047 426.0953389137282 791
994.4679658091252 45.45439694644537 283
587.614293661608 614.7712732117315 137
791.6932461972165 509.732275432649 760
380.92953349049117 258.58562155107137 495
890.1545535753439 475.4002871515713 969
599.0142326125999 400.40312576352454 680
834.0306623254631 285.9245695621124 141
326.80883134159563 110.8998563223823 948
381.5298526485217 574.2056570330811 530
633.4713797673645 895.6984777856828 126
327.8925799299326 913.5450379329942 939
637.2977373310667 494.6367066537655 148
656.46026783852 492.8975375621787 603
692.2353813887929 306.64161241411006 986
633.326931710024 676.5388596433347 807
723.1523593335038 941.8239079882587 429
49.37260241180363 74.025083812032 778
430.43981028283076 927.6555073764697 119
817.0576486395628 404.8585345025828 104
905.1826679346392 771.7713427416325 119
883.6378749138147 882.6428862793181 506
719.0557316793819 181.39380888859645 900
563.4420821926973 500.8760794740047 178
423.40687875069415 446.7842769285656 33
734.4128225451018 460.2406880038511 500
324.5509916480706 722.16534543361 170
942.7163089874925 489.9078472649261 681
143.53358347049527 891.0586999265352 280
390.9581293070561 785.5928352720645 112
613.2717822557801 306.1349042945849 906
531.3834781016509 770.136278926917 689
867.816586304919 925.9421443116676 833
254.0163211651435 859.1617531401616 445
386.10810709118095 387.2287164149547 627
882.4080840802106 62.3873610488761 225
973.3388369597307 273.7338426030619 774
857.3614810390167 785.7439763038767 931
51.06338616252426 177.131087663403 513
856.8489155375454 863.0391636660275 513
965.1608103718544 644.1671088902884 770
656.1639040775376 227.9611151312212 121
687.5437841662908 446.270036277132 343
129.89475015788054 173.35260957973898 960
999.7001144649233 261.6034302462123 653
802.262886299052 926.743124079883 258
409.51999818773453 344.07398546222726 669
544.6675901148342 912.641145884193 481
506.4578957064891 374.97091095979187 286
684.9263108326664 765.5095745179538 124
57.63112861925113 581.3323458213541 578
717.9586523799804 90.57826955003311 261
685.9104319788817 42.822181443531115 977
374.392310462184 648.1148938038715 334
449.29805645076993 502.3186183730738 391
787.8696498222615 139.37705171022242 188
176.47888073725028 898.7813469451306 885
262.04553514274807 223.84691030571935 227
73.48645435213119 902.276334053634 152
448.6189354643709 467.5532823515295 577
972.5629435555759 121.91816859915106 483
230.51932556356059 572.4246239759708 651
185.7330293296917 199.63659571985372 951
825.3196626226152 769.845474357796 893
500.5776439897345 720.0447351124961 617
430.2134293085008 780.5533357906003 480
590.7278518714106 856.4759013505933 604
481.36521128524834 888.786876502489 89
182.6207760993771 636.4417356161762 657
429.6852473579381 433.5189304598047 459
377.85382343681226 718.8068091076767 843
201.53078661290635 796.610162264424 927
915.0108223606428 240.58133913311397 363
347.4409056035382 93.43038820016125 230
161.13067895831955 340.6449353814036 492
580.9735915206575 846.1365764391813 460
725.1004311488041 926.2540400811624 877
306.3649860918916 949.8998531333075 638
482.1189061962785 314.1342804640387 142
859.0778156219258 215.8346056695025 310
316.2534848937525 600.9457678143634 137
304.21964782238445 120.7221484433345 269
350.17274161507595 880.714628220459 820
96.72333077806583 382.23305010999684 495
728.485226346143 13.773210448679851 13
141.34380311308448 723.8640498645802 27
847.5834698433276 783.3867968740716 392
472.8522877425714 819.4327820621589 585
70.19449213680795 7.052929078573356 537
163.16467364150932 315.2012260770916 524
453.9324125674825 382.13642517636526 420
836.428685339144 330.803767579028 779
317.3806617287722 793.5659626147171 684
842.741716971267 240.39559805384124 200
160.67673590755672 189.82952489120896 458
74.26199283288749 506.4205174960078 257
596.4427498822387 97.87819169595147 467
426.6582284578786 158.52602605495258 471
398.95862996080734 362.9372686283397 495
170.68612066864685 310.53753507841253 664
646.1299274822244 303.47677981839286 929
294.872227719956 468.066400073632 282
15.42762770000683 42.927396533942066 953
665.6273624879818 847.8829207425255 893
896.6933180115805 553.5651398425365 223
479.42897714156965 408.8662947659993 105
948.2529373594485 507.60534586975683 148
777.0388544430165 545.1883759162434 234
612.9606700141743 213.16176045580372 836
612.8577305561134 764.8493578881548 165
185.22410725753946 229.75630457424646 169
0.46150174289494306 977.3294852300178 142
575.9920105056289 514.4886409385996 287
480.35863069920003 148.2931494238311 422
190.1347151760444 453.2973577248568 269
434.09536260589374 826.5423431718156 125
995.5448872332647 814.2154722175334 786
8.458985531059948 786.6063203297887 915
517.6478415979005 900.466282563038 257
437.6646106582891 887.1137916061913 850
727.6206534958396 522.213971909508 172
757.451849621135 83.2110807105192 319
961.8080352005186 873.800467265044 4
490.5612471920331 137.12557460216823 526
491.5016770830182 40.69406980447565 897
432.8229076564656 202.0492367185035 137
421.66583177209714 939.3362809276516 385
951.3953328832885 424.772629816907 575
749.6724522226503 277.84463714612065 646
369.8401033101152 718.5997518459051 764
589.2911813134336 192.65128749035455 894
430.83119601237485 436.77815624289406 400
201.43613823961994 751.0811002846427 914
585.0088773771175 705.3193581596915 473
851.1353383650321 418.9295130114179 834
442.7163030101987 933.0171938183256 188
655.8320973816187 219.08154343710328 165
409.21566504375363 988.8122971892485 731
766.9191140013066 645.7209641383752 845
891.9757680203043 340.4819823443945 793
17.243256033542707 295.0977295968459 50
119.87025354665282 828.8706252683138 160
309.47043959870837 751.2999278984544 241
708.941616596734 405.5250875647015 114
168.25592929844944 85.7307087198622 79
686.659547385645 423.0052997507082 212
579.8367462178676 868.8857775182421 827
563.5919849153851 740.6116955944271 671
233.33431886281363 740.7849669994871 832
760.8792510716231 510.93183611482095 640
518.5628093713868 784.0389218499638 655
672.9678152262331 40.2267890920176 883
814.2502118121824 155.39655854117484 945
186.29340288843187 726.0275574670175 426
702.2599683428391 451.4044785667827 777
709.4946019227633 598.6927253848298 266
483.7460280743913 689.2818735826868 304
296.8293251125589 601.900814958109 298
438.68979597373317 635.3577443062783 206
792.2730271846307 807.4278728959633 142
533.2030884584627 640.64610838523 591
659.1491274708901 259.5303784259093 685
648.3325168350831 35.12757965750468 981
354.64313562243234 802.4206380288546 675
472.8610314639967 670.9787852360297 513
838.7862780268974 959.928210376935 602
371.2831961806817 756.8858306388305 143
623.7221484973753 160.05031744971242 80
65.61686992880512 152.73288052713906 131
258.63064205809826 462.04727132970015 803
143.40647397357876 228.82598585859304 230
592.0604736009634 258.5842170496754 291
674.9247082658566 241.1130196382557 560
313.64638297752657 802.5217792397066 356
730.7949638280297 42.96681974238092 646
624.8521067106125 956.7833484786282 755
933.7648580249395 234.03607697248617 12
685.766763525489 817.2276093708523 368
731.9052408053172 250.33990681565533 322
730.3391132210841 589.8211448095292 834
382.04565466817166 254.46850834091262 378
849.9973402306233 145.49787993087048 616
241.36898899976134 348.5921491827383 662
135.341620139942 809.6498216540514 666
376.7682224699155 36.9116292353745 654
113.82552793391775 617.5047936943578 518
497.38267090668455 988.4281623120081 673
205.8504957813605 983.8226104688207 125
746.03115053307 433.4564672192511 520
144.19626231144133 291.65414840392566 627
425.2623452723906 978.8872396661741 782
256.6923860307574 554.5643694280698 870
270.60795704431405 373.45652114748304 705
859.5116617076467 210.5360039901003 122
405.7074445959831 836.6031492933682 602
407.749250805856 260.66964504200973 361
439.15341112215157 675.7125404644434 89
72.33836670634486 191.19082586498604 135
184.3997901851542 956.7387584861495 816
10.13210931818942 575.0605354673547 64
815.3562421859884 975.0803471739881 80
589.6750096643628 76.91544885862811 333
522.3950274746211 606.6746705726174 383
500.2741129111932 571.9535374924226 193
256.77944185739653 742.4410313271399 945
265.6240299475532 98.01438693610032 623
507.26641214084924 247.84556057985475 170
531.8003282912786 919.1994308181913 359
430.1786592172816 36.54892255127895 852
779.4293835121904 282.17474489986347 668
729.4083377449475 488.9682698109037 249
896.9762450752147 437.0025645600528 709
94.79354791014094 957.9145945446318 395
32.57443486147182 162.5759760129636 722
148.204610201342 909.6771980174577 41
347.7953645078571 937.8970864735811 374
279.43125087863183 675.893245359528 410
898.7166305266517 285.7878453942951 521
775.8011769413312 783.4228112640773 818
955.2954836980401 601.725960586054 857
521.1753721051459 161.4438943644565 93
371.68869474478396 479.4564266485791 187
827.9760799807009 961.8974612130731 33
926.0158612309356 490.2771207437312 116
897.2863474855592 443.4515699421895 510
607.1031438052662 782.2500270286531 341
707.483579872377 477.63556342528955 30
43.711454790578145 338.59710308999445 809
927.4994332389173 870.1381952344573 26
741.1863267148138 978.5612140223826 481
228.13371560495654 542.8172152680132 598
678.0955251835837 824.970743842161 291
39.54567897931383 264.2703750619418 306
329.2726521177933 330.6787488011218 545
187.19532742450596 392.493803704595 864
432.51993253041155 850.668292205038 629
286.86312686160244 289.1632470250983 316
806.8861184190836 571.8692890260344 710
953.4064352198263 431.28470438560305 738
119.6931954212559 523.1606292301514 407
624.8609468760629 281.34276138187465 31
672.8431296994697 474.5046945885176 221
65.92936377161296 608.2267301948217 439
931.5449364818483 19.144659295568633 573
178.34907571664604 480.54689429652444 119
869.9147999384006 677.0827573098336 117
700.0687437330267 908.4464041780748 731
228.10804258618145 817.8417431795059 584
854.6064905753699 639.9986833604466 317
399.6904872950854 6.53504559561402 192
565.1294712295893 190.53555570288106 755
685.0191410489603 813.268024000994 789
215.3596336855187 555.9277669881978 449
837.6421241763273 131.30483340437726 776
981.5801080503367 65.16541910045292 405
780.9859235222708 200.2573443530845 886
506.62980378060206 221.31449183643258 669
142.35814940076642 465.63240234427275 183
616.6013546002956 348.85592623241956 458
717.5674135309986 601.3553919993035 348
70.01471512660673 307.4412087683278 710
417.2460111050811 994.5977569361095 787
151.88236623565777 852.7757465470769 745
89.56699432646519 190.69822434589355 504
182.28618065811096 436.62788128327577 282
90.94430965968736 877.1758825995124 744
2.848760911886239 303.0001688186902 970
907.9002483509619 727.5367912649812 724
268.50669153908603 557.3822427639976 906
258.25142529703515 467.7626681369701 6
385.6005723982946 624.7361267043526 746
637.3540700719212 518.1388464721558 10
55.637483455224015 255.05629454586577 669
305.27139078949506 367.39956857233125 852
138.76296612035733 855.1416179259654 796
371.7674045643082 586.0131795487453 859
236.49383606168374 460.4435958648715 983
309.05134611199435 627.0890093900362 69
280.80613117572375 501.3316830539801 221
324.7283889181352 655.4835067557666 56
481.94145867033956 547.6885621357787 5
261.7897743662149 902.2270744465688 175
634.07320850978 330.3364589182426 324
669.5702926762356 645.2303307610742 772
150.19318390439796 163.364689676041 334
582.6811336015645 314.4524894145076 10
27.826840297312195 115.91826496507952 312
550.12365148152 415.3226204454179 217
282.62036212158426 836.6689507167919 897
638.5233596621212 753.6039478636258 628
364.0738455747329 109.0284103189848 474
425.8275932443112 180.6036762287292 442
768.5632634702713 124.97453174975281 33
711.3425554144977 296.231770592794 683
509.1669652437244 845.306170171063 176
499.90079016734245 61.883652405710144 760
914.8457314830855 52.275118182897096 614
69.30999148615902 261.12846426503313 879
872.442150522842 533.320726193267 577
944.2020999458845 373.0645961026302 355
822.6746114434951 518.0316212586712 378
480.60652625340083 197.10546955273267 332
712.8540074503132 915.7884532922234 777
945.1716924345678 504.98563176863297 95
974.2127778997627 544.2818649503481 979
645.9732873285848 539.0740596086822 163
614.3352031091151 373.1856370146336 611
250.11874188961647 503.5517283593528 3
292.83170646156145 166.16123537508588 916
764.2662447981355 70.36303678267674 900
533.4495981352594 308.2038022677365 607
224.54425349848694 238.4446345926622 680
484.3342714238945 479.0495669392252 224
282.0834371494164 94.6798949908595 538
245.23411276799888 642.8926014204351 946
63.79932265003563 516.2112470906329 57
220.00402657830753 235.33211874912564 332
519.7725978616099 548.4518228285413 321
570.6319296178043 644.3833514715168 17
607.3497037306911 738.8707570009794 809
407.1590831871934 649.4727824165573 528
451.0982243544276 712.1785220004899 968
170.40651414007303 329.1149218606589 798
867.9762183279809 550.6213330394115 944
861.9873133578379 188.94866501990248 254
440.90015910705495 274.90688887299365 409
427.65915443009584 409.5894197747094 291
276.3615263118323 245.9498823638745 14
112.08770928205047 685.5051055843413 429
525.2766769030637 551.6458998960317 70
966.2362244366853 350.09880861323285 356
564.0951160866041 467.8989227340398 309
465.7638575445465 987.192069630902 277
966.9582411450345 612.9974016340376 3
170.15351434769377 433.42336275622904 766
649.4338675242158 870.2918591754947 431
340.9591347893332 800.4584577015481 314
882.7976376134969 176.5236922791902 966
672.7597770875929 492.5009858999961 134
69.58930430756438 83.75913387255474 264
843.0579717743965 401.5577129035762 83
454.90728170666074 123.43901225643839 170
526.5640635082318 632.6906028100462 442
540.3437922515473 16.6532413799112 467
43.2481325319356 691.0177072358697 944
199.08844216187626 948.7627186773509 429
182.5655067726609 896.7085513764663 765
171.90646340936522 781.7915930186889 997
923.4260176200195 673.4510780319623 500
255.76283952828726 886.4090866410166 245
15.037870270594556 42.51259479242664 250
261.96810556478624 738.8426739434994 271
339.55668757594236 410.9883398974653 342
949.084330302282 428.48867875572273 302
833.6786480058735 177.47939051782836 983
404.2443183796629 133.46268995525278 868
841.4382539769234 432.947504782911 136
77.03134989229498 154.63055444709119 526
981.9146289206916 106.37520410574864 45
816.7117003541236 683.1349682751221 136
341.3918335488199 940.087559423116 861
849.0407068723465 889.6346704391506 437
339.16324839302945 555.2981238530556 527
769.170782526551 994.5311546994533 542
497.0074173561712 948.559451326939 620
503.05146203979643 247.48863100670394 739
452.0231633608255 643.6726684340164 688
905.8478337711779 637.6033165202466 167
18.788223790200732 240.3785479208451 960
92.18444893697009 943.323125783374 660
538.8860931758285 919.4770960919313 613
257.9763353872342 315.0161457566908 38
750.4056093689376 377.11217510760565 510
135.75875535944616 730.9694004794609 210
854.339697431674 702.9309725263583 767
970.1311335320864 613.6228689131905 216
881.9105802818036 599.4301311919726 401
336.1897848214461 814.7897218463952 745
755.3066161971205 208.13227713870742 493
17.789092399753905 696.5559684064061 432
923.2390884151537 1.0394423478966575 774
769.5670738572554 136.55318376663485 550
839.3538610169081 290.51535966701556 193
987.6372832912559 60.12754624786365 418
627.9628896545831 898.5290470185679 76
439.3998376567054 732.1301959030301 596
432.27781014537226 913.7728495391635 400
931.8747305686105 176.9198817271148 627
147.62149775081423 895.8388555970349 135
754.2649555106909 702.8656402014957 857
28.262505554039087 248.46911813100846 721
862.6927454045184 852.2335777257524 325
400.570396080464 644.521463686079 118
499.97948662530655 812.9598536970785 109
26.23697927530322 338.69068166071094 739
958.593331072878 105.62695880178153 524
484.18405812416677 266.7203899121259 864
471.33221247839316 431.68617997975 510
252.3610220634811 219.11467092386982 155
416.15739482604965 527.8107561642058 726
12.803760303509936 242.80739442059206 894
573.9585763896795 654.1904284289601 171
152.11564632641716 517.5370723823845 594
747.026348621785 81.62535634675083 411
419.97180256040787 426.9230749036309 756
795.7490024500918 801.1728303924416 261
195.606561075359 501.3603563974692 130
211.97099242529538 410.88021775755834 551
510.65511329974044 443.8628510567465 39
46.362304299274456 884.3921497878943 948
23.6015222346605 446.65733190433656 631
957.1827531053012 855.4134279650746 940
320.71390592942237 176.58859862507003 142
70.43626768725785 80.14867840692541 105
497.8561571924051 117.55714951705498 909
110.1533775046315 948.293750196687 544
627.3680027105921 720.8166669606095 764
6.423462220670584 730.0265513308929 74
453.5863949739407 219.21680497000895 473
17.934553408961218 24.61140288424435 774
647.0335348587713 349.2318409304345 599
575.2074952843942 696.9265712699433 792
444.5866588270564 551.3224580920705 733
367.72962699673985 144.2747120647614 192
86.93594801670923 867.3770174076459 173
650.7836951939981 761.9606223081427 91
819.2117821240978 90.14812361872471 60
933.3963819011888 392.24620368157514 237
269.36128471211094 737.0458081591834 656
168.68170497357627 76.95319454425432 747
413.239261269412 788.0897261233197 116
828.6199641219937 83.22958554471427 491
231.5175707317143 253.530110203392 174
203.413953758519 751.4188084603735 281
616.9925538771494 320.0004038567014 480
876.2491480081526 798.8151236159367 27
653.3298080915757 135.43245517566993 221
175.44849587769707 718.2265022379498 522
436.728863666344 703.979272932583 483
99.5571687301281 653.4085427256786 508
391.91392417887926 181.67990185156836 339
182.82308944426106 393.8254434320996 440
562.3884370672998 201.9206144446559 48
210.98117662371962 55.78313619782782 506
326.2662188618566 982.1094383185144 506
719.1047178312022 258.1191203649479 461
583.2898304383311 149.28365667035936 113
901.8669210128701 73.56519132472128 908
749.9088144135785 651.562698955065 372
776.3732993532072 800.7898211243961 796
76.1588447119963 257.0974330410487 813
300.40568661765235 999.9911544239492 507
216.48999240886747 319.0883368054605 750
433.9399650930312 90.96086609676645 146
476.23911892298355 898.8047894996059 530
598.0193104025213 628.431478699178 316
395.77951597033166 313.0172697834519 169
488.0959253022004 957.4309425487463 452
633.1679876645093 980.3823752722351 652
178.21163269755758 230.11684622067486 145
373.9520304146623 325.4518003223974 323
295.3748082192947 241.96423174311664 549
139.3841155718395 84.58306027177154 493
824.8813214802224 159.4095879324996 225
974.0423815873208 982.2015855826719 674
754.9359155833188 291.90654063295364 707
787.4574514385404 658.3683900267002 145
252.77751197000552 743.8757634625528 58
694.9705762949983 661.4553216218249 706
763.8725947901696 426.95304479968087 841
391.3344596823518 453.4380006406451 641
685.247204935468 374.85125798556595 38
916.4709508033841 3.035730659274538 502
378.99431221602276 197.4700261220218 907
25.63756471250034 52.69050792265961 795
767.7551001755655 791.4099320962027 395
348.28953842338393 419.6811546641739 140
176.422238724686 743.9401536693473 977
29.785533994887814 290.6495131618 368
393.44609300038155 186.51828473432175 464
999.7002905509937 487.15226787036636 465
996.4022972727987 250.95342975690926 918
345.4887677414369 210.00361630738539 748
940.5872295334098 564.8024171556416 36
811.2051614318464 839.4589263819583 668
433.9338188350197 655.6567984774173 649
61.569322844837075 427.08053448274774 135
510.91542851221203 342.2584556865633 205
949.8610918982091 84.64910054508923 892
210.27874047045614 88.22256873604405 215
602.6962630498873 704.5867092443735 195
66.76814891276217 586.6564440911985 513
113.69115348914993 256.7860415904116 763
814.8692405662994 370.41170433296764 381
235.8772870126694 24.061371591370893 583
240.91967812199877 419.8686551893178 6
573.8346567059216 20.922818425940015 681
512.7181503143427 366.8837407850506 235
668.4806693367875 484.23223027382335 601
80.70431204372464 758.3290613056344 818
704.7559492786959 726.1330284216066 294
415.5160144293513 760.8362921268604 356
713.5580337201972 6.8931724647322 826
625.7176815850655 21.23748133635539 868
183.0132538996534 930.3343484115084 820
7.922074144402602 342.1832651413128 986
398.08347615124086 829.7431862422469 875
918.035175653445 488.0775845167437 292
235.93832799818682 755.4316259960395 526
64.38785829878458 981.0188324362003 332
972.8878456864434 509.6500581472168 380
63.17039766767507 329.98119789584666 270
792.2371955071966 449.1625061764346 354
187.92599060255876 561.9292122803832 372
431.2389967742067 399.700283363572 457
306.9824234080508 712.9830143471606 684
813.4962632445801 936.321979149207 968
468.0638841599094 853.8875944280459 382
638.0174204453072 550.1606335816948 471
465.35063859875294 965.6514994022364 17
210.04086961927882 454.0050060879843 538
546.6606416664114 434.0306172309304 701
210.72021436734835 255.470362614736 169
836.4666948247619 716.2809027075621 238
527.5781495858355 683.218732366672 22
783.1793702860082 878.5827419346583 181
361.4442651232318 527.2969436270206 457
15.608029621177689 906.5048076148245 338
281.59492088337856 396.4059036568954 148
917.6905287856837 54.841632960377474 713
460.20515395956795 218.40832714273594 743
785.8282510597003 244.7941490911405 526
717.085922156483 712.340366468568 535
165.86602981615107 817.9393732990327 887
154.86179397807499 927.7467461727867 440
710.7661370358366 330.78844971510034 354
324.9319638239747 771.8031967997886 200
320.63462206377756 439.4248447227569 712
635.6679102949846 584.6289662848302 31
181.57770943511588 751.5799018939439 819
44.400712477888796 751.2222425118588 655
829.5721450822521 418.74583985984594 726
114.01257230451101 918.1594941573796 996
42.735980176232815 983.9554401077133 210
185.88819548023417 735.5610498451691 351
604.3761675282889 757.9581279030942 204
520.6952578682203 636.4310246251966 258
578.015567142034 979.4199581069281 287
610.5093988098974 157.16077244895055 956
713.9271811741958 771.3626792860243 977
418.16257902350594 190.84833027220228 535
750.7013586177962 861.4963370953058 655
831.3590827874915 371.6250994064465 733
135.86037080632317 984.3449982268979 547
866.3039894540317 989.0793130046005 625
808.3116775503086 377.4189243091107 470
793.9811579962909 60.949297394342075 858
366.0615869479429 228.3061579196608 930
28.179420875964144 439.8382769288168 486
23.190770926535098 289.9912664206602 704
325.8771734634166 351.7408520642269 849
569.9758462707022 651.4905077761914 823
769.2054729502554 536.4364415712585 741
945.9000965308506 538.5663665040055 679
19.570497810366017 408.68083413354015 269
385.9353111920375 159.98077726185556 893
189.72440067696294 554.5330332121523 887
534.1704823336578 534.7129563821717 787
236.855487816372 157.5367645358694 25
634.8444398264631 292.87285517859164 667
196.3855327822266 210.13813353178367 830
960.5375012950252 741.3710533295206 727
742.5290774924428 436.76383870246895 697
294.3923133718057 39.230407830061594 65
891.2587303319957 976.9467074798855 511
296.0795986066233 996.6014392958302 490
688.2259869854656 771.0361949944382 21
926.729559964838 871.2620578523303 324
806.1631477914705 488.6693145573875 300
40.338936122107484 831.0976670437152 874
70.02275993361518 815.8849985194935 311
397.5363235917876 676.5702435684087 139
630.7541250396173 612.5131899518204 183
96.52643471139122 231.1904461685128 105
169.69033137704014 835.2055621757472 310
923.4709619511285 261.1174040552073 753
759.5308125438843 253.0376988672486 301
975.6034914491372 17.86086416675847 474
489.4169285964366 366.86054334056837 261
554.7009397118288 346.7549770021209 719
485.68076091903856 407.0850887883035 398
102.66605246855588 505.6404161024163 586
357.6663231065921 946.8737494115879 68
844.2992129540796 661.1701509311603 123
472.3918090988789 130.39671216391213 458
963.0078057495285 742.6324168824437 196
940.1444934316341 867.7584544778662 815
620.7064728352852 822.1197490086586 409
638.5085844993746 493.4574718865595 967
786.1696925648135 58.45911553717143 539
216.61015220972112 688.42045279714 28
658.7923176124453 288.14656586097044 28
631.7588107934752 592.7997994485257 864
601.9688950488581 455.1731079164663 893
480.2576919609389 977.858338386969 213
149.53137984097953 980.9744095446856 401
32.52908315015968 477.840412378692 958
332.5921191873822 828.5807326008677 429
961.3775803772495 315.69678414951 96
51.24532167553375 200.9543431685715 331
775.1055613959896 195.20670523416973 619
985.2253201297176 503.56550709077 461
111.14560962580245 944.0222361684667 192
201.51321798060596 450.62221809093563 645
400.5864895647041 851.9645825576075 326
107.89240307360292 531.4021782715354 260
651.9966094908856 128.15314952590927 751
979.4159611912645 397.63957194555945 695
916.9106675658411 28.10433216581576 788
474.7875098330572 388.7309047614993 874
614.8927621301126 103.99185219584506 916
390.83183405894914 947.1974174660643 89
684.5015768624152 733.4435047028066 986
227.6373556825121 813.6454297673552 651
520.8307608407914 663.8449010456299 612
894.3361045156764 701.5866247605337 864
843.4748846605379 141.00936772555372 876
808.250398230051 416.17895671607596 734
397.85061459419 313.0758893407034 159
434.6675874116784 720.9065135244722 6
569.146368124404 995.0805123607827 517
46.14494943332503 244.24166829735995 631
258.64178542657544 476.23605767945867 658
826.9955790909655 191.8802626467938 80
778.1141812420631 698.9253995044556 329
19.84021323457452 518.0988535283258 228
979.7522533138233 857.9334010293713 376
874.8568584801731 249.25277068519125 324
21.952876795032218 510.4975404968356 96
690.4056107185781 256.3208645218138 7
299.3011670012866 719.2220888636651 681
440.37181370753177 12.122008201585155 868
878.3238944067391 789.9192191980213 528
877.6439694019705 340.916326752711 177
691.7031398029926 743.5621505968876 629
268.12204092125256 254.7430594442013 292
229.78649411275498 877.0478945131701 694
797.288844609808 675.2151840265598 501
139.53138228456896 72.87601864738313 844
977.3229943775472 975.0257913119586 636
190.95104950538322 118.24815500485431 688
129.6137748859968 878.9431070423425 740
319.08057986300764 606.171621580311 794
81.0268288586471 605.7681384479961 18
590.3485467999053 675.608686702058 605
365.8989453588558 891.4395403299933 730
244.5608220663803 401.07364641662656 487
820.0792818173879 936.5516813236701 663
325.62428577467387 374.1385464903179 983
763.4756226231816 9.640079812614832 628
494.6002925315989 351.79615745220207 547
236.4763634943896 617.183077261702 222
508.52258708438546 692.4928848306173 827
227.0158467877591 385.76035988256905 99
428.2909137832169 900.361221749325 73
578.8485079440275 115.55961063803221 939
508.1436735724171 68.55254827579583 673
49.517504217928334 607.7657464241703 629
294.3064721362142 517.1251912324245 530
24.6964213310229 385.876280095393 913
242.2876196864643 204.84090392373687 817
60.47432575622735 89.08158517750442 481
968.8395468232736 185.23856057372578 725
879.4732805088771 806.2282265821597 285
657.0558701543704 558.794068877313 991
498.7822419980158 390.42366129032837 567
714.080213281664 185.21390737079935 181
405.77992531124505 275.2006795228696 780
214.41445834859076 63.54181882942134 296
494.24796935147583 596.6415740447998 270
457.89277161404397 962.6981274263616 121
498.04481374356277 292.219794902278 921
902.5632431798288 694.7388298569051 404
22.37884952098723 12.415985076194014 951
797.3543022217242 364.3346453689287 171
635.0986296125999 102.65802848521876 954
402.06216148986016 186.13037857770988 433
814.2843138219031 178.35945464351454 112
832.7885391615224 281.25533682729787 134
263.6406281172051 147.49489587867103 235
864.4987498908584 33.58509772777252 731
54.4103510553422 542.3599819159829 398
378.79966125208995 236.72796561720756 316
194.1003932088995 566.5728859031833 425
637.6099923422465 290.5697879106218 819
393.3713674674696 511.7418311679626 562
456.47290707210067 782.0075397438761 505
611.2895383625118 825.0303164445469 627
311.3615367207694 488.8080603852661 862
449.00050815151593 774.6130297311735 902
418.1363854078867 39.25636232673868 750
911.6615105840235 718.9163740346718 245
725.5682332600247 183.1198054695995 729
158.4449431357422 515.7206388511211 574
269.5432203354127 773.0991743102136 922
1.1919889109095472 256.56443117630636 373
627.5939191830362 492.22822381551225 669
368.24686604974534 544.8577665847079 485
291.7330101768548 787.7561603294242 442
291.7014553727519 586.0462204608185 457
15.496266274434678 925.7767521645987 953
217.00521358202894 839.847204653788 579
724.2732909273363 776.8017479874903 401
842.8974924004161 788.0906865928949 2
298.0805143000299 593.9390176902979 423
9.018029109987612 635.0952316016391 174
154.09540433604184 286.4909304835824 963
729.0813474668805 701.6234185800598 444
440.1453361451942 508.4483586315178 695
513.7832470661327 752.1624360854385 531
481.3720116562844 61.20198100316732 420
868.4217079564535 384.94260464484154 265
736.9970933576058 176.54315280639833 802
292.88126253603053 294.90230818657335 750
712.6242800902444 711.8054880047702 692
752.1541176020031 949.290418096433 296
607.235419598757 60.65947629012869 376
776.8714545414551 253.99719935478194 322
191.553688545713 424.5610097020698 501
647.2908742000865 771.424723389866 59
954.9198067459268 943.6590565334443 600
825.5704593091524 963.4583739881405 24
926.6655427935431 343.605001276355 471
604.0056124152026 147.80382937250903 368
112.22402854470437 704.6398213121812 256
150.71184938251648 3.684681200737172 215
892.0609833796955 539.0305572504094 818
348.74716058410127 937.1188248146221 359
861.1648437252284 139.59669624733039 319
494.04397187491014 869.8730025682067 738
9.073754084000129 685.8895038494511 179
969.9420802831075 966.5634113417116 77
485.3221216734732 298.5825686765523 460
963.2776466170146 598.547449685698 297
630.5068172581272 639.7239242346627 834
697.3174465457514 10.308772850045944 210
714.9693219034486 47.53787948819965 771
30.12166639657421 356.19460102527114 275
66.5452433453374 333.6045305687276 144
531.8313686686593 474.3952908649145 567
634.5118009477599 355.020939314141 350
10.157562373769856 242.37862617143747 619
628.4730105574945 156.21279161423485 932
811.2525058314178 538.0151158589485 250
594.6310346603578 201.98721997288493 22
661.4931946272038 476.6226151417722 642
856.7620019813078 61.49468454567808 833
566.4257289979244 944.1135269024609 800
437.6001757919161 913.4248289843862 788
592.6287466038738 875.9454348231475 712
667.3296318165778 666.3840152390202 620
556.1349265246048 99.74865884468953 971
623.26863449062 599.6409557470611 782
716.7519638145706 731.174654093895 218
897.0395535291603 555.6888157610969 49
636.6294673132958 155.6634010383229 445
383.28389014050765 53.08236734560301 966
763.2933788981334 425.95961968065785 441
154.9843300698569 197.63862982133384 390
892.4766045548241 765.2241431373834 406
970.3094231200376 912.08484576712 13
451.2500963360767 933.2979181922775 428
370.1611413813215 751.0166965901417 699
417.1448247713794 308.49618323970975 381
41.25108743283646 121.06284711279058 215
847.2689152400001 55.54039461316928 568
663.3288160737034 414.1456925962309 924
460.62181995083483 856.0276651857681 424
456.9915755600356 968.4506049427068 924
822.853353346046 199.70092714597843 838
193.68726582456796 788.697876425744 947
392.15999690677705 714.0805513619287 18
565.7475844107545 371.09804938642145 21
21.361050172427287 296.0962039986905 264
518.7421194706853 847.9170497832162 704
252.08395776057236 302.5477740882809 805
75.94283151571236 724.9620212155589 833
869.3333697231761 722.7081924151754 299
999.1233716083959 253.16658301099093 23
642.8851974984824 978.5207172886633 609
495.0357667855443 398.37560004493145 890
668.3484065694713 637.8151702721935 597
93.45754267492212 591.2749679581192 154
561.6555039727782 268.0777234674888 540
207.18642076959404 360.37637822485937 577
249.65559208302744 542.3139227655373 731
843.6032706560661 203.6127520400951 600
291.86939254410606 18.405017882654917 149
546.1005416610234 634.4398570492684 580
255.300268649574 153.23900517355426 43
155.79332021335844 686.818160135454 136
694.1287507085743 693.472463086068 495
951.2887227339957 33.61463836954049 617
351.44800231640914 960.2869639355731 356
366.58122965218075 856.6914598316235 107
996.6754016901859 173.24340158813158 939
678.8943390251056 125.46649633572716 380
5.501285979036763 242.47970373454163 340
813.4025526249786 136.28665054772404 394
111.5730557220932 556.2087251067152 315
630.0163370625127 256.78965830243374 464
4.964017933429488 300.60017203091684 479
599.5654672485424 647.9336897265403 863
266.7021703973389 327.0943370844714 629
579.3183876758775 362.8424085122741 981
824.6950942876023 169.7147140481413 205
273.67695228778166 352.7998756634796 613
438.57564191925866 556.345917384277 649
239.56972348954864 392.81009980532747 283
425.67560998393316 801.3914045935435 162
298.0306236861381 151.0699878221895 534
977.166639256863 423.0613822229594 392
856.0886429849273 793.4847166131829 228
749.6459348897218 330.6229904115505 503
496.6748415924149 170.83365616386436 918
341.53278578580995 633.8800376035587 95
183.66004891662746 204.96852047841497 210
981.7432530721751 708.7168727734011 724
83.85217699831149 240.22055894029748 986
619.9543345594807 622.762045618624 138
167.28587759969594 826.2992072038708 85
361.76564832667214 129.5359917906108 668
278.6186435300749 599.1132768484646 421
121.38494391631849 620.2696204991997 267
809.6074194878697 86.734450218655 599
793.8906011636726 768.1357103079641 200
568.0280273703831 161.23499449353895 906
822.7687920315124 772.4489346868061 991
780.6293348101054 575.6659192625224 147
285.0225335953469 398.09261139976024 214
116.22246216574183 64.95563380704982 208
190.8528559027338 90.76540022708646 648
135.25853450072734 517.5966689963274 802
203.3998770203318 503.4661942155647 961
203.5531005081801 690.2715425765414 794
756.0293754323648 458.9854379622502 257
119.12513128499624 722.8329778317745 993
29.87170423450125 814.8389542791576 32
627.9013362763178 271.61479382713793 214
260.5216932504626 733.8961099014107 562
713.6248284217232 37.86174700225708 887
445.1241166493846 594.6757053393206 217
405.74573039020567 638.5849924469296 768
423.7753259867787 917.3029685053518 632
27.878737818032185 770.2772207626444 596
846.1749427754303 194.22155482090065 629
409.6970255739795 433.3798568323062 996
761.2664056499764 683.687521460876 243
782.0836399355801 853.8856686812521 680
830.1329006909242 17.074467699049855 966
749.2756496729671 895.8644914673298 811
718.1728120257368 329.9137981638509 205
269.66557357096667 13.94501875207277 51
727.5191201839282 137.645160847089 560
588.387469516042 644.0515537333821 375
435.1585923533243 521.8318191355338 320
987.3832231132874 703.0446576768848 534
376.38880997441373 837.2504625530464 886
708.5741926319723 474.22618289010353 529
92.44614512920035 353.0786024884873 377
749.7955534749818 264.408217497077 662
740.1044693190811 309.27559541390104 791
393.0900004248122 332.15302373266354 571
667.8364058422889 289.2553746387692 765
616.5963383691081 108.14556775369621 749
305.1779886779522 28.69152603629166 681
629.2992083209762 382.2891382488289 180
2.6399793605240696 953.8357365068565 979
528.960205454105 150.2621220389444 467
299.4909085196764 909.5869116681304 495
655.9478931613492 510.7693593138557 701
601.5584065056565 888.0366599603072 540
107.02368806076501 714.2273400589128 917
604.4531000059069 491.1942266230941 763
373.8431403721185 957.9227532015946 606
858.4779887749859 369.31177801607873 761
528.2531465070974 140.31363106912477 471
256.8148172378413 515.9470535381508 88
807.7703568475779 515.9932328063302 996
896.8476237986977 396.63819303933946 629
68.30822137648751 165.68398688479124 499
835.3724047360537 350.4380156467709 912
452.91156804716314 414.12107456779887 182
882.491373100812 260.2489859972806 49
284.7659950098164 707.2645234309849 135
589.853481688337 300.58956286167216 362
540.3875401045284 996.8029816326531 942
699.1905088327196 986.4409349052253 406
182.00861971440062 413.4147338359424 344
739.5141474471139 549.5917308773645 970
108.3540841199534 734.1383802849037 872
481.2559976031083 261.4307303095006 114
140.769240152826 455.61961931934405 522
193.98224151442855 340.65303594017007 861
726.8892217449398 344.9417170114537 633
513.4553164778487 887.4770150866141 127
725.0565676401392 589.036335206234 241
202.28435633364128 893.4214386363046 794
44.10862620621791 518.3038236982021 946
140.41795382123135 411.36042847864087 632
622.6228351253466 289.6919625389345 79
320.87053091464867 716.4489296067861 607
191.11029672819845 588.98696991978 548
940.4086909794963 653.82486265231 429
0.4337290631273305 724.3996987870712 703
534.0468950294393 727.3027540035923 411
750.4173885171792 262.5811431423488 245
446.9952854567125 208.4839748438071 815
928.1438576503477 386.7122311241895 627
908.5802522247054 457.3258931766756 234
478.4300919708029 461.3101989517093 170
833.6004263123253 615.4926055180116 490
298.6913745730193 233.6767608355651 647
517.5945852437262 640.1142500825216 700
354.0718701479273 814.7358643554559 155
332.42664494919273 249.19174644931508 812
8.785712896973275 284.8900400654496 823
78.49405573044 543.3390601209433 305
334.17405459562457 385.7636798134899 640
84.8052790264493 850.8083928528291 610
