992.1470104840769 572.7822947983497 216
561.2134129031591 100.23329140424863 307
468.0212960208532 42.37391036381077 124
633.139452467902 715.9072345600317 901
723.6006450360305 906.7065330595763 477
478.5139618063906 716.8148582205292 630
645.6488498461538 286.0518004242995 755
988.8794314062509 214.3061625580962 644
718.7096324537357 886.3268592732007 32
652.3293610016797 649.5751223342168 49
883.0952373727431 541.918777646908 915
202.76254913477644 169.01475840946355 606
538.0200538353463 114.44485438098917 630
206.39007278892262 826.4612546085777 157
103.16760432714467 678.7880013204185 201
875.2566412342359 978.2207335572879 591
966.6987205836153 537.4223275592652 454
155.80531921533648 236.45306091802308 209
963.3847575996806 149.4151950409185 308
247.35557347762193 260.8077287992792 773
64.36555525253362 43.934029267775564 90
555.3656763295743 798.8157041450168 652
435.53201055396494 778.3068510223486 422
580.003290024716 196.07954510854654 567
237.78003740501285 108.27896402514558 27
565.6230976160938 376.15379825105697 213
791.6273157572942 77.26188316908289 531
640.6525938643418 358.22420614212757 333
953.5106033647345 691.6959645069267 218
737.6103674479549 931.5403692742093 143
213.89889923569027 124.04428742316453 1000
800.4917529324507 599.5112415719017 251
738.5309829072621 475.9923815687569 694
933.9356694781529 316.16407201137076 905
970.4056641274688 738.7883092599996 749
114.15830814361372 820.5742157006232 588
620.139660441365 318.03807957269106 197
762.904076873686 296.33240428754806 915
332.33138704590425 46.29842329266132 793
928.3343625025245 895.3201470203629 620
474.7822295555316 940.6194316548646 146
894.7865173758328 329.6463758524599 14
691.0693157569809 815.3122039659255 144
990.7439376444207 471.99080764894586 49
585.8761089810868 136.83522260827564 404
903.1368833209793 835.9392329758433 205
278.7707458842372 810.4694610297895 545
244.25883228924417 553.2582653696138 480
389.3240031086239 934.7901502863295 215
623.5946734111589 636.2296878306562 982
297.0469016898684 599.419501947103 122
762.7161880980667 906.936523677142 428
944.8491590974005 340.1526284011738 933
429.61297711809743 140.7108057624098 301
493.7939023760088 973.0190471422494 919
731.5583881021392 463.4524411060769 963
579.4441799135831 711.231593314358 733
54.30953591344123 254.58592366201503 787
955.8936357974092 46.03534825971678 311
577.1178841711203 308.523326978887 510
549.5601490402835 428.6410225256967 742
658.5205492095819 524.2324812079377 292
628.735887694221 154.58499361747425 193
827.7011017949461 258.1508340241283 884
536.5630943215369 120.96931825760338 931
113.37015230632153 748.5866744671107 798
500.4070888719916 532.5052936031166 229
362.28937074353496 819.0512247085096 610
290.55796054852436 424.2751334405663 670
556.3376177545579 112.17262043383714 134
207.65126408553257 654.158460191409 1
719.4590248381054 178.51492317189076 69
67.84360875575001 405.1634598341135 865
415.2509297825628 88.41101488117586 764
725.1705129922703 933.9081913963018 847
378.14776545288396 640.9975507007032 389
642.2045987679219 365.95400800518496 81
494.62424221523213 471.65977314521336 906
949.8167234745832 199.06808877049008 679
20.10259151965277 729.0479398956327 632
907.0949367590658 617.9571681714867 923
895.8848316800023 244.20148834919996 43
689.1191020183456 115.64515703888856 370
75.80862606054595 428.88456606534254 137
856.2806929480781 390.9878683519131 451
555.4741007242723 958.2927094434173 375
359.3493734765639 610.3083186142153 863
180.2205629600555 975.4438665981534 363
971.5792391814458 817.3770448798938 395
527.2194071613551 51.73824145252792 854
317.2172539856053 976.0998380326146 235
329.80685612014395 238.4183413664427 359
159.13420651229316 981.3603973891883 490
492.6035718954748 656.2818495096552 873
311.05397270909276 53.905783402882214 835
819.2188816292718 46.91621700069204 709
997.4422065191187 913.2236658465362 276
790.9586234885662 71.05676171751773 134
398.37475683653565 865.1880074809901 847
708.4063860470189 705.5640368643581 74
890.6869729817263 269.4193068278866 861
576.655695877271 298.2591555196916 461
523.3567450127576 294.47302033463984 45
476.6978929716197 148.9024908565506 996
760.4721926241237 15.575884137817964 2
181.08131747166533 328.5534759287693 54
817.5274151697818 298.4101438091685 535
744.4392767959274 64.1175374085079 114
459.8756084931703 490.20512347613374 100
80.4657038444011 982.8984863678268 43
411.6685817936363 34.178033285272136 408
65.29407747564109 160.3217480241662 576
398.4930698010435 511.24552345833763 989
925.0403994833697 370.0006046295905 141
450.03101726103966 737.1169273566517 159
505.858489566619 291.0571485030016 302
372.88746478604884 198.1943593277714 952
308.37376127270034 347.5474528342141 1
915.0764795137719 778.4142990282633 920
103.06863739306094 32.41843902556485 263
901.2038532241532 608.3459194583485 535
263.41592042713427 504.8415382693632 904
663.236266570289 7.602410356346789 24
978.7124443399974 204.08926629757696 500
779.9511915215039 364.6566449080555 731
923.1833148306796 232.61000913684626 942
179.0069859127319 858.0802144051897 776
706.0618452329846 722.1029862580131 645
394.53147217062326 424.76023167628665 951
452.28808354219063 513.5265871079304 700
735.2426097589945 578.5299557323247 373
628.1461693797806 703.7576213414167 979
501.1332264606593 261.94903853524653 707
777.0617937035466 161.1695136147191 802
688.6912549288043 229.53137476419838 245
633.364550298069 884.8821157214405 685
826.4670249025139 496.38138855224634 319
66.57329601074046 479.42324452957894 216
127.98476490566469 514.9472279050196 835
95.5235084729077 955.2196381865886 731
324.96835907659505 268.31587921399336 52
464.0207939740888 618.8841280203416 288
366.1686024890142 958.4698625688983 209
817.4040680775847 501.60062684689024 691
446.7238823157124 142.50403843512828 810
177.87528993583857 144.04970220149337 378
110.50417915794442 604.8817148958526 840
33.96027944864532 242.48010523856735 934
964.9741362555714 191.84048877822636 951
479.1040663497128 807.8476470676419 61
798.8864335391975 51.69212242448151 142
984.4740679961212 675.2660799003244 779
662.7279542725862 45.934095076376245 947
45.968017034422324 686.0318074084248 725
645.5352198775099 275.46251613477637 931
48.81259005017957 920.5636382922459 921
508.6076428787223 627.2312169722616 163
772.8696580378535 431.34160020226267 201
149.01152893759772 171.41855094532954 192
102.94086945257341 776.7557769755222 151
822.385898773661 890.7890009780425 992
687.1446000395348 210.28284987913338 123
206.9867146212393 191.3870931468673 313
632.9685293929662 736.700430822455 359
10.519329434395598 439.21190777187525 523
134.7728954192088 287.25259949545546 290
18.988020587080932 554.9769276627243 696
180.44444504864143 927.3278284356061 64
22.608178785562096 937.0783831292392 688
190.4005784747811 361.1497574361515 562
944.9450224458019 669.1928522610439 81
576.4680342348854 572.1539836205199 882
10.647360583350473 523.6897857559845 647
121.7046596832928 340.3240316163294 63
566.4961367543565 257.33497061918666 307
764.3044260306052 411.31077005690884 1
648.8292251263067 104.85817237577876 103
33.94687744742863 86.19461971884424 283
124.67370795666932 741.4505735951319 742
209.26635026420604 246.03392978165894 188
681.9189230889607 18.670712136147127 215
865.5133229337306 212.7388124131393 562
378.2014941693963 557.3699357300574 100
690.7618831645148 685.6786698196846 994
485.2461247116329 736.2000050659876 220
167.69914855003998 358.8861134496829 787
801.6758462369124 709.0450413019853 794
252.93707143388923 774.4909858595885 451
392.6797781496495 781.2882636314423 49
502.15299426774885 719.6083938371985 512
40.13137428026825 514.8057180795586 330
931.7067562600854 174.35395934028975 515
146.75929503796513 543.5277119485958 73
889.7706143427449 271.6328574953708 159
762.8265259217762 134.07272379832648 186
915.5205830217333 332.8259698813988 53
6.325200169750467 335.8897966233929 950
89.60516948615293 623.1067718003644 645
209.93307549165618 222.0963607746824 196
219.78886906764393 567.8563080668076 742
534.8220657266136 557.1850270192789 814
774.5070003105603 907.6390459060184 394
75.15992280056216 782.0997558548715 882
134.8757504359248 330.36271882232984 584
990.1489848874703 299.23765452603425 818
42.04376541045063 40.2911297560461 434
584.1440095881978 205.4177971880381 813
282.55350106108625 985.4102202345084 489
658.1317529665846 972.1577581849875 589
126.33942205426396 536.2609066690718 197
322.7309038178083 178.8406702634976 64
935.9101315360416 46.63473204537516 66
642.9440648092736 373.1412060583882 644
761.8629191121463 244.9060397377255 537
86.55614110531707 739.7331892317561 96
2.7066378999593965 760.2547628757992 154
858.1967555773016 798.123716619161 125
544.8476769899927 564.6307143150487 280
225.153271509666 655.0487684438024 108
66.62092805061515 382.4780827422478 43
129.41506518419587 886.7788929074447 661
830.6284808972179 228.39975648355826 128
782.0670427974394 588.0112680765524 693
826.0068447183373 845.5211576969971 133
869.877997411934 879.0530408692129 988
652.6999061466112 677.9997188990976 68
724.02671939714 300.2439397105581 727
732.5245829597542 169.8889013021133 441
541.5325449770833 575.2306802646524 940
338.3649085211764 968.9653216647351 540
574.7279217297315 312.04781244428625 310
465.15566474068635 940.0426714170812 659
754.5184957564146 360.26885396833063 381
476.9985856224488 506.5310323935636 899
671.2457811854484 635.3770613344424 519
948.3493348841952 626.8283452420383 703
350.23624399925666 565.5589889071714 319
348.4994576394198 824.0723480697685 23
259.72233225958774 327.1740669429195 930
284.4614411438027 391.3576671762589 930
695.7834809725647 967.3432055660353 382
410.28184795834176 953.0079276902653 509
674.937574304766 7.789075866463602 939
943.9476730667596 68.59446110279154 363
364.16405632593916 887.5785034904968 904
507.16312349276706 433.3312374767808 477
799.672905282183 821.1234133794605 943
645.6969814190826 937.3887543764174 301
558.9002606708369 815.5699704767409 205
725.6840422885792 258.61514711478964 454
769.6518329247107 805.6658511625001 386
518.3487618773976 830.6458091796254 331
475.4356826777428 407.90508768046817 461
600.2494282501265 833.8880019281006 428
50.50548357768403 700.0566972076459 767
682.7151156434445 490.695715468194 72
567.4391136667441 276.6989694981037 854
984.4126644517776 827.9643441841176 187
717.5210567309928 544.1679580249062 358
742.0710090181866 503.58700071128123 916
928.8976844604755 73.42249739754448 57
724.9879771198092 226.79462910441706 444
63.094362489862554 43.035513938307176 348
741.7047539082187 883.2328385384708 492
843.1361615163879 976.9344532691829 385
616.433438716908 320.22257167377177 854
694.0953823861859 91.44861380189717 733
456.6509315232966 667.0568637725538 520
595.8051227961387 260.12676737788297 367
267.42434793131855 378.78101228623973 727
737.7939502879015 694.109789734321 710
38.356295124899574 157.4609454935978 297
452.4456197155238 443.00562515532073 717
621.0656843513231 340.603084656124 969
883.4251678220667 171.81275201784973 209
143.50481480403064 461.17682866266364 341
357.0700500289224 762.1894460088979 496
446.0017894284074 708.6860171062517 742
456.6441660161904 734.5955085033238 639
426.1867674944071 156.10117043301562 170
816.9446501320116 472.04954741574323 208
310.1168961682255 353.5085655160879 413
8.320321941161058 537.7962607738415 101
732.1856639535126 879.372427378875 433
554.5792844121869 692.7628630378493 401
795.0613832216383 799.1279049913728 610
721.2444848887635 233.0891369089526 625
712.099055988964 518.0940404179297 369
781.7254019390373 582.9474710522088 482
801.8602188855937 211.2562526478785 450
595.2918584702355 403.8196103570385 202
188.6134091973185 342.2401141455208 831
74.67531763499147 92.62201148871473 549
169.69387432663441 360.103677283627 827
998.3818547659928 641.183152295755 114
833.2633778872109 899.0838885417777 113
813.6497317457876 993.5653481960386 708
961.7523322721879 748.6518252225928 317
625.4968590615517 100.32320092624458 615
841.3168097692333 470.9878496173139 409
204.35728427136658 155.80800555266362 364
617.3323052780516 104.31916828113275 898
867.1258008339496 634.3099392625538 105
405.03812801439676 748.2181861389729 238
399.20608794113997 853.2602080364277 684
452.2845710411482 258.5842499974319 344
845.4590394398455 922.1686803702153 111
485.7546049142555 148.3536267723915 825
980.3041379000107 986.7098602566641 76
395.8353447167505 656.5502326701292 750
811.8493972137485 400.26078558610556 942
358.7473580466891 515.4315381737857 347
63.07976875495347 740.3650277319858 775
771.631272156664 296.42749424789093 214
624.3111988376969 912.3161567804325 743
93.64046495066336 487.7554102159587 316
659.1029854072473 902.4907519220303 276
501.3647418079245 750.7942488671783 629
873.0819198829817 349.8109268479771 575
239.22706960047725 362.14990808328315 71
436.0070325390676 587.2950016927591 166
599.7422463662792 714.140777149759 702
9.449541732910461 407.6334999405141 268
934.441237689174 478.47548745677204 330
836.7866516504379 342.4724228494358 936
967.1009190418887 70.82334095993059 627
992.0079457863454 920.1410001233891 202
160.88301118115288 939.9277604491759 256
51.48906870803416 821.0687603440637 5
919.4714212197171 613.4921066496186 503
477.19326840899976 185.8267466497252 397
815.1249469612146 101.32114276531634 441
669.0732598386785 917.922094319889 644
830.8546229881077 759.810980253686 992
414.2412361299671 107.59693759673783 359
4.090852171575898 813.638866881049 765
836.6784353405465 773.625793643579 523
261.45101747866573 666.4537176203878 661
46.80065033160885 39.01673920787074 39
975.1178439728595 302.94029084474107 401
526.7845092565842 653.8706790534642 452
50.98812599232549 626.6867715451427 596
127.21671323264272 526.2336596279594 393
536.123573889566 742.9739170875846 681
813.8212157219374 462.871590546302 354
968.9213985222109 433.92945332455446 431
472.8552296635201 220.3581401570013 80
690.9712610904749 843.6892238607073 360
544.7432095898989 993.4386432517324 646
232.48682231895944 611.7030207715857 277
483.6072591746813 386.37417422293277 926
339.46760118878825 521.4622611718285 255
703.8714555966486 143.49987522498776 981
322.4832462721388 744.0264407831054 30
835.7522589480421 34.6924090395625 424
55.48097798157159 508.2068424394857 562
693.037643589188 673.9753658903918 11
334.1294997606904 260.53645540569283 827
58.7380268765485 194.36064574340327 46
565.7307358807409 620.6394030137934 983
369.90690205233335 963.9629290837811 158
765.4196287771532 64.33399826752661 389
295.234023439556 952.0783163560683 22
735.3397310710055 336.7590110332619 179
532.9689474356668 11.764153278019718 570
610.71272135517 694.3055166193491 661
788.8139155582573 304.43301911925823 802
105.12379506712489 496.44586305387264 390
152.7934725721225 840.5253307060975 122
585.7257301250294 787.3142925254242 750
149.33373599468715 558.106730592662 656
186.21509417050365 472.97278103647557 871
376.4428444415119 299.59905231605086 667
323.3893782162182 210.18236029684246 817
672.660369205066 31.764625865861042 847
555.9983247887122 847.2312505422493 228
739.2829213471762 103.62972102543466 306
262.50662561640604 714.5034580585758 572
894.1501405828119 561.5074516211009 474
122.62031255943839 946.797315806629 900
852.1466547099592 854.3719064514041 661
197.54218817329604 167.90415425703364 556
880.0755991321296 10.092098026574403 26
354.5054459472281 37.48489186256887 519
272.9449357103528 578.1587035228878 204
219.25260182098194 311.00822317745934 521
7.628882406804038 2.452269784868788 653
547.2727859702557 936.328259199309 172
905.4462525763294 379.4475522143306 597
263.0268099482419 468.5245969272777 430
96.09286377680415 653.1674830696858 970
701.4457062039775 788.0305130796022 370
549.4018751695828 158.06098363591815 375
771.356952710627 537.847803203344 447
279.728851116492 49.999473462306156 132
525.1976334511261 272.42495154183877 451
99.06918001567988 352.6537566722151 122
482.5676877359807 441.232111425962 571
640.0155586616028 887.2811780656838 723
175.1514420125969 944.7729295824988 653
597.168932251591 843.4887842108636 739
807.178024798863 48.87193336967077 438
49.3611242143025 482.68785218813304 176
497.77551497366204 513.8492549074418 256
200.5186542862699 712.8141412529992 517
196.65761023452166 480.0679288839393 14
991.9072371202989 871.8067294059739 513
115.10360369337569 87.93779376699362 960
192.12586191740144 910.4713163856135 460
589.4118852406965 773.1876236776806 677
324.7520245470761 164.4919028886882 864
581.9636160755715 625.6980983162731 450
578.855978221405 93.66212940850272 512
753.0978392279461 117.48969651379603 521
194.58940053448993 922.9663642103463 43
778.2408824312123 323.45424286473866 496
355.5077046993904 335.537627178898 341
211.5628274657375 54.83622695651103 363
252.32847445070428 459.59421443741286 326
211.4511588087299 511.92899776415214 597
357.21599144883675 74.21418706301452 236
943.7026726452482 242.3767137833127 652
236.00490910954164 447.9055480436577 412
960.9474990267565 382.6718503258948 719
482.5001853226303 854.6582926364559 183
816.9730701075134 377.19855128606207 409
564.8109700232302 364.7120956245614 178
780.4423645843688 621.4552936578569 945
107.30635472766204 290.9412266395692 39
542.2768382932811 944.2275200966745 133
683.4715244543283 5.261966997934242 399
686.8845695600019 948.1910334029888 232
963.4154592986263 917.226621092047 387
835.1491640983055 254.36107347181968 662
642.6048454489578 803.4787317304219 766
31.106271639019468 964.4545739280412 43
686.6573403747827 570.3253885878648 35
826.4767330754827 348.6948632461946 484
59.64212081231135 159.03238519312202 163
156.8577059874179 828.9837668048933 185
526.894261719294 285.84807208541775 302
38.664474228770175 413.51486139067083 489
261.64100266965096 757.9897004780948 914
511.15746143769405 133.3841724171464 679
290.4720951325485 692.7702110613541 435
521.3316201682949 820.6421202097912 503
811.523521430623 324.51334500176563 675
149.05501981631565 804.5890564202856 362
100.95968763161977 201.66922996261837 976
452.2616166846786 808.840639690176 803
242.3346571423235 944.9311097289021 437
617.6298474074332 433.68250068347857 458
444.12969200137644 350.63087809685567 124
341.5228353120448 547.4439392464963 943
840.7871429302603 411.99421773573187 388
608.9027635913903 439.1105329193898 62
131.7959022883366 873.3165969264332 75
21.52852753554746 388.57149429316416 79
170.2136570999272 538.3339339599421 302
128.0093164165973 202.5350919646256 902
929.4846364682587 536.250761864217 340
677.9468616608511 614.3471761196262 994
135.28803340614138 619.6879840478044 33
498.0566305821844 97.91094586838045 902
106.7336263006765 173.07537629731405 829
915.193222021292 114.44425785757717 364
214.30049681167716 48.797762678829734 643
242.50411225252643 735.8496283607485 243
90.90534922207239 137.20616159326272 399
591.5428737707317 191.814487116046 240
955.3080591654597 467.1323373421445 854
672.2229072285244 353.7953287893025 268
203.10695379207587 6.136104871853343 967
623.4268157700184 749.1728923732621 268
749.6726606011648 545.9433944882035 993
266.6800450682526 261.46884674687385 755
244.55196746044405 25.309790607639382 280
427.1193515196007 677.8981694823958 345
240.7966720376603 618.281425373086 393
212.9698270273771 380.04947714347526 714
177.5757095037772 699.8375527241401 804
852.3920760881663 138.35104238607033 582
273.60704172123275 49.19399560618209 331
198.05813050100608 570.4369651257771 36
283.63774533453625 420.65652720748614 786
975.3325763109508 92.25492411528258 928
713.1319956228958 392.85838363946266 234
667.4384683142656 56.36718039418154 251
425.8565041403849 54.96535322291651 561
593.0526437099754 687.4654635671537 93
710.5565809466374 758.0018997263401 126
798.2820772289698 474.2702209514551 977
993.4824931075542 983.0294679629712 72
547.5119744858614 898.7042086814283 739
879.703659086496 895.6438505728083 207
811.5460732487919 711.2294740850847 263
715.863798858609 9.598432668444069 825
458.1177253859511 665.0460111535235 84
908.9055786289217 916.5344426188675 852
463.54171178846116 371.96246087775063 120
776.2152661825859 190.55901642753503 940
251.87614513335288 167.15989995855486 84
562.1511411128197 255.5555809482658 217
227.67097206608221 128.17092606438007 526
476.78055924371756 56.80002027897224 598
45.85269823465366 179.05669534837355 447
294.9321940268074 115.57862810557229 563
755.0803453311757 947.7025842670878 759
434.7966649697579 944.3852305123671 216
944.0826595469343 650.2676660568618 840
945.7951533250184 394.6495398146234 238
671.3304983289206 410.1436075392443 711
988.0436023930342 62.66843046996029 178
428.51233960270395 489.4252735700126 810
540.8702279134587 448.2337073670102 802
129.61513593323448 125.13723388846054 10
890.1882350372885 276.76285442219495 745
202.9631511117398 666.8739963378973 529
118.22691212311875 14.636488506484579 373
112.09840152377681 999.7500005755342 382
966.1348260131946 783.0015768151105 185
597.4423953044763 299.43246691652746 759
599.5971919772816 512.9700851946724 726
748.6111923666078 474.3663914177424 397
926.8782075273587 316.6949078755185 28
102.10674271690456 629.1468896941684 302
112.88817122928418 860.6975687759756 804
230.5058629242559 915.2785083534234 562
233.99315356294804 738.9823504303083 451
181.06000674312162 650.3441683557547 883
535.1742861201529 810.2022203591358 731
874.7970210064556 934.3179523339232 878
727.5034007837974 621.2822790899945 312
444.5939746231786 442.50666088587076 310
834.2769061911056 67.14581979812317 758
532.0388679876032 673.3541635251507 797
381.9988925262235 581.3893699264747 219
358.08067853700953 467.91755713451266 241
765.9914659295802 317.3038704355847 180
424.0651712506287 582.2053298908934 938
634.9893729557974 148.08973354534294 718
398.34490289744883 482.5810818480324 867
491.5780091535874 92.15707122329198 960
583.516238013415 272.5005802991199 659
206.66336513755533 509.47221959695133 324
466.08493354193183 517.1955578301637 75
691.8045798504786 492.7398033710149 633
278.3576492178607 412.17870426616054 637
809.2816106239595 124.86081554383843 400
674.6210685949384 273.0014934272601 607
422.1905086534622 980.6871495816804 443
374.8977000896586 29.51593066139102 163
343.17031212883796 400.1395707861913 517
47.3643792682853 692.3261505281937 608
654.7258048401258 506.9663671073551 707
708.3115422736907 932.0550787852105 937
502.44169208400183 826.7714798264693 643
124.47667338566704 935.7612859394021 357
413.32150222656725 20.510310844434 499
831.3337559875835 546.204379455947 683
52.61915423719288 219.16163453801684 706
64.17521206531573 345.4654658468443 481
2.3220887998868234 150.5380755806237 603
40.49036887936841 865.2134509194201 64
210.06739449301602 697.2653297203893 287
217.6804421525179 764.1329754035455 998
885.2208303742075 649.0445990318445 642
908.2265134944267 454.7884533519877 98
918.1944702299866 270.62170501990823 418
923.65806055289 673.792660839008 638
388.20648434371407 112.67105235198571 713
239.7261204606178 120.50709667878301 446
134.24252880556853 526.1164888876813 713
162.10382228231012 174.71446966795511 920
426.3929839828201 812.125233843722 559
282.8670154382046 75.95129492812059 51
229.99539310822493 888.4617346345641 125
991.8881139988915 744.4956521813453 36
527.6778169051212 872.1953865170715 280
790.0818649818643 909.2540293113593 768
32.22827086927404 233.4886334197054 670
166.8654320350925 68.81277385046502 24
429.54102020667375 727.966392016709 371
62.251270206619246 158.21956566020623 793
208.98255865274817 246.61644025206397 656
983.7833226025089 45.09600852722306 93
165.74227747960703 239.50541889101908 969
858.6602907939659 959.4694798970246 565
346.913589862199 432.15032668124974 495
629.2405787226265 945.2427602232128 11
853.2072437085529 309.19120607167827 581
2.5557154624595846 342.63034879276546 432
852.4244300858462 794.419742263057 421
535.0111317731219 861.4968200879229 5
640.445024773984 966.8066193516877 139
38.68932549156756 354.6686040052696 264
812.6420317981351 991.4603847846998 383
388.98432862772705 996.1245560242946 155
890.0123312489596 703.1877111086525 119
949.6691935188874 435.7123926770606 557
119.45364145094383 146.87513168564814 493
885.502422845736 716.8091042715973 578
580.1979757845373 527.7703532355548 661
583.8325677495033 826.6406882020311 730
262.55201038054986 275.8655553986562 263
886.4921701831274 343.40153464324766 74
151.49801285195397 800.2627318102589 676
481.7211783993237 570.4322013371103 492
611.607076228633 983.3687591877472 835
631.3909621029582 978.9283337683734 656
482.9709718864138 442.6444320294568 253
694.9409916493925 641.6286448855969 453
984.3500183987545 518.803139660396 755
429.6020435239165 143.8360562775731 78
115.56978092055704 116.46564795372637 267
323.318684912553 85.69492566072768 171
706.0887724614458 784.1561964859048 335
82.38114909340844 416.2742238276039 352
494.6477932790565 167.57442255004162 650
725.6502710898176 828.6003678799021 283
913.2454501708816 52.67905101268333 644
726.7527266603752 927.5767650760899 651
501.41510268267143 9.985153700037497 490
258.40891285867195 205.26459246286356 121
754.1421823011837 663.9469192451375 300
85.2072468369024 235.0569928031363 522
274.63115287379236 748.1615650967957 243
831.9287365248297 971.4301080333265 235
248.0887213776376 619.0071609291099 347
594.7290046078351 85.41133618184793 387
721.8143002844776 927.566978333061 509
58.87833434603096 346.6792947261121 496
143.56075863862083 465.8467946911251 604
575.9896728526389 164.07169613431782 119
230.169638032937 936.4005929034306 143
996.4601653640312 873.6712878121398 901
231.35175496679162 898.5023950488024 787
405.6783352960179 597.4838763996203 587
297.2169500932028 885.2104507987085 21
482.15778350778413 944.3016550438166 236
436.03818065928147 986.3114646625097 277
699.799038374761 272.06676181106627 772
239.62072036025893 386.1553685605468 897
560.5793156141727 118.26818649036119 33
359.6181015866821 679.8078578559231 114
952.9273114043034 723.5419871173998 537
527.731879089688 459.8602756497143 316
556.4686477726809 966.6081424275932 386
227.5648965418101 537.7665707845456 409
64.02028449691177 816.8835622673143 318
576.8787680130065 377.1723769823796 119
676.1957323842117 585.7194812500696 970
900.2076023017344 636.4026515358021 3
894.7425392144783 331.7994358139095 181
390.4741105058739 684.6499591386031 211
304.05290718237086 62.13292594843567 915
99.33944624151624 767.650694481698 50
303.92568663051344 564.7378764304059 635
824.6057238183594 562.2360411867135 377
627.2773261040193 280.51029406329417 466
579.242678982836 618.1386741948292 14
892.3715216834622 108.69173609030757 312
543.1217302697506 499.3711799545384 456
401.38942048739625 15.29436157615005 136
958.4414082538613 371.683455061512 164
489.0796192517213 612.7916840787408 184
802.2093814578169 758.2804409955024 263
486.80872349419025 1.1629683868955576 164
495.02164463911515 108.57771173312403 335
295.75626399289246 134.79910053352094 762
407.63500091985384 355.32220438539844 323
670.5739973560434 975.1466687501228 282
968.7071390879627 926.4032961936373 275
415.01469506936974 363.30314934038444 146
882.0276117740706 870.7249430138237 648
55.7892238473936 311.46810461629684 146
66.79963307499503 907.901003544629 683
966.7367165703548 155.40256145998143 260
469.42837392857575 186.88828381419643 570
607.9768728838593 699.0994735130943 263
559.0486444208722 426.23925827271694 244
950.3768710428341 441.63736712134914 828
205.36041547719563 982.8717825336 260
930.9095044360195 867.4449365710558 67
221.21945633740137 724.9795277260067 167
892.0747461038002 104.10201210634796 727
790.830020815598 413.40564123328727 310
33.028352122765 103.60208418378991 644
610.0023986530076 532.0232636142109 935
784.6020849082818 216.36706735569223 868
258.56905473820956 280.6845502579807 186
212.24050024242536 223.79313576733927 456
154.60396867918902 274.1726576275029 941
105.4632837757501 857.0382555825199 891
153.5897655626598 533.5585314586879 80
530.2168077352034 708.8329104554335 185
524.9541049636101 122.06397056544616 644
324.05404013371765 117.14831736739751 261
973.8852070761866 82.82222923422655 499
387.760540529167 607.4685575127502 886
504.9501085671166 577.5297463457698 939
824.5356925280639 20.82888484623835 849
717.2637142161448 918.4752779904609 183
402.4013332280939 387.41061741893515 404
154.47643948320732 647.3133004639471 485
85.75498827856242 29.834484401922378 733
401.92066631814026 920.3264096850509 626
561.7973088061392 770.3495949494027 336
751.7567871640969 819.6180401073066 897
3.706012430964023 838.1052908334096 538
767.0595023276659 875.5569095397104 112
665.7609817040172 174.35578487987524 221
177.26860172424276 128.82315681810763 454
483.1522515200828 256.1373806290738 390
358.2639801941483 815.1591514140875 495
616.8709810999986 414.00609534624897 623
102.450404898477 540.9654420179792 753
927.7885164263564 699.5775525199849 561
290.81366730358616 130.46240821665634 100
861.2206694279637 8.409617842618179 170
962.8737925735228 905.3870412407786 691
156.94175264880016 929.0537933814348 54
671.21694686508 117.54921837875554 268
48.24382267816274 534.2199780629043 538
789.1586793086974 613.9619011239286 942
451.8036239972234 834.9325048254223 487
929.2103051360609 943.2743686357236 867
938.3268610621036 476.18892854474683 605
864.7841248519953 254.54503734015898 950
915.2798988318923 347.81728157718527 651
859.595871123306 427.9204170180124 707
327.3245023726968 830.8069990063215 121
369.82399513403453 81.0720129210264 713
323.14286737593136 634.3849964687001 667
276.33394099388033 299.5731182400262 945
726.1414457731047 23.807287297210046 350
593.9040041170095 437.9939439457383 617
406.99277841558455 612.983409640801 469
40.369542611503384 879.4810140789843 527
147.35413827079736 423.4107222145792 460
302.9913730822229 645.1049185160861 42
566.4365415077776 679.6677599385275 378
236.51860694869552 164.54047368198488 983
931.7311818439596 283.67995168254913 791
509.8138984433345 576.2487734135068 16
661.8241635160598 579.7626727823352 591
676.0809179399413 632.5347786680903 180
382.7451727435088 850.876913019422 450
645.1323474388025 62.25644668034636 941
571.1168465491021 713.3888135358761 756
463.73500789788704 900.6933589671421 984
695.8950689135474 57.31148449302614 289
295.372829599158 784.5308397098578 102
73.79070188262837 484.54153884917184 98
765.0936817220202 366.67570702923666 67
111.3691841931016 521.8774093859352 50
672.9225809527226 993.5260192389555 259
306.4122554120611 669.2094586161556 551
410.78258531372745 277.6433340777582 538
846.5551028060361 516.9806616498795 385
45.36245928982685 604.6715651955545 81
880.0073665854194 220.61568374133088 767
0.8149059991860996 859.6691150684102 512
7.299219179899619 253.62470493473498 638
163.10620085203965 482.93544282841935 849
877.5448671215903 483.43611523669085 246
681.9443537692655 568.2139499866857 989
245.82570310902508 913.6462640115474 869
181.73563321944465 39.497543745648734 338
305.7993157569164 648.4969777805508 288
566.8994446663212 695.0586531114658 8
94.18119636990774 821.8266431951828 533
928.4701190410746 243.95112816188592 946
778.436083428024 825.4078752517141 150
900.9271214894798 430.26717504259193 793
533.7202222506419 637.8798770898374 510
212.42807265949338 654.2150088730209 995
38.8690717367931 411.9244092116057 928
154.0230718234803 931.7103924434333 643
878.390612446229 976.8376611876561 150
945.9299799039923 454.78298055135656 882
996.429154144782 802.0733188418403 53
948.810912451564 994.868440022738 42
490.08358282657827 310.4756510133667 53
377.18114403820033 160.91410652079173 173
177.5571507008067 453.89776549446225 479
110.69974513607794 716.7163615574937 149
492.94328718675615 721.9462483500646 245
326.21827690663076 974.7554100181366 625
443.21289252581073 624.5954129769099 722
521.657873596034 717.3091325520248 649
590.891622263553 566.9405034559273 564
33.817228265476395 476.2266092691685 369
937.8211039115173 479.2413176447129 519
512.1173231942872 361.93017871591246 280
193.924767314132 848.5051512688734 773
324.4849184667552 736.5732515900708 857
80.40853830548866 455.55922444493933 443
297.6450883351264 493.2064303242413 822
420.9724513255402 802.1375772552508 990
271.9706299230633 915.408381460844 738
429.05669657710285 210.98126261914595 4
945.4864060595687 567.5362346910582 684
443.9968623210893 442.79002625591255 366
79.78556470525166 990.5967890461436 660
131.46718268819114 618.8296912720192 559
333.4990265782255 579.0585481165789 52
511.68054423278454 805.0960989877658 163
70.67505000341868 489.6813914651443 720
179.89360959590596 805.2133714514752 874
16.969518004067872 363.5999953467762 406
956.1343510193642 408.25367095400975 478
76.88860151102273 266.1053653300268 658
435.25180803189824 987.3371661739733 993
763.6905171674356 321.8278148105549 363
649.7242014248186 586.8423826110962 387
261.0070092244877 295.68917716596576 995
590.4752228690488 343.8866231371873 613
197.5200354821791 171.3268298737477 691
49.02727176499333 446.31978985106025 719
419.41353836455966 135.77196287939785 584
369.0274824628005 713.6359000648577 413
153.62753283696284 93.98838933923004 421
928.1080531210159 603.0241313259792 14
760.8099223263598 684.582123733893 683
142.19453529203562 685.882137256451 735
751.2665660574316 260.8506465542385 841
858.3922428489606 826.1419009717662 405
552.510558258481 223.8317080236052 219
730.7014881685324 879.6263286491122 147
140.0071786154865 150.37350200156484 649
645.0899820445641 625.8818584225644 649
9.949069745595507 940.5429531337159 821
783.1185325561778 745.6276996978305 645
944.9639123841247 927.3210838645153 528
458.87211337343416 828.8365590329078 118
677.1678700556795 921.1148663317526 877
307.85553481015705 373.89876599365954 280
543.633655664451 839.3886423478983 496
143.68065699898446 591.6305690403278 343
192.2774020538035 627.3673812117535 445
56.47190645107369 753.4888913431541 760
817.4681231410387 604.6070444017381 323
604.2171723588942 361.5878987896357 149
567.5131117057932 776.9120377877438 384
464.509283282308 799.6920032471669 125
273.6562383552612 362.38209319840877 430
919.8178928482829 334.0833402331853 434
329.5755763375836 59.95791008929896 718
460.74432776827746 99.35426012584358 61
667.0594137947134 187.43967051715504 767
381.5464372337707 111.42217071845629 355
984.7091194099297 318.9157337767495 820
916.2772236678458 672.0089473964184 653
23.018405559559476 36.095360949022215 325
389.0456699083341 489.08558880917695 663
370.42718346340973 800.1641501492379 284
777.162381418426 373.3184102745467 312
906.954638293292 798.0485508085839 530
175.84815122707852 334.3468584922873 159
374.773354434944 869.068049111481 831
246.31855676202542 742.5023777346777 907
202.6891093438906 278.63731877957053 404
944.6047222506387 730.6301931053787 95
644.9176046813135 910.5124726938977 696
508.7843056196333 185.51682751962772 778
495.32022302719326 987.7317817273536 446
146.6694367649307 799.6104812927933 818
769.7069075520114 720.3608429342822 589
536.6209612066938 248.4205265151722 75
168.8868025731368 839.4907692714312 700
379.0575973073067 969.1963068293536 474
885.8380441473656 18.6799459536493 605
755.0358721044154 570.5418575956071 934
175.77657860502305 880.6018063886594 537
917.0397104852179 321.2424962774376 499
868.4514104161289 808.8038883106803 603
237.7040663631419 539.0127042825943 802
392.15680006761136 445.5529864737834 448
652.5737418962261 319.36656190615906 978
57.93101627107389 939.3069219252822 893
960.5431053268043 457.9953542948529 344
106.2640041455435 253.85706184656132 765
301.76442195777855 439.4427065688924 71
205.35155453434183 658.8551945347626 860
952.2870465772035 31.791895121285663 309
959.3767367074176 854.7830017460484 2
143.49060274761206 802.1045767057473 236
562.0429409786796 256.4468127192846 507
790.6065996567391 402.65024204549326 873
855.7475178762726 380.65113206178836 494
771.5274935472548 980.179461760821 688
353.6723849332815 875.4651585969634 890
681.4818907047372 125.90303189529773 115
387.87265569508753 964.8787534809198 95
866.1740390543835 615.4837641610056 762
622.6780183222247 4.8601313142091485 307
813.4346693151666 446.95685197994226 719
662.5819222418644 387.14699118743533 547
141.94135020786024 867.9589588896423 52
568.5583735294905 545.9948252545519 857
679.9595174144799 363.74203667065217 573
277.77751796384223 390.4325855334675 362
911.5880579210034 383.20965910902885 397
362.8744939641486 151.60877781577076 751
952.1512607231284 837.8832965298823 337
727.2963552652576 167.9365278436502 81
161.89973655795865 851.0412679693876 529
403.740684000075 616.7862337809677 914
464.720082836208 516.9080832761565 783
710.5690451021293 628.5946791473024 948
739.8974646032419 725.9249629349224 609
74.60366825386677 538.7864720546138 407
371.06530893679377 100.48897419503844 528
626.6191484060586 940.4725294844137 788
617.1680368695639 788.8084216622645 676
258.103335652907 983.3079301092829 127
737.0557592463381 405.09510325046347 345
642.4716472948745 155.58684265648182 994
954.3402578721046 564.5129298927682 76
943.2772366692703 252.0468331467477 755
555.8598122597131 861.8745419088034 64
822.3704559310233 478.439909788505 445
996.7031696723953 282.6081694792805 886
932.8002572203274 731.4501084366253 794
946.2973216734879 36.95515168013286 229
588.4460768399848 752.0239900093196 315
543.1680677103648 389.42635581404727 394
563.5389935947564 700.9915433471789 305
963.7604608854226 910.7272095273279 938
437.48924939927514 427.19920486863117 279
853.587663063161 913.1465571473508 401
375.24166271647874 170.59710943821938 617
243.57498975101345 191.21560552615136 155
19.368297344697805 17.292673070663177 503
877.0406418195777 519.4492634414136 896
461.92136983198907 970.5094027923548 968
346.10447556221936 447.19933901281985 247
517.5811102908025 153.17471820426343 384
370.2877263493065 642.5871124501276 773
663.4661843764541 349.1982101061322 88
74.81670509808292 878.0905426034062 667
949.8851914254172 165.717490463534 510
30.09638047756569 495.2634457847319 821
51.486974161748414 10.1578402068766 400
634.2596581267469 707.8825831926627 283
835.1042272715747 550.1255456369184 340
53.81623490412346 584.0520692697979 218
233.99624106521844 709.9713928119721 787
23.435835930372463 885.7150498851372 884
423.9716818251539 620.6504371111454 713
413.36689634144983 716.7563733293168 451
326.65622267944536 877.033074081868 258
882.6187272959037 492.1006549068608 802
597.5677220067122 547.7768592962474 134
406.34421596975403 947.4493006008504 571
900.3781762475874 811.5886737071653 659
676.1636841492027 900.9214308156098 916
93.19561445340408 104.62256410754178 453
621.2481105759504 459.7422574452302 684
818.1565835347634 636.5845870513831 751
220.5868398650539 125.44132305597422 826
197.93282065011786 899.7871947315272 656
650.7356552942348 747.9008856572062 916
610.6396578971396 423.4337560856859 968
746.3639681946474 451.0662398673536 175
80.47628190716483 468.1056766005033 626
587.9228094070666 451.92450243202643 606
124.23910200462952 440.90161002692383 397
284.81609271413066 250.57222405547896 1
710.1139087051688 721.4022021550578 586
905.3665449287913 133.60885805551203 248
949.2533574243059 194.5396274730693 951
210.0774674120428 225.31853162666437 571
100.56225873497604 20.574260017712454 823
672.9996059901672 450.63020082204474 484
821.9163105618893 122.44720943688125 114
162.7743778391787 402.45968967865895 188
720.9936435296007 202.4639282400684 669
322.82600006369654 329.3151819506702 594
450.7064175303557 59.382604680678355 544
59.1884913337869 88.33124121409719 533
730.4108859793213 554.5304561956157 150
580.8790072248513 248.43515183026886 643
819.9554957881868 585.8772612063196 433
822.363872887421 574.7724941116844 324
768.8614856248354 680.8207201716436 87
592.2570989744045 664.2692735032726 564
324.7106245418688 551.7907969248105 525
209.42241753106939 386.1789852723243 508
580.414683434872 563.9065664786355 9
461.5773444389525 942.1236982757766 830
1.8611907718167897 410.2047003382111 437
411.92116676566627 335.23090745363106 393
933.0186801185059 938.3525241210467 716
886.7680015666366 137.42192487315185 121
596.9774953374288 895.2801507524297 50
110.99508180212847 466.21638700853754 943
58.50797770370697 401.8608355727763 945
261.0223131262214 231.18002699595496 87
