657.982563205778 247.00833585604343 677
725.4768301900976 697.8509130176075 9
298.07634384041313 620.2323163145193 636
909.1251085745618 615.1427135110962 880
563.3345975579919 426.56310137792195 893
913.2903668390347 308.6162474825167 852
530.2295310697992 224.87338457726102 653
160.7546843783607 728.0021398087945 806
796.881864415667 655.1372210145063 774
540.9498545109263 426.87254537992493 282
462.0091967741389 508.92513285961184 398
746.330196729565 529.999604977662 876
848.0426121701262 493.90000203341964 819
374.3957396517079 873.1473348463135 98
908.7697710035585 324.38908497270603 619
384.23903357971614 295.8231014998023 390
452.38460594053976 389.4236383708111 255
338.2693658566628 462.6939326901642 946
904.0033274577094 358.7835363566787 683
715.4031429074078 244.69640330318177 514
920.6445275488361 397.7499406493664 857
146.01734553017408 952.1715088458081 734
861.2273320802803 812.7248680565342 404
784.4199645635719 88.20879362932288 241
20.722474941639703 812.9980830895514 656
541.4110836086045 64.64746866379923 98
83.73408100190838 666.187994631081 638
629.7476848148423 407.625479615304 759
536.3358046667083 922.4441096295825 623
967.5558207613024 745.1966066580832 693
306.72465599052623 273.0544304547239 936
772.9001037294905 804.5451035215096 364
35.448453619022935 108.49009993853032 575
236.0762552841995 857.6663572650916 780
684.1215799026883 226.46011036472336 880
314.0211852361352 497.9700387332713 963
228.59060901028684 116.9783170734906 692
242.39607250620787 380.7684135365126 774
391.505971354265 753.2344328584265 296
858.374634118329 938.4661464142815 93
155.83652494819665 681.7377974302505 703
280.39879915393817 458.5956889459547 493
674.8509031782784 78.70636255997954 854
868.5242800212943 525.8507746517536 791
468.7896186269639 911.5053927968447 83
4.269768989053624 411.20214511986376 324
392.94436976084023 715.2743367699832 135
656.0203782010774 689.2584130622237 275
32.35224586141694 622.8827812117717 530
919.4633869271224 37.47523991579094 618
373.6758748137613 886.4250858953205 910
157.65561868585564 175.10047062378976 351
575.2536887169439 781.1729049000081 757
13.728701144967047 660.8684242835243 89
960.8910756039654 898.3282613128378 362
411.3561920061599 142.52170072207647 299
967.2002940483908 215.65767043045858 539
349.1979560550499 279.4075813623434 501
355.7499780602711 351.2520900958407 190
325.8700798961798 110.04025000003381 185
417.2019714983003 584.6357225563966 435
222.91455578995422 541.6106125993424 540
49.51286045698555 268.61205331753257 517
984.2695202885559 315.9735045118377 759
12.630261079296545 22.751685737742775 53
63.814145491737584 48.88378440481311 687
8.568153363673003 722.2160288375151 567
817.0016510272948 335.70959505085483 721
112.31073505128575 387.5993277000597 636
798.7517009543999 169.83473036966657 981
825.8073022388742 100.10591536530367 641
440.31527764837887 487.8644023131897 590
781.2519248983248 425.2741005962045 587
968.0476421851315 103.617571374644 570
648.0147543316014 242.5074946255965 556
316.75349248630647 869.5453272968768 777
110.83244100139622 99.33685619520227 647
274.3720219983319 696.9715303631355 735
746.361020114804 457.7723871111985 772
721.766926936869 963.4383710027191 664
317.27317831209143 442.2271641585398 468
679.2830289551688 543.096887466162 297
906.2046186973065 558.6558481586433 694
769.1300810527044 902.4506893498963 363
151.07798392814442 101.3329002467146 186
522.6724081575168 271.10699762351607 466
549.3624896399683 639.5932296944895 325
823.1230054253056 858.25400595944 153
707.0625813287403 361.5167300507387 436
114.28134397754508 806.710277826735 698
389.07313838536083 398.7721424647078 929
415.5785281562476 878.7854660721935 714
541.2576641494093 441.16228391714117 926
849.6012799533464 83.28007851664132 867
161.2890188801368 748.1282426609894 310
682.0069901602808 402.6212815917742 967
448.1026285038364 508.02749691345963 548
686.5306044174577 991.0980017806609 471
383.4179178757139 36.78950394178637 449
4.735648482246169 929.5872918138147 717
637.5029688129189 616.0835646953568 665
737.0645227228223 145.371537274522 330
586.258707995707 60.681720662197236 422
239.158940517159 190.05269110419354 342
132.92639316736143 574.2295463239168 76
955.1493084612787 935.841882237273 351
95.61322954316887 473.58336706672696 691
223.48455429219672 994.7691316403061 224
725.8657025679336 645.3279005090205 395
487.5280666685127 434.4922731221975 564
764.9340217646244 351.38723710054506 289
859.2603409957559 415.12631386756425 553
535.754323123483 169.22358752641642 273
71.74235446778998 821.4714012582507 587
29.36183359576894 931.2815571594705 84
762.3612727403117 457.17344992345966 765
597.7230210796969 314.77492848321697 206
735.2400160121929 591.680403048383 512
629.060568706135 682.8754530540177 663
825.5038504077118 547.1826448200426 186
740.0806690956078 271.14010717966283 799
833.8282290756608 772.2170630150514 784
626.81264451071 22.53862609307078 820
999.7888755182956 280.4794631077482 530
184.66467790395103 594.882158712764 134
518.1882675969474 953.4725690636025 782
863.7762496693571 998.655993127934 756
556.3636012002913 492.89167165004477 610
61.302259534858905 504.46982654537254 85
249.26722827679103 843.9754164175781 516
446.44691115887605 34.25904133187652 163
518.4665999530015 771.3969455495696 329
693.1672404381146 824.0346790867093 78
457.3014332976006 769.0901985122986 825
786.0868734019326 102.06075090326571 469
62.319335959190255 921.8814960642812 464
86.32896018852176 138.0010081678179 245
150.14152243558942 522.9143760654501 216
218.7100635539554 608.6078046960806 418
871.6266708785572 299.5623149227728 840
620.8260681427973 406.991878179834 882
801.4801642118581 789.2744955974517 443
385.3785060784325 121.58823564489497 686
892.6867067485358 955.7419319976998 506
503.9269229616766 938.3475272465223 819
524.7056467310913 423.6039806442204 741
1.5412152557436887 324.4427785082703 291
271.3682251586128 651.2046195156549 458
118.25330647108979 802.8628096543156 726
208.4202332062477 895.6369058913824 21
935.97010633974 259.8662584968171 914
842.9357898476234 456.46459391388504 57
401.1024896887416 858.6309525436095 121
505.98582563136716 857.6953072283833 146
511.1250922318327 981.8620463940576 28
50.429420090464916 660.0453486599949 376
212.08030071531257 212.9866923047149 932
473.85579624755803 268.3680877597315 778
572.7501386678687 988.733332946399 580
514.0598247792243 0.6764457709509397 447
740.3723934462643 556.5529019378889 181
89.40828862493899 400.6084050674111 491
966.745710193102 119.64638047330445 843
985.8059695783146 969.4542705468041 759
913.3689767534601 883.7697146087918 564
811.4513085302973 873.9420437709455 908
345.3340939238794 92.27053880813807 705
561.6267141381092 179.75366297062945 591
375.0300165298641 522.80193934722 198
27.978697717102484 377.80151306827815 544
213.24341766108924 678.979962003735 870
3.601109178649975 416.46798887213697 17
555.098138157843 634.9877471985839 908
346.94442695183005 760.8919110173433 704
445.0502830480081 297.68601303216377 543
239.0497998556772 124.42631452549047 158
456.9413374758139 822.416302964228 417
910.6958282585057 861.7471526971083 407
808.9372433644347 708.4018167554008 396
337.2533765480263 7.728897730652551 402
225.6690826293618 246.6141240613966 307
668.7506529302538 453.9847601635709 94
186.83790599204764 465.4724788996882 736
998.983359897074 746.3917420826159 111
893.400332350775 967.5104535451968 166
950.1535419026604 572.8908468801927 321
281.1408294946488 591.3380291115437 984
109.70591831022381 738.2395725660745 493
852.1337630959966 884.30512328027 512
67.9713326831578 325.0716246938079 17
888.7507708976 532.0884240167458 589
939.0413864593156 965.1490195638164 788
224.5245903620213 211.74873413243512 904
466.6399747123827 326.18396421604314 367
197.38399326825095 497.54516875793007 285
581.2786934740149 830.4389467121014 628
689.6457370265173 82.5762774428117 907
263.93856939768443 224.23989161937996 147
351.5180824620214 965.4077195818168 779
412.003849556676 706.2772646796668 699
501.3732476587869 579.5583072028145 957
78.05760898195135 483.69738730491906 896
250.1966406495104 700.5769213473878 11
22.199180997843683 988.830090625027 549
716.4219926448123 213.48807886874343 291
674.5251379733941 708.6861140637513 706
567.1460203633194 93.05457546937545 54
892.0120683367173 761.2752733034245 772
204.9395243493778 284.7879122581246 749
379.07489761968395 1.4994661028304712 967
516.9879125291552 344.288428434131 515
700.1161107271638 502.14206096784073 779
366.78654123883626 886.7868437990111 354
665.7733819861102 426.3141643924571 9
13.561997217630184 937.2709173077873 93
216.76418422798437 432.7444718082749 80
258.6347402223282 951.9979593198108 835
638.2402714368028 816.3787849990425 920
341.67304823302834 229.28175076193324 758
949.1773199490224 190.7603752401742 235
530.2205329190364 973.1409970459674 218
343.71947808828264 3.9573244639765637 912
590.664866602862 617.5771841909104 464
792.7302970696675 203.19428021305686 251
96.03249853169682 578.7630093502327 357
114.56811664216727 294.6650466494691 422
768.5950866534413 696.0131161178673 600
399.0419415730313 725.0464515406952 331
585.8747689112522 949.0774826725487 184
728.0184335671206 129.2830062592183 786
687.6832914845802 957.1467750123852 237
761.8017518990016 759.5606353721555 349
641.0081223927058 433.17662442959295 224
50.357584734822545 368.9003536541883 239
625.0943294404992 266.07255681738405 740
46.5257317605553 363.7453462108212 399
284.11846721604485 990.0559206564961 359
300.93720554314353 618.4300646402094 985
223.7608168086629 301.1309527570316 397
745.0772231858327 257.0693727696175 347
837.8049944950044 922.1230970754546 57
228.93109384933996 729.935544212514 690
577.5704353942855 146.89280991098775 220
430.1538555610259 891.1277328697387 94
167.98742037945524 274.2718897260958 579
32.44889970889431 266.2152964887359 835
141.4484734623155 527.211777185407 992
692.3454220546181 732.1810184583409 864
525.6495975155457 654.9545572829097 708
238.92098312923304 630.7203782042691 553
271.4937812019965 551.486751162772 21
477.08514005428236 736.7749171812854 930
529.6998047443716 883.1320778023932 943
287.4800720162558 164.32213794499927 662
209.78413848722766 541.3844625436143 345
539.452883527081 70.13142359611513 540
819.023032026487 217.75438910898703 286
186.61188637274938 611.0044737374627 572
860.1426373423722 2.805595327161736 789
42.639759612194574 955.7174829732102 936
521.1505376231898 106.08681047808788 51
479.95895259212483 602.0119780469415 266
140.70340648304824 95.5764131193153 751
953.5180326726189 191.21775252600204 392
542.7359082272164 979.1087198996619 447
859.6344848127038 982.139200583593 410
706.1430570575499 671.6339668642851 155
16.931044499335357 80.49059132934066 514
23.803029499095295 360.1982444876495 473
787.0350604565579 668.3395295446859 237
858.1754476114236 607.8112052772923 159
931.4988974348569 99.23077991850226 628
192.67956417613186 15.460713002739546 454
634.0884238960822 78.80633150887017 494
623.9167034965195 95.79124644248272 430
239.1256239706798 553.4799195959974 256
823.0237643319846 913.6358411130905 33
171.58112768669275 120.7064132226081 749
233.27976169115527 226.42732163397883 470
251.690407986516 951.3696446705866 958
215.14731755299766 746.0464561012354 366
303.5932382087927 295.3635762547432 341
132.90891711280128 311.82161998904724 498
81.00967657000247 192.9220392599553 915
226.9227367333928 43.59507801525686 73
317.87066646698514 297.6948933094523 807
112.5120886285379 70.86687124192892 224
281.9236471241361 806.2483159668744 856
602.69576420666 279.03469145053816 832
552.8077348404446 416.62811865742435 348
105.52076653557741 220.23333554423309 554
815.8608565745004 861.3267287983751 70
958.674710633703 687.6689166159664 284
652.5384135017789 12.504691839439918 958
722.4448513009515 182.39270868734124 950
521.3753174791098 573.3221654746674 87
920.4431875013317 285.36691916858337 52
907.4340431733004 201.71221757823565 544
495.28871144419804 719.5807175025452 981
838.4966814484675 832.1052516542436 958
766.4617806549265 471.06470392598067 204
337.37261641534445 509.9444430708283 839
641.3584591603238 0.006605848233087741 992
236.24980442932554 219.94892867021164 792
9.401058327184519 33.31150379874048 773
95.0652464310483 174.06719949745332 285
632.1263741508783 580.7419953016179 65
39.74454053854315 71.64968588936782 604
619.7062305154965 522.4890590095956 912
447.54784653217064 738.4456063957997 492
820.819242305033 775.4396938439579 695
485.4150893688437 810.9591446324268 527
602.4639984994112 645.081113855105 743
530.6198309101435 917.2479794333669 194
722.3677218007513 614.7226519539429 44
6.8307750657045085 950.2178802227166 56
489.82314462405105 807.1065366558331 844
454.9188643998093 425.93756858805165 431
236.86349922339477 228.01460302391686 147
72.27072256474155 325.353747383466 658
353.5842647751288 583.2361082858973 463
866.0186069779962 368.8598863744647 973
124.51240988501544 147.36047516675643 678
365.51597073498476 11.716375516629851 789
382.81885357179124 954.1274223155261 754
118.19738690263459 861.0198981162148 430
985.3471788577108 761.5322219695039 727
84.22449648393282 522.1577291734852 646
721.9231049183243 241.20380043456214 511
41.691667684307546 933.9145045982324 288
708.1527449971318 248.23891132947662 419
755.0006501548139 605.331803596888 376
354.11821291289147 609.6424518936047 429
960.829645931229 457.35250484304447 449
737.9105029726743 482.91282367449986 848
211.81218157127844 346.36762197224203 434
988.8891652390445 41.93679757102775 285
46.976473081522194 508.0605643078734 178
572.5210191198704 73.0285780891754 287
427.16799470162346 49.40413695589507 475
966.5081672795322 356.1111396231138 940
228.6691820185318 817.7730729778774 762
139.52498451875493 353.24275530022607 768
33.81682156368648 205.8094759574609 532
70.35355159342527 865.3418601778606 818
675.2755035226628 474.5575617342728 685
256.4306965013674 606.854082872724 858
702.3646351755729 293.8602113379355 263
442.7650264058677 174.35547501223147 979
66.46472486924304 703.4418673328324 570
552.7403670703443 255.30665370009842 259
371.2727068089884 306.1988508805454 273
533.624304039608 1.983067183302878 456
41.11458087880238 970.9540542469886 744
914.1577384852003 138.0704746265904 348
586.5339150452753 675.6295266656804 750
367.2575722268057 849.0635763014812 799
261.4811422235701 856.4739952613193 476
761.3926913427603 564.6464201082451 591
979.4708422601115 478.6458743473914 81
650.5055960693505 485.6894359316021 322
97.41037246223317 345.8592647357147 114
919.4800079374742 402.69015785616733 51
214.66901322043086 965.8960128877443 893
981.7364929659016 630.5103380533177 523
627.2093556114492 569.6660449697647 856
747.8983046076218 145.42164902368515 494
238.0780072595595 483.7384962544158 989
10.831078932259652 283.6169165111999 818
638.3562344149548 146.5824269547784 892
617.6237997697006 533.5282692597576 979
628.6389551981044 367.6229219360174 241
493.4042677981871 494.4580607113844 968
385.90462331478017 105.90537849576687 551
445.9830264865173 602.3584106851231 673
196.01250828403894 935.6377923809367 75
196.82334523930945 188.3880778310214 110
112.4656514380703 670.6079043068777 374
907.1310071428206 522.477093494968 844
770.898704823446 166.0910508396818 942
27.55722717050313 441.54499189791363 347
134.37026772385752 941.8078577072519 487
0.38636171877814984 95.8480200170233 71
345.6704018191853 671.66001673773 226
651.6192694555696 370.00120676411075 598
38.92065293883684 865.0142215383001 89
468.8105718663824 354.1772651840518 995
374.61290604664674 425.94643541968804 507
65.69685332576736 869.5276391510503 871
602.1236814022795 241.05018047739225 903
435.42709335173527 214.38297138686312 75
166.4612106178358 748.7419177856355 76
559.755993438507 284.14422223545654 812
203.93190423087603 231.8178667066526 342
126.54091200313233 14.696140309207074 404
960.4902838947991 787.1207445518043 98
777.6792139038058 169.98979636730326 642
865.8610490510658 664.6958347908392 452
474.73290246325087 339.80674679476397 633
888.2554301433063 803.8682690404655 23
702.7771846051107 453.65099088207995 906
457.37378386461194 933.323518522116 384
931.5983355754561 416.22258049657114 466
625.5425193812082 174.0215955610661 712
960.5471723144226 809.4299373247584 339
490.4329769872915 153.58987301172988 192
670.0775593556094 387.9159551713418 358
649.5279284526205 524.2887677902331 87
219.7805559801972 785.2180811259992 30
545.6405444038147 465.3804925747422 271
784.1636698852986 711.3973655448295 141
353.193754139865 158.11136146993542 203
646.3689185982579 586.2796664160676 393
166.39177143346694 842.1739880350086 967
874.3281225874633 745.2398084409012 786
268.48454259713395 101.3023526476603 159
525.0323088130601 181.50692886283036 97
232.38536608713645 851.3531730935185 820
340.84897711893404 434.5098518788526 463
761.765117359794 704.681847451119 439
992.4298208368238 277.21627021264874 639
251.21929302725687 341.082229630171 364
810.9747173162976 477.24697058702634 883
26.271884335041463 435.29209817799466 364
925.97135299437 219.22304522807713 670
763.5991469070126 131.5487800246955 514
342.5854949821906 617.1299662944422 357
873.7009943127338 170.5475760311661 147
896.9802396329892 673.7501957623101 743
602.5086264994526 704.2188603202516 270
965.0738295447735 984.7085519080374 857
383.826451720832 591.307641377577 466
82.90856518027034 22.39029753887667 925
433.73308950537125 361.1079942229978 878
46.50513691906954 80.4757843345425 211
474.15444188638935 841.2401206292989 174
303.54959335829267 848.2934356719863 817
770.9562588930551 124.2315575043469 486
459.98894046946805 236.8245586561799 566
645.0580390308627 610.0041202836272 791
245.0468974860869 337.3418277560365 27
833.9343228467535 972.7628476418129 593
599.3674505050276 966.2640346694251 443
842.87522331693 363.22017659265435 754
661.0610150343346 678.0607607269666 739
503.05616893947115 675.0113976614488 387
778.5805048519065 519.9645414521225 624
295.98391866485895 975.0494625963644 729
197.97507224583265 913.3107783283529 317
585.2201774335991 679.6999984532478 993
271.95380922513533 90.11552087957575 17
33.19069823878207 596.1737389742146 773
210.97633708936337 118.13108840302611 259
509.55785357680327 828.09504187802 247
580.3141958156306 591.1022534191227 252
722.9250060142772 509.54088897998264 393
464.3131260871303 396.49633140324937 202
189.95193289694146 542.4638454168828 437
371.8901335561939 867.3177987634984 152
65.12363572586644 765.6247744811768 426
535.2545383798177 915.6603682406206 83
520.1517598224092 942.2300166821773 868
899.4925667721941 352.77465734127645 668
219.6313047193773 483.44350723317643 844
698.154368631822 983.4521790419326 494
231.0869028673044 158.68252891325253 469
237.28627576028327 408.55234811686057 177
607.8758388413936 342.6113774773577 568
184.09532197418443 606.073718030429 676
965.5212948665948 130.38328441633286 4
379.0578597146047 882.0746136395237 707
582.4657490511705 54.85980841902571 99
885.1369042799917 259.25720286029997 972
882.8928725060136 489.3143385675776 417
797.9741053239858 12.234566077930943 883
824.432723160703 808.7690022619134 390
742.407846882948 816.481233924486 376
289.1243975488993 390.27144317132456 745
675.2363261221868 265.1202682174584 167
435.87410167289033 423.90366883926987 653
346.47298001885116 498.3176773681456 25
375.3231765888343 921.6095002318295 87
119.54545251915782 613.8678180688843 330
127.18230250030504 463.7508303297685 789
20.940120038370203 778.3364667314781 893
628.7989196431569 729.4086827763075 829
128.74833302022682 124.62713572143103 660
899.9722810080419 961.3921140616594 551
464.67492634168804 270.42259082467 83
407.872937856562 146.62229077892331 294
273.5156620011771 566.1104753607057 390
755.2108491560114 419.5758661441732 980
602.3556473056422 771.0838350385523 574
746.2695117605887 151.72672239974594 419
992.1164054797146 99.68619715595383 271
879.0052115699896 594.6846287247124 165
659.7363778713792 967.8658767596394 830
853.651446147963 375.6123391539017 521
488.01635069569636 94.3337064699199 84
424.24682300973694 162.0038628529501 567
631.3804546872124 74.54671888104814 398
208.96974802455725 555.1209774114315 391
94.03737440593163 37.095025761003875 88
932.2418324355216 736.598671145459 436
770.0006233291965 448.5116283694782 76
903.1103514454102 339.2375874685534 459
576.4059653798936 830.2853351215928 268
739.9318809514351 79.98834409195355 88
919.9904921509515 106.37865400753932 863
207.93985498963275 859.1191848620334 328
57.54283887125 193.6854381899722 495
801.89700967406 969.3423886406807 188
966.2750553548275 820.3014877385418 746
143.37970908432484 895.088337888031 159
811.1235159079897 550.4022586119657 561
60.41050442807294 767.5243956173467 57
189.54687298805882 963.1400351504769 891
632.1871358457887 363.243831347014 800
308.28993216321174 599.2199421477951 668
864.5580265356568 75.96154055142168 797
237.70403761770774 648.6276627927591 180
485.3299465890618 308.45379493365346 588
675.2350486906734 301.9407789828813 213
560.2930720165396 304.37626589962883 196
583.7370056443206 76.66035266416694 520
882.0913494353393 554.1698365478576 758
113.74755660894309 115.96874880086139 470
372.9196209886788 746.3092930095202 899
229.62436897712956 616.0450804202335 594
285.90741291690136 687.0241469766984 774
977.5043062033284 831.7798435097819 114
337.87113634470313 959.5735652193413 305
675.3008940520623 656.6735328894525 793
117.12221979795633 787.3566501616291 91
116.93291181964238 281.47303118326397 879
444.88703084560774 292.29879813735283 516
248.4897640160274 360.4721427466695 690
418.25300440208224 524.4378788661479 828
546.755440888289 678.9052581097203 480
240.88140452679386 222.5518816030183 279
574.8170223708221 455.39659096144425 730
231.8197707004668 295.96024652359523 104
663.6946377185869 412.1326570150474 172
374.74268077326667 44.19554434428574 425
987.3569394937098 469.00122821806957 370
903.4394268310218 325.72136168406263 125
684.8560134388225 391.85799640661725 560
937.7399392859882 441.0712666730706 465
577.8115072144552 257.82895326299314 306
386.38637838096355 635.9107779223815 990
517.0056326920386 661.3016684797324 550
447.2558354192889 422.58523719047815 434
561.2667525611108 577.2131267537063 163
749.7963706044957 561.4220037983171 517
869.7344230616192 450.7924791128829 419
974.9972973191069 519.7754632898735 709
855.3111919318058 529.9193979036602 782
742.4841856993376 482.4955960307423 516
198.07827537825085 258.2681736057051 954
69.20317585906577 486.72653643959796 664
309.6932116937363 178.24449765879368 595
272.73037054094294 491.0757585835565 436
728.1578485600193 198.5692230780094 83
794.4385818126691 799.9851634902316 266
469.4886840969298 656.6028629554918 816
289.78590369717415 105.482110309571 343
730.4297913163912 301.1955924288381 950
694.0421879572102 697.827181750514 763
686.9116828068654 282.7439244954314 840
633.2017156986506 261.86945682916416 962
788.5749622166895 391.5336923393209 269
970.238498935757 353.11544616251734 586
56.27213871749426 214.24371243806783 479
466.4744235879116 475.8285986337949 389
984.1605996532945 427.01882119025413 642
643.9739365644689 214.5790342834294 62
964.7352551067924 603.4588070615537 798
989.6933306215785 575.4325960387652 22
660.1839086748223 757.6902621450046 755
942.0917657316256 232.66449673182242 533
851.89012927974 933.0212014903102 355
561.1012279363499 602.7737627077732 36
541.4427662671491 262.0991940009979 240
662.593641902805 922.6634179111377 419
201.80477572955613 196.55383339409715 868
225.21646218931056 618.4829618697036 620
724.2563570833282 985.1370735680898 838
626.4841253525461 764.6839241928213 478
725.7760686167193 523.4169420210721 878
328.2019499561598 759.3295738267101 61
251.84904715451185 988.7144083759802 279
798.1740149243634 734.9701148826907 110
967.3632451541482 74.91484659652181 824
913.9173976458201 79.9303723126521 623
354.01128877488685 281.6256660711395 124
819.6861908303438 694.3874854001406 981
801.3912173007442 4.354968775688306 781
867.3915219883171 706.8519207727581 769
446.0901394258765 387.39409457672537 754
6.510044581232388 375.7081313853111 766
441.8031997671984 605.7916895350696 290
281.7308115896308 651.5735368145719 356
399.1096493450783 449.52881867038207 547
410.9287294653082 636.5208224742298 884
233.3873683607598 146.41556684311198 866
622.8047872652238 465.08201930008187 447
153.47893384966216 528.1036987472685 352
50.20688600661549 201.53978550051733 934
305.00704482207095 249.7279832282714 852
51.35396614875587 494.95974556950296 300
659.9268312762099 931.9063488580864 985
455.6017091908076 449.38586074640517 7
535.41859947114 757.6289145399836 881
214.15125031929293 409.84619028607585 969
701.9147256888293 610.8585361809983 129
108.72838735687407 817.2910467006799 421
749.7469479924642 840.1132210553585 355
906.1487204939407 485.66368758160417 32
777.2822644790083 939.509384657444 120
373.38797729150144 351.19613300337437 803
77.02109338694984 530.2921158364308 829
330.83732188809955 958.1832122706519 301
343.33865020556897 811.1853842044575 852
651.960800357133 797.3919559161299 560
305.24489520708465 616.7171855424896 263
660.8252197616625 656.7165717853032 620
903.9304461549132 976.935722827678 166
531.5613230747209 551.8069318760462 357
570.1551061689892 392.64979323046845 932
336.54872824107895 918.2542849650694 628
496.1758501167389 148.9069330825876 444
985.7724954654985 470.23688933804084 550
334.0679423992222 228.97448984988822 857
978.7211372699584 801.0766178000778 637
692.6959450156829 995.5743103719944 978
918.5904789037754 237.65027234485524 295
562.3732074674207 675.6422906170235 213
462.9011401714213 549.1197660232808 315
252.23112683009953 650.0849232426391 165
9.735526627454473 690.044264345966 143
326.60093390150035 877.5654727323156 440
853.0304467665441 693.4290006545549 369
261.8628421439617 221.32755265578118 135
381.9050991757312 80.60979494258736 202
60.3612501134525 53.023123044812046 535
861.893970438873 948.745172114658 674
583.6240846692722 737.8730407494093 59
568.4310706423503 915.747507402673 657
115.80373538409661 710.2036523435484 91
27.523826499240123 617.4010761097278 768
648.8564579049415 145.68629531139442 367
880.8738771390709 123.49480670815683 455
628.8179935002586 135.67154498108036 651
866.2437208204977 605.5301591591158 200
222.48128796109256 659.5604221431465 135
336.3957588380122 948.391752994738 735
663.5773572306435 625.2851025061835 727
187.51863625009025 652.0996092398138 153
26.206409479366698 182.25155072155275 324
203.2884279381979 742.7689935261951 66
587.7253130725487 986.7997955654753 604
715.6784032364533 331.13381870128813 257
650.3686023769977 59.09384718104549 378
177.65631173482933 819.347566495815 482
109.48684506037264 261.913599281561 111
112.85511610862153 803.2899856691942 251
872.3182766351832 31.247493342704825 86
361.8758731262497 252.1409158606852 76
980.5506732314566 681.4804602931692 919
663.7743296788695 599.0602720930641 800
402.3047998932513 791.165937874059 883
417.15854274842013 782.2740123064254 208
336.05251597418805 293.71135900564894 515
68.59143453013705 971.0559788244165 962
79.38797558553479 566.5670971894684 509
573.527721573313 845.5819810905793 65
940.2160332673101 356.86997554380497 2
296.05067080916893 975.3313001432939 959
879.6412998025946 875.0450891606604 772
862.2327771017809 731.6051179482101 30
142.17589292408016 689.0389565734156 271
782.0004081665294 275.46014226656376 256
678.7565658456089 62.338560604043195 660
429.18780755685873 527.7922081961366 497
949.6004852662038 553.383158506778 990
808.9653094045227 416.35059573551456 196
368.1094518301007 641.8589144490701 957
445.5426519485073 509.4867922491272 714
667.1927269271839 397.49096508571205 247
32.02862578229704 556.1765255102924 239
54.837860554398546 874.5984870034519 509
814.7231720873075 440.2963225841958 502
770.2014215724869 39.82791970237598 287
763.1907444630918 82.27631949424396 660
181.63317528594158 259.73835455941975 648
777.3373978856778 110.27062182695913 408
254.8202892554755 73.34561554178221 60
292.34363724603804 852.7488753190676 21
590.3590045164968 358.50644545726027 563
53.72342332938984 534.1151354894178 739
390.2601930007019 374.30650230031904 542
295.30656887325944 988.5730030239052 705
983.8301310346384 51.34669238072065 837
297.5510871970637 28.614929650004008 927
663.6667489677278 47.945983279467306 782
722.637651144632 487.5859096924131 342
981.049623299196 945.2577707651625 863
284.79578601371867 65.40758044348239 546
45.65439448080599 766.870416372595 414
134.71174579725874 15.290507089127603 647
430.5267234591542 194.0368754832583 398
35.02287036797214 414.81257894943957 173
609.7108500745641 827.438021916261 864
433.72137897197194 902.8222537446931 125
14.34856233298676 383.5395761229717 329
30.17102963847662 982.9548601865074 631
978.2715803006507 965.1810132531933 369
896.8362312415788 13.850361626161156 768
796.2081553340876 283.346036041264 775
219.18507842804047 890.0723571315654 104
750.9845910657365 30.11594064374956 903
318.17528104729774 378.7095374844101 260
661.1262836737033 790.3180044836621 476
81.21814711214526 734.4087539272359 92
126.15899753337723 80.03340542036052 263
568.9436380086796 454.60782967981936 240
63.022874972098904 799.3668699633571 358
607.9195073895194 228.08338350029368 619
801.4081686595529 277.5552605305741 988
100.89597192697364 610.0423770302656 870
459.07075179024395 207.7514134544729 82
272.06972772026006 210.21923063659963 962
640.0702432099921 191.95448626746457 719
173.9235843247734 967.5791161879275 767
491.5553007561544 893.8387675540251 363
711.3244399756577 331.15426161301474 62
792.3508424879727 97.71988708744384 891
981.3292552344863 901.1672434099376 134
108.76466604479795 351.67827405527686 530
847.52098044608 504.01684608495754 675
437.01919194270346 656.4910911898756 525
362.476271568686 334.3298381319555 911
79.90549941354708 141.82416893174977 885
994.8652723896763 625.1284756246915 5
631.6904306536802 199.15189982134385 139
891.6955529004949 630.3345742268864 17
128.52522075437966 712.8999464277492 68
506.69491607225893 976.5758093163386 406
581.5088420195711 395.06741309743984 511
525.6584863436958 578.3964674804238 472
237.32568232965545 968.1399586063702 748
297.6735972178369 549.2960653369126 307
282.6448304196453 451.90074429037605 233
194.6019781389793 178.16374379307896 595
587.7731445661158 125.99145255251398 926
871.1695547955344 650.1416958065349 769
132.70573448331623 44.83215335072088 343
2.5976340762281502 439.92635893466905 729
773.3196037334149 451.13228680779207 187
981.0743719085273 234.20114270534165 149
950.0338181025139 973.9137102360946 945
58.26434926166036 552.5127996879444 423
66.61486325117771 659.1459523926344 713
512.296264096946 38.53692471229942 736
198.24091065278682 41.0257389815738 585
74.79195573213981 923.8541876201333 192
715.3017116164245 686.68891535623 966
846.3416555833073 448.08729146673755 934
771.3429425650243 573.7908366339208 757
277.81491864969354 219.96233686320053 76
194.467325824209 703.9529014468096 942
849.6505179706493 484.3936596024524 659
128.17938615004198 639.520746715033 96
83.28881926970178 858.1235355367432 361
223.86947486845722 483.9195475950625 103
833.1869956541971 530.1951222911777 488
465.69628639777983 170.50858549603433 666
225.91800151616738 665.0621740845938 346
223.39196723218367 659.4687482616816 170
819.4441689645289 954.1729092524826 496
556.4097760490283 497.02813744245975 61
380.30492508110103 8.209879357310545 373
970.6457080722532 314.03382075573205 322
498.754124970173 665.6411603254761 524
706.5115884103318 552.3281289148291 428
182.48753572637943 367.58984651389636 955
208.4041240435256 867.769211104595 867
78.93793381723935 278.0373817628529 322
619.9432204063953 598.8604590156023 689
241.47436729659088 742.7871035407679 536
676.058370082862 79.77055500724862 399
166.20236269653932 580.4825930781554 872
659.2553019786263 916.9347812705673 811
241.39169793173076 506.73049639582126 866
631.7767680905672 930.4621377163675 756
713.522848657383 796.2229119317436 192
158.02600835969884 532.4940420507324 910
273.22201408179126 506.68311538326935 617
133.15722227136462 845.2054142744158 136
672.5128467195563 475.09055191901564 790
656.0657026278606 529.4936082188325 365
447.6915365140208 261.8063146150934 898
827.310931045571 882.9785734666402 100
611.312539398938 625.882863588341 369
479.48284365652785 515.8373220827594 102
834.7113313123707 641.1447839879181 425
929.3225857389267 708.3721839563378 777
26.642237135193536 228.29540453629983 658
7.61527951991392 564.3047834987453 91
809.9003473875135 374.1342035245475 246
606.5962344512196 981.0349005192637 288
709.127798677513 377.83434491075343 367
537.3650806788651 756.5804750644879 188
357.2911592243859 591.6101429124755 400
809.7676503710784 276.4517970692566 950
293.89963702013745 731.2515407404135 225
687.6505568936497 998.0828020043532 820
287.6667098781224 520.3097459362381 932
45.15693618164218 589.8312797809019 396
758.6561506938896 619.3152299749029 670
350.8147588802868 629.0761616690357 905
450.941819379014 686.0277304162743 629
983.9176811673743 4.3194270044535354 954
407.35179835076985 146.82235863138092 317
797.6295175848024 328.13994767455824 482
486.53316483279684 574.0043074937541 786
455.76496467387915 539.2532222157654 22
970.009474157009 480.2141924548947 770
579.6727564498674 355.70445468484104 198
182.88399461457516 839.2349411165297 249
894.639914258143 960.1172896334793 339
722.2416508632946 339.8097160521213 238
422.2409031464441 346.7590730285456 784
94.23776303738462 990.3430494960512 585
23.94174884572098 687.533365967822 897
75.26964871526887 638.3860218262187 424
546.3678935764469 954.9188452739678 538
984.0459173381591 598.2364772962977 740
469.94162076644875 83.14328107597835 769
433.61367902178563 763.9501392575952 637
494.612283729925 180.8620727803143 337
861.9943975458334 196.13903279360235 891
819.6052256494929 243.59915909042107 210
835.5617544192792 466.4479079819529 379
695.955991092083 680.7869300673881 41
267.0930613997319 586.1080131401784 977
855.9359925386673 796.8212147436084 2
11.212794372557845 652.7217923970952 277
499.5739092441388 72.0901050908227 538
156.0190034391701 743.9582297387391 867
47.79517608101291 617.5602023014561 815
236.24177004671165 6.9295536349438525 452
642.0307757387693 148.32190773493892 172
47.72008058264399 780.0667266431996 375
217.77194474757633 257.2562975116145 915
288.63380461214314 549.830508554634 302
111.27042780045294 526.517127977049 811
230.26859306782254 816.4781860312067 281
513.8846788596431 80.60090254180486 184
964.8816387899141 743.0442763986687 46
336.40184698202734 452.15445185459123 328
438.7271473315657 41.36143195895126 993
989.8023566627944 984.9621530677337 211
353.3632325295448 183.083155965712 940
414.3802361355722 406.9129635280342 79
383.7468238796722 841.5676590470363 384
589.49453778278 298.0851217344512 342
843.6044338353148 632.1880967356136 301
277.8808891829262 387.23133315202796 735
599.2001705311853 165.29594292228055 460
184.73093067930523 449.32483191147435 593
341.5965164944983 960.0085746468836 721
759.2199284263982 818.1129906555892 721
80.15730152824652 48.943721121699646 32
421.15144263700245 207.52483493679284 401
684.0494137139385 470.07340675362406 73
988.0710546125663 271.3513270693757 316
861.5311752529376 318.4611885380255 80
834.1651937655215 169.68584089396455 337
653.2396701265137 977.9187909570297 195
542.9383858665522 14.994264075210651 996
950.190209646247 251.59121147549013 27
16.23895697233957 458.38469531553216 47
845.7893275672443 827.7183446937711 378
747.8913183579733 65.28399170310351 836
791.2119927938098 416.476111466455 407
909.939891738687 743.8313904630623 225
202.5732709900565 907.7589386711251 980
156.22015555329028 834.3332479895936 577
659.0351897151681 5.528274286434431 967
179.7352094356932 280.57030175358335 648
918.5529679635503 955.8238037120677 515
872.6041798101844 912.5209184620944 365
61.518190036546684 745.329870912167 39
838.7804028296971 730.7519581601717 310
258.2908309967875 647.0586405273718 483
934.8557693380681 609.3555115246521 950
643.5805921211296 509.8754549706723 391
389.0437948167349 609.4897732071431 270
372.0639034591634 621.1285738595597 153
762.4479335525416 713.8204263709271 892
336.66069565162815 912.2670442075117 351
790.0030930345197 560.3712722936503 456
492.56517943650846 973.1404955418313 474
924.9674954858217 729.552950272934 865
539.610012168396 772.7127738605192 208
508.13517481939465 91.26919261239897 625
400.1873877496547 830.5825496371785 66
555.0717956912572 612.5152464798124 446
390.07956480839124 348.7796411839861 46
302.54583859284867 736.1342404012312 773
210.4410446334416 840.7184008954803 416
18.56516686913401 956.2336021936308 634
223.37932188238864 601.6250797616823 568
925.2123464841877 780.6550370129829 549
351.5790767611319 683.7762399222319 339
554.3155869367504 898.5016648425593 103
221.02430864449462 897.2781693862145 14
864.8614598744797 81.79450902638186 355
491.98410601962894 701.6849545915001 257
886.8871810576137 688.3481254991606 385
807.241952425334 953.9485408218053 963
487.54436349484996 579.7937905613875 525
431.76166377769465 360.0554856908671 385
341.46532673375174 226.38434584432565 610
700.3173565430776 158.2233356259287 199
609.4854456094704 942.0630095623557 190
641.5111495511746 388.2112492709886 853
395.5597437955575 136.94668495987094 375
355.88425001039894 73.56930398305917 548
146.78830973092994 618.6358004114833 704
819.546551308659 162.50442531003338 198
310.2908633194904 374.077376995655 620
993.6457258350879 5.9076342184757324 720
450.5719744097707 156.62689794552787 299
350.5968969143264 942.19640868043 513
881.4976997269703 896.9661472112605 921
89.59580666623191 8.39238149428645 749
14.827303852003372 688.1414260590425 3
35.39671877133066 267.84116560241654 537
972.4498882211942 187.8243965702887 876
126.72006518230306 295.2001139196897 813
670.8513203925592 779.9560330108816 900
470.2820380487486 622.7798235868581 368
475.49412582270736 413.85969157968526 783
186.60682463896194 675.1463342508168 885
864.2598881460183 841.2645410500616 414
494.3667248453439 216.96763699312194 668
954.6013746739177 496.6871816452877 370
624.16368878959 415.7473803761773 960
276.0988826007652 171.51608296027266 296
14.598085830984097 850.8635835331145 17
769.6889079555582 108.56245366505345 43
964.7770561208987 690.3747920207493 137
383.5536887828596 221.4841474427097 442
792.5268250392899 946.9157604191502 201
643.2539250919324 230.14181263104416 237
470.41620172553854 798.3346767790963 221
16.083722293063207 308.3449991997815 714
365.6931892660428 628.5707383009858 764
634.7198009345882 321.42374853758713 727
776.9734150865133 121.88073068287208 494
65.22538422134217 592.8217138521478 18
619.8104591760309 812.920788492067 827
309.15979748183844 588.7145659467795 207
26.44762695652114 986.1879073013909 650
903.0273074811017 265.8529500689311 654
620.6314895721987 574.99470514534 519
102.91647107701762 389.72792637240883 824
703.5924530804765 789.531180458742 878
850.2977823958815 699.2230852435222 992
553.8557766020363 419.76611514667604 769
399.1422186269694 980.9258610719985 840
670.2990835701004 234.38590311326524 382
531.5458246338047 511.01285531602514 907
782.7966208566086 675.0627621640804 561
589.547193772826 940.6612873067776 703
92.3978401716784 490.7474709828641 762
338.0911710939187 89.68891633478971 191
55.81122472551947 684.8296256441045 466
885.8210224226448 19.88333059229186 600
688.5796451762054 462.3786637318422 857
448.1236135889104 840.5007069526274 326
639.3791584755844 161.88109328971012 390
861.5770275559262 402.2763362509837 589
336.43304791329086 994.2092826434099 494
905.2727372890448 854.5060370211729 892
935.9544640438331 702.2335569257193 962
418.825024233641 844.9963918579466 860
448.2053096416894 559.192726652285 557
508.50514226609 635.8460131279472 435
743.6073940700072 274.7505207683919 646
633.2694801173441 465.73327050375093 483
611.5224488118763 648.764726392025 637
262.6520888466894 570.0465328811698 536
958.8962823626221 619.2221960849567 424
661.5482700079567 797.2260100982113 713
925.51675293398 437.69779548632505 705
85.24350279224812 655.27592906836 747
421.1303662991569 678.3880814569666 262
