660.3218578995367 823.6095696296244 698
858.9553904223809 291.4466638884702 603
521.8177803672021 524.6878727673134 222
688.8685855265588 795.1804392380619 500
390.32867962609185 676.6958045257606 791
274.9356637163296 7.160897945745925 932
674.8513106505284 932.1673092027131 678
975.3461859668688 60.34232137693074 68
426.66062544086833 630.5164955982497 917
277.2186580531592 865.7399016978293 30
610.9864789569086 827.9520634285036 530
565.6842942972952 405.0473600610962 729
66.59684012993183 349.20779649560205 721
586.6330075226558 238.25706235211098 373
324.2980614899008 858.4306161453551 326
150.08102397525448 744.7327514314295 454
703.939317234348 708.0049843941284 822
476.83840254369534 382.7604878342501 400
174.08148618909757 633.0616694501622 184
115.29917396918354 961.6050165903731 693
832.338518342381 962.0011508131563 249
864.5705998585483 433.43777478044666 982
678.3503794371886 521.4673095135973 81
217.13008157929315 200.5730512625491 605
942.1130372279099 862.5020207261964 603
465.1029636634985 850.6557416881288 548
889.404649426042 949.4658821462612 732
399.820341987535 326.4170949807593 515
85.95337867178942 239.4324129195825 10
921.5348844217617 973.4880976767574 61
833.1730982386691 150.0472133767945 658
86.27483038973827 257.8040323195426 349
468.96432485027174 507.2344384222582 597
540.4974081535308 572.0224219684865 170
341.9664640432988 446.2153090660748 264
273.37831818257496 640.2896057954928 24
717.0296492783169 719.6530184811704 701
463.6687846548825 764.4510224883451 744
729.1197396866356 999.1372347900005 336
623.7959846433649 111.49764081089974 468
972.5113202772073 471.1668859303311 534
937.677266474927 537.6648304361211 934
11.57625615597546 191.5824942060087 691
802.4838690361806 447.6580000374354 53
347.54925312695474 274.1366146509139 331
119.18851587092772 702.967388993655 93
576.7872076444457 592.4167032641271 249
840.5366457407248 151.15452825399268 424
828.3456491405934 694.4627588107795 95
851.7746514526876 963.6083020120532 112
413.4024015681066 611.0234525661402 958
713.1834367634668 787.2725205941686 624
335.61702131542125 932.2171215807389 393
461.8289510250391 80.68986211945185 25
864.3988114054301 755.7521958378126 1
535.4228066028046 968.371118532128 682
215.30139269139926 309.3552303496042 656
108.28294286966921 567.2867697160999 609
736.9978955198577 640.8224980190728 925
882.820898987679 14.847697216087141 613
118.02809122010672 244.98110811177142 899
745.6466636677084 944.0485530494819 472
43.531796146039085 115.79424187363763 986
534.962239262419 636.1454288285317 207
840.4049475490872 816.4252320063351 229
389.8023195095608 150.2129278133534 543
493.5024647109291 829.1411179619986 910
562.3544250997618 538.1373771440826 297
110.92382226692776 886.7712277793147 585
362.7339048692644 736.6145229493017 150
527.3667453068932 508.41959430706896 969
498.9163243269631 773.2781558834834 828
175.67888336274885 896.5769301538986 872
270.51798956217885 801.380068059775 360
240.15056642309784 542.6119006039023 21
732.7374358352546 177.56988403462603 876
995.5152305575481 53.33208895236452 495
621.0186635760629 737.7129687189413 759
824.3500398651781 649.9196509884789 68
948.5691853207989 668.9284042183178 671
432.269941413459 219.37777440422522 971
599.153911978705 680.760961950669 650
204.86981715110508 961.4744623364603 339
453.68014439988156 547.3933473348487 558
532.7770674976415 516.033390214206 418
169.8033551446545 970.5591570780846 28
493.79270850452406 927.2226845874878 100
496.08675193384556 400.6134829964093 109
624.0466597910286 675.0258173416685 791
43.13182636882218 732.8630695115505 690
728.7483272375325 890.4308315811962 391
315.87666949839723 542.8234376244466 480
0.3270302674316383 639.5075859251401 691
720.8348294045892 174.7605208457105 47
213.66122118705678 302.5885387525464 376
294.39040117158777 648.4928721705164 45
743.4498043356217 425.2193011988731 785
254.70720708968798 728.2372272475769 497
323.3823241935504 135.1214811027146 458
579.2049934211201 985.8782700943441 290
196.80900087613895 760.5441870337183 227
270.7941744631133 344.5530227878536 861
679.1268740541987 570.6642894973204 86
164.21554446644305 230.1660822690127 747
602.4297794469792 828.769795604167 697
928.4157303958054 711.0094591163793 966
953.1905837613248 858.110347800407 952
21.80436642377426 13.737923602459734 187
374.702039092493 979.0529144057434 781
353.9768688516946 538.0411900911708 47
325.59564462051935 92.53690078626542 410
74.05867447035497 643.3541768762332 968
857.6388825556301 928.1118861429228 660
198.34027782382458 632.2545866420891 442
445.5583134081871 53.06485217543311 717
182.38097292009348 486.116111383603 621
372.520746829912 424.26314856502023 824
343.9803255952253 648.1811707363626 825
439.41551321669994 663.4568291473001 625
112.40496198872118 332.78425845735825 577
194.90793962737442 793.393157300786 641
421.60615933979284 242.1210013430164 441
366.0741634861183 69.87700715593593 59
436.278050414025 637.0942532385086 772
376.77076769645504 701.8077376155662 114
943.9225163252665 112.5438032100703 913
688.1539615914705 481.544709770239 102
281.65634254479374 693.2340268240545 533
772.7463774302164 96.02518603442623 269
860.1723497007323 453.8220699248472 534
9.816756112361546 705.2571173737132 56
368.9991977385123 844.7866128315568 501
874.2397805013413 85.22920016687307 820
388.69671639679626 530.386987449422 623
302.61089083642355 310.67734434637663 782
765.9781219627421 379.98044291858645 917
690.6092154697056 779.0821060498612 467
959.0145469593563 521.735029856321 282
243.68052137388207 125.39820174042437 901
300.3597616529442 980.5842264814156 410
9.758720733263782 965.4424365757084 928
368.14316779936553 791.7465220540213 591
215.45861919713772 497.9996406987105 773
928.8071384453509 742.6590493494759 493
703.5127137498938 372.81689780521543 816
868.1370095284975 839.8345641430944 293
367.9727574917387 549.8026793807209 868
668.0691917454084 213.81908304145247 723
123.13017611305466 890.8495539316141 693
604.9675054897295 487.005977221703 525
509.79799625703504 659.9685712200602 201
777.4635547806802 38.87438822934819 292
457.5134399535843 159.76827096119385 98
759.909651162141 506.50999513292504 703
27.329511703478527 300.83457780156573 624
839.5865039676802 631.7344582682223 49
188.4001628895846 125.80471500277046 552
182.59546223643486 794.5414307884027 548
535.1146703680762 223.53426806557619 426
218.01059552401048 756.6108592732455 387
882.0830898721515 733.9319430661467 643
325.6986967846883 413.6493812796307 400
169.78982374252348 515.3152018806028 335
617.555016940337 362.4475298394942 706
427.26094128110446 419.852297138236 302
497.015235127831 900.0398902964712 238
558.9788480273274 83.9489165892241 98
434.4187367640289 377.5803297852254 893
183.25266265535822 786.0861209389229 552
290.9050722464975 514.4249167934975 213
984.9030403897433 241.19254079328522 200
592.5051683458224 550.6730295977789 585
673.5727490264729 152.55962724056704 608
28.55542008308054 695.4863017780905 475
938.5894602581451 59.13613573948906 322
501.27546033968827 265.7998636585506 549
563.9166037625437 565.4493042141037 927
670.4181809766245 116.03635269933687 991
172.47826403497092 311.6120714181175 552
23.91970217203476 270.2768754268361 169
340.2438965536946 499.8953001464186 420
84.04556687935427 45.168616456982114 452
837.1659779622232 100.96136893801399 259
61.177023199160075 420.6279576351304 4
551.4972961674805 277.33468664546933 266
16.900458162325993 199.99390691972806 571
224.7694481988114 463.34166638033605 751
461.6330962311022 195.8156054455994 398
233.97588764919954 477.8998871858421 223
992.9606449143008 12.775540890890058 388
961.4055596440572 989.3798042696958 125
661.1823370632804 112.7130011377775 120
957.3042055024999 65.49679676746645 932
323.5456000030177 441.706119914299 738
600.8597282997192 62.66724987634087 481
951.3818509196773 482.00685031792455 93
952.8848797947337 364.01643583759693 192
201.22866661240545 486.6974441665081 126
434.80352045899474 977.0294458668949 597
723.5216794283066 824.3067201307895 585
444.48291525365016 343.2201946518395 649
63.78712598087333 851.3775045868493 398
127.96532725111665 860.1561713652472 868
383.9764846335384 901.1027130743544 576
872.4559692771471 243.69150511351123 424
260.61100435799847 652.481798795989 538
772.0904296968429 147.91613301815642 223
915.526439059189 318.3895254507163 594
902.2708106589746 402.39015103225364 603
163.24437942265914 178.44064439248575 657
887.8500390792685 892.8602965847797 110
880.8754011217237 736.6722221587968 80
197.7918051901264 397.20895196443576 582
348.1475582179334 794.0327834336662 527
835.5133021280715 67.83823542184652 543
474.3483627918954 852.0139934112188 511
680.3232495594675 253.09232978355166 630
686.2592547475424 367.6551192642631 838
174.88087008629728 569.0182263710872 503
487.43264764113883 624.912846115285 821
550.5390795607796 197.07367698491973 388
817.4920754343019 958.6910342780317 253
296.0485491683391 161.99218789263904 504
967.4743062306896 557.4303329950042 820
964.5199175593867 256.11661312871917 843
578.1897654875254 250.10175023993918 685
605.643908901679 879.3461129098837 14
442.40803078017353 955.2688865534604 633
504.14451268801463 709.7637530867265 689
306.8712763945991 977.6239065882936 183
939.8025848117202 963.8657591361286 761
445.02143983308054 961.2993531135246 252
533.6247197883041 501.287378827318 32
684.897652676785 72.29770615471232 964
587.3109574250698 942.0906630166357 266
309.04597884837824 543.7187555342822 68
872.5295145671319 631.5942855152133 55
81.88467051314908 748.7315529179973 647
256.7355613631068 291.45167207798914 418
571.1524484660544 586.8657810225628 950
793.7462246445631 719.1190112605472 315
21.958935901957076 897.9967626235726 537
100.37348270503055 268.2546647693379 749
817.455636741503 130.34972333839966 787
305.50165028005983 790.6017198683429 776
786.3645140214846 654.9978750344109 49
615.1975324565606 272.87464417467544 648
852.0355584127183 587.900002936246 408
650.938570624858 177.81831472618293 653
225.22993227633447 529.5005953224432 255
549.3842375794276 312.32662536394974 402
782.513234967942 974.7505345237051 649
985.7119923403103 927.4723114813453 830
83.42512300692539 866.0292758508016 852
842.8098816914448 74.30627661419275 216
489.69563071489375 728.2807021814393 141
793.4461463837583 161.67967059139565 621
334.25964382804926 806.0408012781332 262
709.261295410046 417.5790677988244 823
118.44398131433232 144.16747156491982 894
449.7946745853506 660.6217830165185 628
250.98019881948508 83.30961929554037 176
552.3481580500459 164.94703485659423 406
488.6584947399637 805.9906280728869 933
662.3605627568011 236.27840758389164 580
887.4603157864144 965.3697772022484 922
872.0556108530577 630.0338591249821 811
829.4882502829169 878.1720636936268 492
442.98884260153307 489.71950448812606 413
663.0653093914577 430.71806914296815 635
461.11462748375163 130.46329991560734 34
203.22841665139336 257.2726838415004 277
24.20664432941311 163.5449859162048 297
989.9876815497577 873.9646721153066 269
368.32795937350784 34.111880656653824 83
22.484246699503775 549.7916721944266 404
532.3167543576411 138.39426146346779 601
78.49879531973936 394.2738773399029 250
417.2722281445225 674.1766581664616 958
721.5332413515188 626.4509568587907 100
87.69818105496763 37.99072385257185 476
979.3480632862197 784.1719101319302 160
675.2396325005008 822.2784533511359 791
923.9731824187594 429.3793586759717 923
131.00791242896804 826.1100354200868 530
116.65474020071143 596.9520931392087 585
440.91011561099833 120.7966197861413 160
178.26492272774175 574.0082803872549 486
801.9583975333177 845.1301452157977 589
867.5652742482937 587.5632121179256 120
970.5976866138172 567.7358219477492 493
40.12637042164968 459.9487533963742 578
378.4103119931203 87.11108873781426 276
806.7444851284988 543.3363143457411 184
426.90910029501396 802.0745221896451 718
36.58528886348045 60.87119651988815 609
404.91093994677306 993.4161322552316 633
126.74163841458841 254.36168415947714 673
942.7663767891746 224.99419234039354 366
270.16899185515473 976.875582479345 634
192.08976215294172 67.85167453173801 742
916.3035531736758 684.0851463046419 787
554.6596136364109 251.43578726609317 805
26.90976834748171 279.34551747715244 221
174.1005445577668 77.59902706326172 600
211.6997136057375 734.3173661354358 901
184.33269302989697 633.9187025818774 103
908.720719725268 361.2429292796381 653
18.692720541528708 208.44401990727823 905
19.947334127520143 447.2572746570068 692
776.2952098548496 331.7546339334413 936
250.1358674191626 945.6465781772248 230
617.7924005642118 409.4321530937771 27
815.9158974121566 86.91733395041479 98
876.5492961679195 52.719927915717 451
391.49390986983144 258.7152444000046 336
929.5364723729443 999.2694832830347 907
648.5230947622738 467.64172274733716 649
281.9268489717571 107.27597549328205 43
808.9291781395291 454.54161435455933 779
122.64243308242251 337.72740867274075 909
343.79741185832194 545.5117247699357 519
730.8625649189319 557.6144823945032 685
375.88711978126787 982.3652201565423 825
242.5208578023551 126.45933232950857 216
858.5756641234663 754.7758751340975 192
939.1344879537331 317.74503235402693 377
675.120405940282 908.7905956377878 408
928.4671296807622 773.4145175560603 182
862.3263826232168 526.517824562961 60
90.27960110066557 247.79476767331542 564
187.6254708666456 692.1113935503804 835
122.46103417227627 557.567045385867 688
530.4856506966591 195.42092837102732 915
487.44602011737203 48.797298156932676 679
609.8363065547197 205.50597722517438 208
57.71000724219433 640.8950859657784 935
351.3052230716112 810.6666907309717 374
961.9001516126659 735.0786192461795 943
558.528918713964 397.2562246029252 500
119.90490033317303 418.19067313655034 628
118.00371933731113 743.8418532070606 261
508.2621917387442 10.020466544240048 71
132.7920316845519 662.1455724018799 707
285.34830766189157 745.1044520610135 540
450.7108890679874 349.083316427033 733
936.820925515498 430.1610171486936 518
749.7736904782448 695.6795614364815 184
162.5925064956928 60.01814578355702 205
644.6503449035156 874.0934081152442 899
828.861677850721 142.3066949157008 858
673.6585285621504 613.7277220665737 507
846.5013265362104 912.4469717394296 409
481.4032062365723 968.5129737884038 888
392.8697852611612 16.54091609269348 898
627.5905614546273 727.0293071497056 794
575.8895207752389 110.3468783729734 245
671.1978501454741 116.51498662530835 871
987.5214064311901 414.4830797416621 284
928.2297675143569 996.6085816763473 189
798.0710672003601 26.988343066787657 572
74.5711863564752 355.26835861343085 856
70.6383117084779 973.4929380667797 328
545.5958415894828 760.1420595478393 622
431.5388244973777 964.9775006834627 529
977.3203443568524 36.084880403255525 634
961.8053137155994 269.6669923819437 655
323.2736536454056 81.7975896700872 100
539.403137050203 56.68918724854666 803
322.9551629012949 988.0875473372746 602
652.1008277081227 77.47054247030893 232
385.99931579250045 135.00995292931862 155
960.8496658367848 548.0151610833365 166
203.53148298916312 206.21700530791443 980
973.4415022095114 273.15976790154485 523
3.679170765746864 500.365331251879 414
354.4357398091196 199.64323599485368 110
270.0887466723015 127.01076118725663 439
489.62846551548665 567.4549730874124 461
314.94384032209956 501.24658236838127 692
271.3356254647723 651.4364999939243 810
612.8956418911623 947.9568641419262 548
527.5709515724712 223.78100876740424 694
811.252523066252 440.01899371762863 180
95.67243566039063 832.8455396152234 493
775.7714948273837 790.4924439889506 969
307.31575481357953 375.2855682725211 131
393.0484041607614 597.2470801672486 386
715.516900987388 626.65266751804 473
531.9413276759841 455.71445507342554 546
819.4851681110804 25.014117115994438 599
772.6882181791871 738.9722216155485 307
141.74806661570295 658.919947188298 567
312.27237823273947 426.16459100896134 535
498.12548607546347 896.4310913459891 759
396.67251218608004 831.3756254012553 244
910.5778961790554 725.5540784968708 281
467.38845876279913 34.55081608874833 385
824.8921481609532 129.03425438111205 585
822.6881507314007 113.68136531871842 10
769.1363055692171 121.41308811958595 298
239.98439708587472 346.55459101527697 484
922.5585558412434 835.5356945262001 824
171.3881907132535 342.1309276455032 587
485.7084928690367 421.7271376881636 740
177.72147639502433 543.6389563420936 183
83.78407316070258 505.62281728762736 161
882.9364936442037 889.0900230648999 768
983.0501437615676 589.9353149370675 852
543.6369046120243 608.5146298789714 567
836.3904972102932 87.73277533452062 359
550.1065059331843 458.1623277018776 373
668.2121925638166 395.3501543233765 678
655.7992751694599 724.4053249242567 937
188.87339731422603 559.9238735466926 177
959.1789309122454 423.1792215910718 103
86.73986211640661 869.5590248824811 659
817.7171220525818 366.84860055359667 330
574.1049040349254 74.87306259427895 895
100.84129636120687 25.096152186154796 138
547.2710455044953 731.8163456162531 136
20.293744536061364 299.9167811457708 604
732.8854341354473 677.4123240924675 84
607.6187555862716 860.1196195934984 824
605.2900501293043 653.2175378702415 91
854.8571507342132 769.9342296073007 161
497.9735538571247 312.4102140411157 696
7.014640472315148 516.8089758621361 489
355.0542014561498 926.1604306234252 74
737.3938710232406 761.3860900922238 179
327.5655883625594 387.68350806801976 708
364.2798600795001 741.4520649691161 742
63.9123959400405 30.820423690528177 294
438.3701259773478 628.8288970075776 382
542.9869337318212 83.73895818876032 578
884.7497061302986 789.8890752082173 181
468.7061843683957 458.432773741553 558
753.2056791087457 805.7663432457952 737
338.96734677978446 173.94475073512072 117
811.7448429693908 37.76801017972397 88
935.9446352326958 614.6683286307621 322
664.2627724647607 281.8602928401611 659
582.5301239183477 778.892492353741 679
460.4499943228517 166.1500737264051 642
957.1651074147753 720.676618511807 221
496.3510796351479 520.2937075881028 786
161.24398834688412 981.2316708060215 875
494.7547444336632 475.33468282641155 350
438.95404051414744 212.1632364503545 957
8.760774524230964 747.0367017312211 426
920.5662380929183 549.2357148360669 423
581.8645215938071 423.13933880813295 774
531.2345989818815 529.8936222136255 113
600.4382978966523 454.91440880281584 786
218.95701471977048 59.11393932961118 282
331.6959205501054 124.43783571570933 314
591.2110561933226 285.9516996770701 353
893.0397571857872 867.100025164585 815
634.8242958870551 850.9181766172559 219
459.189903579898 281.4613109518548 832
640.0658717494402 973.9220919535261 52
628.4887527567555 643.3207241231028 359
652.728801550454 739.5471375553701 706
498.5971836616523 126.16235842237944 355
377.2333210883743 684.2773046253611 274
760.1636166707516 924.9055596708221 23
816.4640018834116 437.2956686964487 148
354.42317820648896 825.1172898849977 760
257.79035176356876 42.48677984104188 258
590.0070691945097 254.54666382117196 592
51.327585489015725 943.7789137444347 816
685.9616591012857 925.6996448147705 997
323.164575821695 601.6071715240969 441
364.67853437149256 758.0664774895988 103
952.6556776805977 734.4216002558059 686
33.42315676012231 464.774336767951 205
242.7213463792074 872.8637793267321 971
355.96998004018576 552.9548147390782 587
242.3991333656851 753.7487385555935 592
302.8462953107974 695.1299813917641 396
551.2873691817202 175.2072775477339 489
797.7798549075635 964.9392437649482 766
261.4391423420147 307.99618088399825 675
911.2391239333978 554.1131785880724 789
881.9587005109858 389.81779038076314 974
631.2042997376823 622.0757204108452 367
88.82113197665109 152.90099464293505 200
24.533950056639277 614.4894608570215 508
396.03504773183664 468.3064237567107 37
907.3609124166437 944.3203750944341 892
792.0459347140627 524.7887762075484 281
350.8023411102614 976.0916910012475 478
723.2194781298845 843.5175884552445 70
198.40086488683517 817.5197296649204 865
119.03436437936821 208.50193949908058 492
922.4762315843783 697.8033591163647 436
700.723082340065 129.31337861147395 571
293.8049172030908 226.11023677323118 496
504.163381983316 802.340738959565 550
326.65372862693954 423.7374201755264 740
355.90198263279825 361.17415578071 744
132.19405863329436 501.7563179485887 441
591.0209106002693 134.0662979445404 160
957.0280278852908 601.1499099145849 59
10.703372422313118 798.597459962516 429
532.5865271816981 468.46946717742367 957
300.6897484748656 955.5029316319873 662
915.0127121855252 879.2306664792713 201
208.70515526866717 365.91540030413296 713
227.90252011441748 892.303406735807 507
363.46209105280093 724.0689498663108 709
469.4962151624168 90.94768931425857 666
123.30192538405326 471.41334541011616 166
739.9659756169658 299.9131945721284 874
688.6630456227356 799.349761738592 600
700.2142835388346 133.49323305318373 50
378.49028059669934 695.0052703228924 141
688.6267872611965 220.6153946374131 947
332.385078796379 302.83208997393376 225
944.3184060428828 292.7192495599478 883
728.2409332536552 445.19854934491667 144
318.04337075611335 945.1355300836559 480
62.89737182539368 321.34519366381255 6
364.83481044286856 369.3101493536457 601
898.4723760638623 97.84161623998644 974
120.96975475050864 932.5557931412319 60
895.6480862234152 648.0673821942319 592
515.5781091634487 634.5194673095107 836
373.2910746188276 330.51090111083016 272
621.4088225490658 560.0161416774525 344
360.24421234272296 223.181389678327 812
258.88795913103 276.3675459351037 627
540.2298116504411 111.5069074515086 582
312.87328320417976 358.2254772961154 211
174.7280206400351 943.1950131174685 420
436.9365098342809 113.4155370343346 406
225.0833814767893 321.55049892513796 323
147.20432521078698 569.1748771392316 263
812.7836872378651 865.8945531128142 912
890.127870512887 34.62826441015488 133
918.8008797283443 521.1438720281901 34
116.53655362808269 826.8686506195904 921
139.66670784291458 198.30910351867337 240
661.5224716631178 942.9683774927563 39
864.7890677476286 159.48588796777165 634
827.7684604834863 122.93705202563476 309
633.9183739190154 490.6481256286238 141
353.6262778827818 968.2806086943966 701
897.1563268579355 889.0258793757062 362
389.4374316155996 811.2108964305078 330
243.6988234120583 240.99163831249248 748
248.27485634206693 699.5581569191484 937
474.06757388094445 52.454485259670555 524
687.349589933112 272.9166713413883 843
471.44044775822704 906.7425817961982 351
369.2046914275737 610.5484598647103 450
721.5167912639906 914.6655134937378 370
660.3757507465463 485.1347978776439 773
326.5489640127912 301.7656457556519 943
922.9008028416271 159.2828803229359 876
392.73235918634043 22.71186063496078 185
132.521118919258 990.5871434031714 580
238.8261436768109 77.31243660847353 937
9.229669956257291 53.86017499244999 75
653.6726034085676 607.4716454830308 326
869.5450988547502 485.52056049881986 91
681.2716690245087 211.1079379741494 175
574.4919017359462 199.47410519928943 856
913.4806670523532 667.243780287602 351
153.82765654240848 23.340238694076866 678
996.1786265086536 861.3576076015746 468
718.5791267754472 359.66036960715263 513
37.712657911457505 534.5063375122692 661
680.0534813759402 116.94727301812546 996
666.123387191181 425.8308525754487 33
331.6267976510313 637.3245260356385 105
350.1260510670694 384.08434481823707 434
629.1756156823589 677.2866335854651 453
970.7500276384995 990.3863123425733 257
863.4231439912007 839.5785147020555 384
306.09824825833385 251.40750834143444 751
566.7244655190208 29.033391864227156 116
924.4724893573098 237.21950512645606 826
151.6438882477027 931.0364616997716 451
86.51025682377555 746.6028155072958 116
491.54041536938297 646.673586052005 887
225.32308028610615 39.05470719938631 634
69.33634503881925 557.8400873721157 158
10.914389067444352 589.5490728310441 997
807.2997082232383 764.8699460405975 418
342.4831896560469 718.3139947792504 27
598.9651200724118 997.8035638438633 758
545.3145031532604 454.46896862285445 651
175.98829856900133 784.897011513064 230
187.36419524591207 791.33084779711 481
214.5254894106685 483.35866146229876 259
153.05995124728966 709.740032736115 968
314.3170495135562 235.0933449600333 172
186.14046370888727 144.965953709575 657
266.1973094896076 21.99019855893647 636
427.4085581649664 502.5942853112197 968
925.1584449341085 411.8271814949156 765
919.3723929995275 657.4975203528383 144
60.85160380983956 74.79790432264144 786
19.185831291173905 671.2834228293984 207
540.0475385377953 924.5073245248357 506
13.922271653426964 61.291203724155196 908
317.6781699983757 31.730513836675133 771
995.4850593725604 961.1701788254614 909
313.36626467448093 466.74610259562075 465
702.0113251282918 305.69230734707395 9
545.201647614598 698.319988627644 577
594.9812172181867 963.2171877286028 116
126.3132499697499 623.5411080946303 430
519.7475402015602 995.6009032611846 705
708.8258383530047 506.1314710831093 459
39.24034245846164 489.6645460037831 800
389.3499407843504 734.8781354317732 559
714.6898273435474 926.5362312890941 639
209.70479170396993 181.7074020529258 51
185.327605466325 7.798189210892703 557
396.93504760349606 239.9793334176119 235
783.6252219870788 963.5984328938999 67
696.3825494112239 27.028833187759616 448
258.75343581319487 211.1354531129671 547
928.6075108840572 104.04540378012517 929
116.30756890560102 255.69362880526592 802
778.7777326760129 511.8606873880942 614
536.6111995656046 934.6990182107343 830
936.3864023278749 993.352753469445 551
796.3599729478034 766.2147774647217 845
506.67333944661596 791.3227847767913 666
579.543156894838 542.4673592138228 806
295.24334601262746 853.9923048716435 199
858.5912373925132 415.2783475380331 475
384.21651193769935 629.8421657133861 939
17.969395629944817 294.44646374529316 843
407.22484536381563 708.9063948145783 416
980.0041918750763 391.7707729409994 247
878.8952129541599 765.875005512047 100
192.41221672698006 612.6794851334671 678
126.69111700498325 516.9684844149631 595
195.11348902810232 513.6688903608883 18
766.584651753985 213.1390841444999 659
755.2050548390445 440.69612247945355 327
309.15996258465304 938.5204766432083 349
130.35835332862754 183.3188770749915 195
967.9854814490179 365.2814919416283 80
377.4346207299893 282.4303432218841 625
538.3328980525017 730.2023355381888 156
83.48766156689148 258.58274531792756 54
188.66236654941537 877.0941714047755 786
73.46066998854606 188.2758298858268 525
57.0771677806422 225.35427744249003 987
919.6467476206185 418.29338152427596 194
182.06020280966462 92.21756565918915 825
459.8010014081324 485.3494454675006 982
708.2840732680138 591.6169058010784 26
484.82150393729495 556.5444083708256 477
531.1515195346026 460.6294825181333 722
961.9802139369692 597.0601624981878 891
707.3255798449952 496.7495322283747 456
137.09423622233862 399.95034499813164 600
804.5790395263227 653.3682632761742 591
953.5471789081689 724.0985770823308 965
169.7020542597091 960.3336890428197 567
943.2009155111033 176.822064761457 904
436.48751369849003 916.5263373301609 36
719.6842350067 471.34476579118336 941
266.7666835876176 123.83558823713992 598
349.1409371493066 448.81646195081703 1000
788.3026415508223 662.0702083462933 744
290.15938149537146 824.9128559517309 946
270.8161092039861 118.06042523891036 541
37.33393610180747 64.71337915760233 942
837.2830889585176 38.42332245982683 62
436.3402432613235 727.3328142639232 984
948.8610611932733 231.99167268141917 441
648.5370474989767 944.0621085699973 730
771.1514492237831 817.6978040269663 652
419.4763844315097 530.0817386695173 627
44.37472096352813 185.8941932487538 204
223.91975812914566 795.6678556803662 814
402.9320471441743 312.5025411608732 551
344.9641612514328 760.6945683682595 151
101.5535739377651 529.435624617727 809
326.18449776603455 974.4061473667388 743
791.1096309431614 882.6638033097455 832
757.4555777431834 318.5255925216669 157
198.1578646955866 26.662098682167734 73
726.179598192303 291.6467234454969 610
969.3096268345536 946.151480618253 564
698.8035041599037 333.41949353028434 355
390.5930925671698 809.7187410823565 204
925.7427803341321 213.77567325305102 49
157.95879552725944 717.4165852726253 913
684.1793395961316 737.1683445839168 825
33.03263724441852 313.40057201780405 552
547.8345242404619 943.2770106679686 354
983.3366627907728 843.6346856433167 267
545.6816068751727 845.8966910192653 894
710.1811444111435 914.9862676051376 513
334.501734273366 93.59637929093057 629
737.365590224993 741.9040170759789 383
183.71285108004554 232.6922000467121 873
667.7044520268984 990.06689015946 500
221.9390447514583 308.5186094696056 913
92.88810626774702 102.2138541037183 712
440.6816528305194 100.44505962169359 503
90.76890226375156 326.4732538339785 539
354.23978656947395 27.71571926856953 769
660.6760572245462 332.87224092930956 812
515.4061029968393 739.5063784328519 258
514.9256764192598 812.7338907085845 889
83.54379730379912 763.1596552377143 322
868.9102872958958 732.4412773297338 801
374.46371456160585 554.0950817478436 558
633.5660290514492 147.99050521819478 256
754.3013236541077 404.6674705432475 634
747.1880838867969 349.0604981025296 893
278.53030227367316 85.4584678703647 418
799.3801185399575 260.73128304417116 963
213.05998881230371 455.78839681469555 949
713.8761697707621 991.4873067643629 571
996.8393312448989 162.69092160248755 422
815.8565776996004 54.28854479822365 457
63.55024190267078 382.6815682342368 639
261.2829692921608 900.8738386572088 808
290.6033475751871 492.81272767363913 47
247.63391524963552 567.2598224923579 532
801.030583754917 894.6287531432783 324
58.64270611792266 714.3909363620721 92
123.43108906909161 174.00508171226758 196
312.3526868989718 616.7267182695962 627
250.38102898767877 193.262692172251 418
739.9416411703149 140.81804307411605 147
842.9391666774288 231.7344087236557 469
302.59342574142335 945.733949770852 359
477.3472781706697 135.69313675012907 162
916.2778714386035 855.4676489486676 54
447.6074863638038 175.58371030703745 57
89.81002179993614 834.1119684187377 45
702.577558807558 747.9118650916373 348
665.6357601620925 253.52765725160475 453
340.77364042395664 348.3940989155162 652
22.761535335090286 310.8650746634148 209
514.6414597563362 354.7821584976465 88
256.99357901099415 267.30299579444625 64
560.6260608271876 449.24687237399706 439
35.01485759089229 87.7379132355961 588
806.0117951170207 839.940715158955 585
661.6050394709363 149.12824435803307 669
339.9193158141942 69.20122743816859 35
894.3396632340965 731.1589965937893 265
927.9131846558375 882.7986415861945 462
442.82415477029934 184.29615080650663 592
214.91688235436047 608.486592286502 212
669.3473247534866 128.2954378380704 961
770.5729656445722 378.84522052165414 166
97.04045927148186 206.0383820653393 23
732.9244705065729 937.8560723949267 388
937.8300501900266 319.4916188728659 527
142.6256993829247 319.3555306475331 810
878.0242234235443 571.9966144332413 110
233.20516054982744 450.1377182544847 614
841.8049781618698 26.78038982123665 402
569.7324385008848 936.4197826360833 275
142.55561190416398 617.5905147780708 296
604.2473462780295 69.83077568766139 320
186.26288545332991 766.6849974079357 343
30.967377880243507 958.1976892168984 468
549.4161945343624 285.0146474083498 486
579.8257741487702 693.633138378336 346
995.7671670209019 636.4524634060851 647
405.4349735501057 513.8507174317516 629
888.4558595725866 748.0466541390825 444
901.9868627557805 490.8643193201867 747
34.9737766347733 47.23408650098415 535
190.1892453317421 358.66133817186517 495
216.9016195377269 133.4237663013498 862
226.57000264422166 104.18040210536417 363
346.68244630730396 764.5672140747188 364
999.8808161219642 953.530714970692 368
990.2018679370142 771.7144306780278 121
640.6813147708505 612.1563903365802 618
859.434425207894 949.483525188368 207
848.0451597861899 185.4832136554234 756
322.66152788733336 85.11056260713212 805
634.9408691628273 640.8272351245027 957
561.3159673283714 138.8493313915542 781
985.7909615719495 717.5898938294564 434
165.73912041911788 146.60174656221804 8
185.72250373430055 927.4320524576972 585
802.3752064267367 428.8631305529318 307
913.2924246135492 859.7774539933725 609
516.8335889811234 752.92181259686 526
5.118951722594356 128.0569854674427 460
598.2507754634581 190.50447736655173 581
839.6748410363717 163.8349050335258 381
96.94639228844993 493.4641385935903 917
629.3631508952245 108.80967582131007 141
316.91270785183144 64.81801484039428 890
829.1655275113171 881.1506975289949 301
772.5427603352497 162.7194080147748 561
367.3943322153842 337.71115273353337 768
94.29445465365916 114.28480915710337 763
915.5671287979895 400.1095103101171 133
247.36320545977532 23.92691474851749 536
911.1954504438569 529.9399499827325 133
613.1815671489253 94.7032794781828 470
226.15003747971306 620.7995122260289 153
850.9670291429788 785.7867010990662 103
39.30079501930639 985.0162467930727 507
398.85477980082396 363.20410225779045 13
415.220467141023 790.8640157529795 889
261.0007105165327 16.017332946552276 689
947.4165246017186 487.8006010348419 732
12.828542806158527 193.9883770964236 919
811.8033798524921 575.873260215405 981
237.3772664051721 546.554214890885 144
139.62091656586173 738.6891460151816 751
448.4449686886569 752.6290476669557 126
5.94959202488099 725.4888723572236 897
0.6688569777343334 572.8592622917905 348
433.3467441921415 373.06150349060476 127
924.7357136592707 791.4485817001233 759
937.5432057138306 62.78195366646911 896
95.40399709168912 181.3224593147411 6
18.82626851574798 874.7178959043537 229
986.1101971267042 75.47112320031046 589
455.0291104327231 724.7851443127961 58
428.6758191451886 727.8937974864659 830
788.6605257041585 696.1191281341839 38
304.2258820884324 323.1104068071702 340
474.1748218394477 317.05401042165823 135
806.1953041975808 92.79485125381326 180
485.2977444646239 326.96324516760444 694
476.70683785862764 302.48146576919345 813
119.32625082526327 293.54485596174 966
17.304286217289633 171.66299402224573 359
438.3710594251753 948.4744906622308 211
711.9333178552027 502.73199294566507 148
90.51881520074102 883.0620754657429 131
695.7642110907819 129.05628638714006 401
978.1786862369554 477.48861024913833 64
320.988848784973 222.29356720371217 73
71.48076301367878 211.30576145348056 486
942.5575249965464 219.05226719832683 809
888.413979017507 727.6522956616299 547
358.41243628303977 538.1380744554679 858
243.58218935262266 11.961042336682048 312
217.56082889487217 45.51972642340374 628
300.6426617039122 359.4799188390546 232
588.0245797548353 609.6360488106673 659
482.23797167993496 837.03978006677 854
27.123771085214578 701.1210822729988 572
998.4794341897366 647.0473748753371 811
191.1281220870451 879.0118447003869 562
623.5565679373162 509.58429036618537 246
20.964506483049703 458.30654102187975 538
284.921805889924 73.66401825916901 696
39.57239348431385 864.034001460899 794
54.89437483841664 819.2066702053395 996
766.0856847670829 966.7048430449693 664
925.5935156369262 249.83123941954878 120
132.8253633357005 768.7806932050647 758
706.9757241965594 28.81773325870951 67
116.45739882482431 204.9935969283355 405
953.0126100435075 616.6713424248265 996
243.90696080790497 336.8977096195882 256
327.24893397743074 448.52554033042446 404
537.8301623292136 192.51186888585525 427
311.25586555738494 56.467845802874116 900
406.0260880352856 35.82338233818827 836
112.15008643251866 130.03592129906895 440
357.15194514449524 943.6917968681448 697
991.7756844558623 454.7621977154913 560
915.7665924042461 61.37726098695917 887
354.4988291394383 702.8256550774745 265
987.174439896893 969.1428036413964 645
808.7114662150859 873.3891645109285 498
507.03304886185805 71.19316406020026 503
947.7608866624987 689.3388187124337 60
671.6341088085903 490.07514031186537 524
268.2964957184959 870.7874282953105 629
137.07598937747255 132.42139144331077 452
135.46888729680308 13.005785336267394 98
246.35746288698047 491.51131816237427 158
164.1268360294198 460.75191367178667 341
654.6619580127162 188.1681936618782 662
334.9430015716031 951.9625964145561 137
307.36241863250325 819.8114916215175 905
98.21206501529545 392.55550837537356 622
873.7210036856628 79.47859177532135 746
499.5503899049123 559.1990116464265 295
40.85006064170793 83.6989466001461 251
57.446532563148466 128.4862565492003 732
626.7473028040998 73.87306193842302 759
729.6851218017139 963.9839495733852 459
571.4109250247542 457.6480426182249 906
332.89446934550557 525.0487409683222 932
109.89022437586027 25.440644802112832 104
596.9232850901772 91.85919441748392 638
750.8435939370438 189.33147509340574 26
7.1159757142646995 143.97822279769977 136
772.1345829953245 62.737803800634204 403
372.3142256022253 183.9657317218164 945
742.1952637887135 17.530901641290676 936
581.3009092646009 160.0235896317862 146
828.6340113443646 981.1134280263963 162
153.42319914870305 552.3368560715932 491
243.6906016584849 298.0571584258049 410
859.4639078364714 316.5834791006183 540
213.775402454915 266.12393458840586 949
508.11581568638695 519.1077216609131 58
193.8816711862633 171.84938508829373 321
534.2959620160356 403.2920839391884 173
285.6277962735355 702.8089173618928 976
966.5664008387804 765.7287840310281 970
443.91741036621545 957.6279952698748 695
124.3110620010236 350.5291285272447 190
438.9328308269245 372.2037274348545 858
492.65202292186996 297.1099202233807 17
459.54578891815754 4.867359502988888 709
181.34857345875844 45.310424319541795 307
347.4547100555436 493.6457540776491 562
270.97180867635973 597.304350952253 527
556.5276244231362 589.8024077822918 323
211.32205453321362 70.83182514337682 741
106.17200619242517 622.9318090127714 981
19.259928157856155 229.87341714754916 134
565.1653211105476 744.8501525763828 270
651.2232201293363 134.77746674894874 691
285.9578656669206 171.46288449836766 216
729.8970630001367 645.7941276211667 378
732.0760079602244 92.50753655875332 185
438.4724897923941 410.4186572025906 968
824.0787429964176 660.8040866928137 118
909.5224373193952 235.37871022184532 723
342.4399278380219 867.0953518755994 591
377.154957630246 859.5497411286453 727
622.4881361664771 142.65365600502278 412
694.5369755789023 84.40285567136219 463
992.9834980419082 179.43323336394712 141
341.27817950216786 256.7399212643977 845
168.09738063487146 262.9959136465202 471
283.515414314315 984.3737175623628 296
223.80763861532537 334.56206611709763 999
986.9018779785163 330.6490305391435 120
594.6579305377101 289.44974992527074 720
969.3731491843994 541.0414613646 612
34.04740453626442 338.11433149441507 390
928.1900832929027 670.3974747639425 536
885.4205482363682 477.1385597704183 228
276.7606812296862 493.9260418452708 627
79.23881666692378 742.157840206868 101
515.6701514723658 774.951931463287 826
371.36613984747066 608.3280203409674 410
241.93566013311917 804.8850666160107 952
18.734039694012218 328.6830861140509 567
835.5131231628205 934.6670347870885 231
204.2169709806304 728.4378504088137 695
438.0876466116949 938.1865246733819 97
302.3407939670276 981.6852862609467 425
197.36447483737075 139.5395039865207 198
599.6293189490747 41.75296404139006 306
225.96466009528714 721.4669379278621 179
638.7992453817841 369.6936787500079 802
193.5656314885199 634.5236349200569 851
723.911638569182 361.6528794362088 597
485.60909040100984 342.91682817978307 270
889.6023354524507 70.53072986022602 345
85.45949107115969 314.73400018569777 485
941.5988190946846 828.9452515393348 357
279.1301794645046 428.66513019057163 13
451.1050604805811 329.34707466178526 795
713.8743176152469 545.8436064935457 420
443.9847297230295 315.25949608061865 912
584.1916581575849 386.1291409356138 211
970.7681201322323 922.9802051608386 213
885.5519520867929 136.99861627405707 89
956.3311806597761 776.3986824948602 13
807.9675862074906 409.20781216902833 377
777.9958189188192 612.1621952951235 622
126.42348263021464 714.6903721360587 685
258.3571950558066 577.66822270912 485
721.7286244307354 141.38427105936867 813
502.5948970220493 757.7154511121076 810
152.7262587600904 823.1551641634633 820
126.4251768363004 808.5107711598446 818
538.6597302846027 642.1909426172754 126
892.6767216485202 437.36902412522517 230
84.74196831505331 856.0182227721918 46
743.9270555198598 491.2948672501254 673
365.6239545646852 632.3451817575349 585
258.87457919801346 860.7584363130793 340
684.0204761958769 849.4295648563251 458
284.56267538960924 431.3983120140792 584
728.4271326237973 24.144786660061477 676
889.0274214758927 752.413515799879 545
