0.9176491675176868 404.8348563770349 277
281.3902278960756 805.4767570098287 316
337.5000985967022 793.3686528357466 410
4.9261752085542065 292.4243647786281 89
913.432477522195 444.42942432906005 466
368.40416756619163 942.7537911677827 991
694.8921204620368 578.9164318097887 505
530.5417206734427 711.6584673350625 805
144.30185535631367 182.0594523432446 143
714.3887509925321 832.4175249725383 920
757.745416160478 786.7049375544502 627
161.96407218477748 188.15925499667387 74
679.9569114990379 678.4351169257029 1000
335.30899072059873 41.10018334408494 582
473.85589315629153 996.2435148953971 482
699.7014944867673 305.55747607668945 308
212.70029970602343 638.1162451807537 134
364.7982550360659 639.4082456677188 391
120.54460337561402 414.23980914575066 685
733.3491938018475 582.9750545867636 830
669.9722876272343 173.84215745660603 198
406.0440479804215 485.8797607353872 456
414.1962261292147 669.431696002217 318
458.6224767186221 997.8642548470152 509
971.326986308529 134.66635667287807 553
447.9351188842856 561.2402022235146 524
977.5496176051214 702.6631704448306 902
365.67774819877917 652.7294006384735 389
348.1590411731572 297.9560464981106 790
552.3134153505845 113.0912386937919 987
537.4911916761178 570.629243485879 826
317.0285907548238 569.740233794944 813
335.4742108690975 711.8267009374069 710
104.35325895111924 68.3012799102839 389
972.5877316504251 972.7983889623814 335
199.32606285677522 687.6776553788136 229
723.1597697107327 373.7849618400946 115
448.3585815248933 672.0138176333681 54
660.4268333525098 304.6373331480562 101
875.3044311477803 988.0143211422723 895
80.08724975655635 437.2715401406551 853
15.549346891341575 679.3049219924363 907
630.1265231333828 719.9426753379194 65
342.57150386671543 585.6059114449605 450
822.2293880826123 50.913639269923536 611
850.2520436064216 941.9379209022208 287
127.73461421238797 642.6397112932276 566
194.77697058525166 766.9615015484759 864
583.1618709110234 992.7759940329569 835
265.780751854805 85.04862540291536 387
540.3882249764094 730.6689762254581 187
361.7304197810249 672.7175218593342 626
137.70904165449028 455.69211812033086 361
635.47940600288 830.6525437972535 888
462.5273137386954 906.6976130024457 271
345.6246996825625 188.07302869840103 320
823.5243267616572 438.6198051686161 66
637.1337121415002 409.0003617116521 850
574.2729749074118 458.8166471656835 571
854.6800478006809 167.84824529204977 225
197.282427344616 793.646560817126 560
127.95408004261478 550.5129518976959 453
94.00537399291376 305.19798164567214 739
168.08623262722566 933.0159440596226 495
731.3938387890365 28.375948670615216 124
867.8159069992615 345.3728603335615 654
728.1054286066059 864.3399279582696 459
802.9991350421984 313.4640023936524 816
278.7239360871556 221.75168928110202 863
81.4675100928397 406.44606188862895 498
868.1538819684563 845.1744745295115 996
371.5562893408646 489.5529105078905 893
631.6965059092013 872.1562489892832 957
245.49887854606501 161.68520229493254 966
232.2196493467159 437.6469058103044 843
499.3024743367105 234.57041272267344 907
968.2971768035907 692.4863213418604 97
902.5568318330193 982.0985912818466 249
987.0153814667894 13.209642300578306 605
615.4093087837331 226.89382631314825 820
308.9132294432684 71.94760216223206 305
485.7642390282132 29.225252254403866 428
109.49526116332731 355.9778855107997 866
891.4935239684752 105.91733181522322 14
901.0485955281356 326.948397416473 18
784.2611222599917 381.80646837576217 372
450.6397254988489 443.5328694352211 187
202.75509799267445 961.1926503055398 979
341.35922576469255 184.42413977425775 138
416.5660579332284 198.86437990925432 810
100.84226196601031 316.949244918325 826
979.4388642368359 354.3791911449065 124
1.8955333616778036 732.8848664710088 38
338.85826322844946 612.8949162496721 767
747.8082367229316 288.40845286718184 819
913.8876400499597 67.81922410961994 147
983.3247709550359 860.165568655459 772
344.3969005034444 479.252498063514 758
97.79092859114446 78.09496278579454 933
579.9264856243148 154.2378901698783 310
572.5159709870883 321.31749116314865 909
253.69161240554118 157.1338138946443 164
939.5630356788957 306.7227758400848 43
360.78773816117604 729.3246568458236 101
927.5071895239113 102.66791566793354 417
100.85678210346994 924.9547659405105 512
937.2577260188962 355.00359994565633 241
822.1235467701764 301.2672702887576 309
643.2621547363664 895.4682835791334 899
720.208299924521 346.1706784257578 233
452.63300420719565 286.2522672634197 45
457.24394507562994 560.6950011083566 106
904.1420330534419 329.7114382546482 148
916.7359519172958 258.2724765535198 328
702.1856339300841 748.5002782290744 606
278.4899231458372 554.5809158914221 533
506.6749181720486 236.4934137345086 414
731.8093157908618 319.982241410721 296
717.4066485832976 558.8047062244677 402
579.6203670423752 876.9310386410056 834
19.318016053306188 896.7979766992055 147
216.9915251012444 606.0686884181597 96
641.2130421899511 994.5323935311558 304
650.921874378195 88.52414510192352 100
305.5348142480675 500.1839747372009 779
618.1048803742068 250.02734608251785 753
483.2593809762411 830.3374058418015 617
644.6537668530166 465.2490426872714 719
152.98769028911263 250.33346976811066 106
57.43055570158984 529.9256143099244 21
259.8384230863443 438.3732506085326 397
207.70899688111822 978.8763408813925 434
149.48877307059038 297.88226603132904 1000
585.0297791012385 633.2410499950465 286
19.260493885823628 413.40809240848785 73
92.38821911807659 533.3467492773262 527
874.1875912338721 669.3201609757239 180
371.4627701972124 812.5191672541209 349
190.4424151249894 19.738625798720875 950
725.3115668937496 550.933994873327 243
383.0163671176354 910.592985207319 850
886.0471189290611 196.4868627252465 851
306.54183559737015 984.7014098673556 662
164.45977702280234 974.6893361114246 698
361.42332479930815 132.45207962781768 494
543.7469110610218 649.1594398382307 680
558.5621678853433 352.78450403995686 720
121.75580460701663 89.244343955454 688
451.57683971342044 632.4181322030671 306
714.058544960528 78.4054118584132 501
579.404829861517 223.40770031803248 30
568.7378185388999 30.38216841506958 422
763.3695654975598 719.07626785133 437
582.6719319443598 850.8009227532783 616
115.12523742628534 743.1143055572495 611
303.1668833582497 126.47644563948023 601
621.8453877505004 473.80001364401545 320
5.62646738337913 522.3841122769753 613
452.77464928559255 767.5316687203002 273
986.1613395500351 475.2469091936883 575
627.8645285725731 709.1991943992916 84
186.57172543676893 165.7806822444583 138
413.3564604280375 319.7396977423571 54
65.50380152907742 347.3318094609951 265
577.6333199125152 390.05536700272927 884
854.2402317493016 841.8079771616694 294
925.906469848051 691.0274404543395 675
355.7027725818771 620.8081054667822 803
565.7145122438159 61.722841818916294 853
675.8509569783184 847.4496826137877 849
869.727750777578 652.2814582735061 377
492.0823758845385 782.9584754686291 432
878.4307329921954 962.9154902349716 662
266.81547797108294 796.6019636289659 665
402.0081646863638 835.6651375489156 427
108.67595519320427 885.643903209214 296
127.69842676448006 978.7993306161322 852
232.87476249161722 616.2970565191489 1
102.33072656556719 488.1706161705701 182
649.7665725864919 596.2482144684348 102
498.1666538294568 901.1224607485207 210
983.0388621991733 906.3411195680982 516
625.2631343842436 73.15741200219028 772
68.3656836946328 930.3373840570986 435
144.51523301867408 230.75044287693126 563
995.0094673711324 235.42736872340487 227
179.51842343447177 7.405560490818197 708
449.69178338547624 416.07252383044215 810
588.4558359255318 195.13398533667646 431
500.50940767060916 682.4465804226758 556
740.8663867907698 129.29815379747288 249
418.85424423287895 510.0312143005048 169
572.6941956621876 816.9920115684793 753
85.15746757260779 929.0373310561876 1000
338.28951649034934 343.9996072166861 53
800.8978874061443 205.9920698012432 319
742.3706551019754 317.36432194059637 138
648.7688222355584 562.9523861553804 430
125.27433148492528 57.98862245457437 631
796.3140670441189 746.0385013693514 263
843.9514712668517 205.55992894988938 998
117.28859542918269 979.0314668823698 868
282.9695018193138 923.7900176056634 395
925.8057805732625 559.3812702757721 980
72.51575134482557 387.08780827277246 684
659.2898879051049 691.3600602231876 625
362.5796425721558 805.9267017821844 706
609.2619732982392 303.1311842037009 695
998.3139405662489 162.94302405671723 170
772.943643302381 574.928810834105 954
69.79326653501094 526.5240843679137 757
370.61328936634663 137.80741774345185 83
179.57091857967112 114.83301406272074 318
555.0295478662445 80.37829739279667 488
222.4511395722243 62.5593709519191 804
99.56002484604598 232.59738278610243 671
621.4385169810319 911.6613036164947 990
655.571058411882 146.84385256891863 97
65.01980583294143 173.5372554918687 253
237.00866252270757 439.60793621762184 188
954.5637806613101 697.2573853253045 507
849.2982077868689 308.42900551650166 322
251.78067071915655 652.3747491130412 558
560.082119465483 4.109259189035042 317
5.074345686919446 738.3407043306771 468
545.3218487213798 181.4121417732124 568
868.4620994159271 449.2923254378371 418
141.37320217291239 943.6099199638854 940
297.8449674470007 545.2941249313693 143
606.5628271395749 777.6529921084448 137
943.2534154273922 415.55112187805145 725
899.0669667481079 989.2197955155224 995
882.8837040206798 944.8969504355227 202
979.5150556533259 71.373761938628 485
453.05125866515783 240.99622392835153 773
657.2001972744317 888.0585780536876 835
285.102275199387 626.6204937236688 440
202.7366415676418 901.123687500004 754
57.958466494954955 212.51053865041004 593
706.2936386394363 587.2846379601982 700
492.8200040503341 417.6602272024076 228
180.19836628291864 874.7785464783511 383
227.90541774948105 843.7707654610629 925
696.997923307513 617.4265586927161 410
115.6309844260326 329.3888121235964 346
900.9514344730537 139.6951806284369 940
226.5718298369932 575.6440980525879 756
557.4396381579863 875.4806631292854 971
628.3900190208816 294.68431629862266 714
58.858585780244276 206.230417306837 156
735.1818719819331 196.62050710082357 891
147.45584574710225 314.9039017456993 939
843.3651560248769 335.560321651033 531
554.2906156195429 351.3179415783223 738
534.4117421162018 924.1651716295321 607
107.64214784998249 136.4419064366502 867
484.9132866160586 686.2860036605621 468
292.57609795843155 76.19815189776158 732
285.6491370478961 244.9747421788121 924
513.476086559953 984.7242176725578 716
508.6841595949685 67.988520028039 870
709.4146003206973 897.2757620711295 625
641.7841646420135 970.0811734472342 443
949.5175027306029 521.6199487853729 537
322.9593774592386 254.81607602857338 889
969.8674534047478 335.58186346223926 20
26.177438441372768 20.69144871264994 803
584.7124323843817 22.45407696000179 115
601.5900353454888 770.4132847354622 968
136.59084828348546 791.7227130348205 2
74.23594167163483 261.57941212411254 5
333.54840785629926 825.0072388204865 19
285.41252591869073 522.1294638155498 40
320.22163406108075 941.4789421135295 936
499.74310573357593 912.0047958461992 225
684.1992709851459 891.1982458950454 85
164.22167971366807 534.4161983285497 768
980.5490163255711 723.0818202798308 11
860.5543797706417 37.75247094996126 873
472.3570407384243 56.736507985216235 644
934.6076069157673 787.421466645008 478
184.54741984757607 487.98269001290504 896
932.3048346032842 151.63165093677168 89
840.9911675024345 703.694700546463 966
73.48491818183156 62.25632939974446 33
496.4336062393734 540.8560394734466 903
763.2149575636503 234.90159412875587 332
583.3634116467846 221.1415505117117 225
563.7255405293636 570.8544691552102 741
297.9741611956491 690.6187174382299 389
635.2709672016829 818.3558764528477 885
787.3271489908713 634.7425091432003 742
762.2872871978014 690.1369535953968 796
749.3505727516063 523.135660063723 985
461.94182602115563 832.703789280087 731
366.51977675703154 688.9045557873493 465
216.33370902935923 405.1142835451184 164
861.1553654475034 828.8198472187361 239
921.8973291815958 732.2432230695339 341
125.60719706993584 597.8381055849846 592
715.5118388412372 226.02892331360093 466
257.6034431242185 418.14410899352083 505
465.8040381978371 518.6898328099371 161
851.4225479403237 915.5049946956852 999
135.4998716501804 654.672936360059 906
584.1103455860804 695.3321257296595 756
499.98637965499626 867.444710158365 886
213.70561569368064 413.06456218673026 483
254.74583614744972 502.67858252464134 281
748.5127411880812 110.41332133078141 517
375.3832467024606 71.20483758336692 866
648.7202449125077 316.57696540979964 438
544.9754831116152 546.8429794811675 565
396.03506323395175 399.30588208555895 922
925.6819179638197 463.21509180455655 988
577.5789803852871 235.61460454550465 244
501.07714299330195 224.23049021218466 478
965.7865386631798 670.8053369642889 878
455.78374941341303 367.22662220304346 730
151.11694975821243 309.9987853715862 702
131.01998031093942 265.2950553950236 77
378.61539130970834 910.8639808044044 988
738.5944322622119 728.466944876817 781
857.9956577759249 277.1746775666658 19
59.81827844972221 808.7355409364301 673
538.7881611387041 7.76001227821288 639
711.807238927231 966.8984627808032 920
550.1928891803085 372.67529491736985 861
593.2501657223148 353.3517005162392 949
568.8534748290497 600.2166424707342 61
34.43706945951808 978.4181507905749 600
19.781725333597677 651.8166950460529 556
570.044463156033 621.2508353048515 791
5.438862398808864 970.6683134587647 812
466.0388777772233 552.3134713392001 441
281.3430238168956 71.84965722539161 85
468.2778936252241 253.42960048852592 410
886.2467832118572 759.2977465785318 725
556.8015638186696 989.38152244567 739
549.4492523823145 953.34155481637 953
515.063011218445 495.29365116658875 749
265.21223476466105 79.21444609012518 187
344.0930456760699 268.89782143981455 290
227.4611993087873 781.7972163801469 294
61.20315673271326 127.14885872742965 222
762.0855765051912 335.4048855720554 659
956.579468636974 439.0656945145006 249
735.9878348258344 676.5450753192719 186
803.7670856488269 48.810155318900094 152
175.69752554313777 441.6038544053736 599
240.8264403252559 969.131743157953 762
99.45982797366992 216.08798635198224 518
953.253174930029 225.26090624238947 268
803.6457340538722 926.663303706643 986
197.2605481630807 531.1636510392527 678
622.5859777849558 796.0376148066478 163
734.0233692292666 781.8581505926671 654
651.6283319001593 521.5313265820012 554
406.3870788100572 505.37707864075145 116
405.3290607826382 317.6191696905215 608
81.7173975295803 116.86692878181115 371
219.88538725972927 807.7690157731242 23
222.18830928475876 963.9869381808287 416
682.3738557381722 254.80935643815627 433
16.6039435852543 297.3913200449847 782
422.28956479531143 520.6454650642597 823
299.9429216996065 971.4426987185861 692
383.8202027785792 667.2713956850142 470
203.71033797538496 409.26682741096266 315
196.8147736196757 435.17138763566555 119
96.54789203716774 296.62393502992137 868
613.4995974067035 24.876347788430508 275
185.66578064374906 697.2412136210112 327
678.2522898158633 173.433791721621 736
712.1825860933501 46.5830847763975 996
929.2805889718461 907.2792142636556 49
865.4129198298247 57.205427640581675 998
907.1285524238525 680.5581039458433 901
599.8081636008644 614.7645633456465 962
219.619434090621 594.3049976787852 745
185.60685941068078 905.2783671684376 907
398.05330770174953 177.15481999048333 700
617.6784425485407 12.209116917453077 157
342.1586760506097 434.2517944457138 323
257.4832191141293 853.8744741182751 872
352.8962047636732 57.341893868636305 687
766.4926050901323 928.492907707112 382
734.7513282277661 146.24892338016227 691
456.2462935106532 698.7923500777467 917
634.9664579196383 336.5775693052195 469
429.80250985544575 490.04898408741116 456
859.2818126568263 862.6814971446086 752
518.0335038041029 539.1023981414644 763
888.0982986069081 272.74168525177754 568
195.19977674477394 227.12314844788483 86
27.083197922695202 679.2503238829108 553
828.4756694156689 875.555611550554 240
307.9201670271082 932.2947364616994 201
588.642819129489 579.237113861355 889
244.38207795966983 952.4330001088344 786
327.038697813945 561.8591439676132 344
87.54495516314198 300.4687664494803 86
467.9851275038024 332.3601210044971 386
385.471160867381 945.0259851406769 407
899.3421738671975 421.2079875406539 661
892.1900004156886 823.0824229147831 916
772.1806527448197 213.65660427812483 44
283.00998804803146 187.29294653747442 953
438.6262941209023 576.5719939172424 51
818.4040963507613 841.753014438302 289
967.8801589929994 114.46956490399441 425
126.27179168609648 112.21843605982917 2
729.5422243957431 992.0657423206417 16
319.3249247909841 150.5619339291826 28
520.7923117552735 526.4104228560051 898
320.0029560755704 685.8287817226452 220
449.3444332257317 493.70611444689126 521
888.1431721307856 466.33964460458753 649
743.393199125397 337.96737680199084 527
194.48234794085096 434.02235946782554 253
593.0962347751615 473.0466459981597 468
312.3539480926587 870.4950609102093 540
830.2989568126095 306.9303012067457 28
857.983733143258 736.1120964041152 330
533.9162212071923 204.2935285714943 958
564.4805126783021 585.9470890612503 407
559.2600989188742 865.7489277262852 459
351.92431434880143 903.5188364455066 242
524.152999130874 474.9481734513038 342
615.7348967939729 917.2380896494202 362
474.6595676619129 934.4127020618769 975
986.8235210557655 73.15810081116237 475
209.48484742527907 941.5629822752234 522
293.19531961755155 495.186736564504 859
864.9662262995155 355.12025997122333 78
876.5269589437535 546.4389041570315 528
598.4888454228267 393.76282808863016 625
937.8454007265453 427.05671022585676 649
3.654612800760071 532.158906499874 276
379.8737071730305 47.92558177090167 462
378.39307551936497 171.52496325310253 982
12.307976995967863 912.0685307786633 371
365.58697966287747 432.7432889093508 618
632.253861446433 169.00640085052243 895
314.1724833002495 513.1742248619757 950
473.23330368536 176.33451801405153 299
851.0913209159578 910.8573819389038 681
872.7343831462391 775.5562747644144 475
104.8807771907455 42.0959764293104 218
849.7329646765688 968.7277571583647 130
375.11843369471967 276.8412549086201 655
850.8092228787768 97.17635727674734 806
916.529574240234 351.25131801571206 615
199.77123148511555 812.2540281113529 146
188.1113447692434 735.9523295556221 441
785.8733763222398 892.6902673797998 931
47.20333296037704 241.16402273988658 656
863.6112283760003 437.3616903516898 154
677.8305923416975 449.63306678424317 799
987.4636560462993 111.94464501381506 974
300.86962590950304 827.0663599981091 940
81.11386054874514 24.789941979502018 85
993.3387105298948 362.3857712989934 334
919.560649730918 743.6045463348512 449
838.2419840972653 521.6187713143061 343
73.17158011094082 555.1092762507092 345
962.246293937939 143.0958412243536 364
430.508107268316 311.80458294574197 218
761.5526032374062 599.1539484297076 756
389.87702387697897 655.3585357721993 69
588.2617248503577 995.7291849581889 532
298.3354156308783 116.59507682899684 226
225.59112275477057 920.4801648772177 988
132.83573791554804 503.1120711633714 125
978.5456887262052 13.086449351535133 536
435.13796341611476 828.472598723802 450
621.4640759762034 744.6764144902044 731
898.2315029541463 259.8203868950497 360
291.8773321830828 159.60929025778958 46
403.3694009103118 645.1767398712885 257
398.6645609957813 255.36146918722912 85
853.3600949760073 39.477930401166205 691
236.13601528935368 951.8991362987585 443
178.80373746299338 727.854015289974 221
784.7338532687943 510.0518752368455 219
441.41242273298155 404.1971153725289 881
917.4178731455664 654.5018211012942 539
138.3757652745704 291.9457914286644 277
806.5030332381538 745.9542691181932 335
906.1673581217239 810.806676542681 194
542.8967712900406 744.3118918119469 99
615.2843731592812 954.6241990801508 56
396.5455235377001 777.5700842846966 919
278.30794516439215 359.0426233974261 677
992.7761775137908 585.7393907035776 304
12.19214363495258 170.45732401454438 355
233.57716095229142 813.5814807853283 851
196.93166957710994 491.807954228841 215
528.861659346911 344.77589598461975 253
506.1764153323294 806.9274530400234 733
258.6708676780672 733.46358126887 98
331.59831219307625 895.9874278540265 864
830.5212979767482 600.9636480201758 381
342.1514750194448 648.0465798916188 880
592.7108175453732 61.816146403053 135
46.02743483935501 727.921983911202 989
345.1986264339193 545.2436631273218 349
978.2194433669094 847.0098044738303 671
814.9960301498098 646.6628330758305 252
185.66473128550686 133.63053662231317 220
451.74943950387757 50.0130253399178 126
609.7859681892292 907.7333512703643 271
802.5557929443019 216.85936366336313 121
45.06579968668978 310.55581497778894 467
683.6060769103755 65.02830268440275 817
2.2208872687625725 651.3667096041504 455
48.03913867991583 330.22933614692715 970
34.68888312493779 924.9549305545557 300
748.6691116036383 515.024794447844 679
174.95819485505226 628.5232974074677 463
870.2591430427462 13.635361860295125 246
321.96660544117196 869.8390743670845 813
701.7973203139063 666.1931881883079 423
80.41393645296357 362.2343355119342 457
384.5599958443561 20.324822645778173 223
560.2598284254194 765.9522133011095 582
913.9725396267247 520.5700337565488 404
453.6675123919589 799.9063308683108 621
698.4313734354366 479.77980364264903 589
805.4860731033657 769.1235234361549 363
965.2311645139806 866.1834662695878 476
525.4631410478801 530.5348353834659 487
868.992166392955 18.29229749616246 363
549.1082364352766 527.2650153147426 184
336.2778277993137 697.2443844145446 625
518.404883637372 445.955783204966 706
507.21723913302344 838.7830060552692 439
197.13541267343615 520.7413160870615 842
590.5245701906878 478.4412175218453 810
929.7108822797063 198.80559180889267 454
367.89108433300675 17.864001597186373 187
552.8546415554654 804.3995321607532 728
596.0001780966766 500.3005923546795 547
804.7450914962776 263.14429898326455 168
442.26374979661307 458.8274097122518 185
590.2448750086447 374.13994448704733 476
262.54862658564326 951.1592957964151 505
634.2920739538162 624.9367645840036 411
575.9473208303884 595.5214715441654 168
664.1819335173146 705.3211102278535 172
70.13416317333609 897.9037282280123 773
480.09156433306674 657.329247206121 811
435.8214348090909 736.229099930822 890
840.6428244843629 980.3779493266446 873
794.4404735784215 492.24983801382473 918
75.17846066230283 896.0202388410528 556
428.47717800772523 774.2826367849626 596
244.26792533752806 559.4053630293268 538
318.4721637960547 767.9382856517402 955
846.9954641527546 828.3160447497697 564
828.7740523493371 7.578167237257016 527
337.77702620021097 87.29305317768798 16
902.0837185811538 511.452730685464 125
941.4655928170756 40.49544571091068 529
413.839319636513 364.2924752382861 903
903.9111874277386 331.15407750907787 449
214.5617714955047 291.14987682973583 182
357.56383876968135 654.2138573929158 934
844.6010230583257 369.33240145620715 906
266.14452234896333 292.29046241727065 671
924.6586392965665 39.86805203176069 254
453.3773050871056 184.8887283283346 50
96.425740959582 252.60456972301637 483
376.32249792744454 901.1747885473964 133
74.66619719268198 397.7407923511374 122
86.8021755153745 342.3268878183331 932
753.4258470667445 383.5517594037816 659
833.0469403177045 205.7999847162484 153
907.3939477632139 246.44316914831975 804
19.7710132994392 871.8517011886191 186
77.1852272819642 621.0785532737447 652
709.5983501681974 520.6129330922349 282
26.536162660372398 734.133132475964 589
429.47440055030927 990.8713047001113 238
264.16427861807654 550.352651291322 932
712.5701767250636 676.4050282678205 601
370.1135310611178 894.6311448287912 716
623.226245127755 931.8535325567551 653
491.98742822460474 879.7241955364881 657
441.0047243064749 106.14292848835017 872
413.7943812581116 255.19422104449507 644
326.7901570542134 827.789015078458 988
241.87175221589186 726.0485298966415 340
402.0716718899118 108.2674921049942 939
295.0326921330475 763.9118041579818 824
479.0969640456938 917.1832745140774 702
792.3191589271563 950.2808085877786 82
809.133920930665 58.89440682971126 585
156.38925308106354 32.25727839343229 779
724.981411458884 26.37753829381562 950
686.3966729863996 171.65481192109965 60
75.49752554004752 263.3523444660022 959
859.2534091419482 959.9769126575669 577
125.60501981865046 923.5084762276657 303
699.7342151718052 901.3830107825954 635
460.3677465742226 805.5967186016326 89
193.54107243613515 639.3705489293671 729
47.92521985609799 5.012367237889337 784
982.4339270706867 36.51891068777413 35
157.64775694806698 620.855389593917 949
741.2586722591074 331.3820254070966 749
992.4648209533477 321.4315796492814 404
647.3582463887592 226.0424011333847 834
341.0039391351147 392.52957613672703 639
161.1011397001303 277.38083989561613 642
599.577145626685 459.9418220705548 197
888.7577418586654 624.9579100131841 533
564.7517775234749 80.82730116170167 646
330.84488886133346 179.70796391177313 243
862.7686965459152 859.9404098892335 345
355.22141331397086 445.0514494075344 292
466.10198968659677 772.0111615305752 52
632.8282518173249 120.69172490331404 161
25.761426781505282 848.574849634111 289
60.298990988792546 755.553218919135 571
151.95976960627888 340.57324248163445 348
809.555054629911 911.0623111577082 332
386.3627727057136 484.2327412407682 846
702.079502323633 849.5514651296779 486
119.78478933558235 341.49619871381776 328
771.6418762396596 917.2788451162195 419
563.322521645673 951.8378834812358 192
527.6737428292256 37.91525255329553 934
383.24988636005975 559.3719472940052 430
694.9883810304817 484.6047253835778 972
914.5940173498319 551.472482663397 965
501.6514334307164 342.5028353604166 121
766.2738249830483 660.0052185150322 555
243.09279423586517 495.5865956983251 609
270.23689068917713 604.6774701304329 328
850.1310012818789 592.292566703907 914
956.485765711925 957.2325701339082 675
451.4568215584859 454.802951076299 325
483.64912614395837 260.1743472056247 726
238.39518499596412 430.818534338291 790
743.356283461002 530.827024281523 974
280.69177001723943 326.7907620533356 91
833.8101744258001 127.2728624139059 149
713.0171782153217 742.8901175686725 671
483.2099982499001 187.57513143524685 111
473.06989855330437 204.64425908377348 721
610.8303065008103 689.6612282110123 497
438.06583620811637 709.895096695578 689
971.2401575174871 906.992696776366 345
605.2058037929323 102.54340414115282 219
80.92185480925995 371.91170300251395 302
775.8646535085181 904.2923197722805 747
132.32009511394827 133.55712117883266 148
285.174728568226 990.6794669568648 604
793.7440994741526 238.97094129115803 366
355.13451476195337 412.9219499863466 500
635.2184734802713 797.2129635798406 344
202.01392938482186 798.3547031137841 638
175.41439879958597 297.5790155461423 804
486.3045158263961 238.50010188070513 140
220.47009249932958 511.91090437076036 203
824.3531241137622 827.6453230515688 36
286.9585925389456 119.59960875114784 719
59.21717143286065 523.976653765011 207
397.0828216228206 628.7181712840696 686
867.3472345900448 513.9111661410354 104
93.24456027723582 287.4507699906067 726
415.19258282384976 852.5465775012234 598
820.7843229961236 109.94491994958166 240
610.7789026539602 208.73170723386337 811
666.7066524245681 542.5775148042995 271
561.1781170405663 765.0176792599935 214
54.34867772073648 656.567380193943 968
281.35832993361896 731.075436963926 984
572.9672270688104 403.7818493101103 668
998.3498540604184 936.5688471710412 663
947.9043259813299 273.245617443766 743
660.7663311951762 413.4135933956806 361
100.3894172031865 471.85347691193635 912
393.6470287747533 35.35108903831274 340
348.5449937610251 493.918527763026 47
306.75711025832055 277.548841339281 357
33.91465266941229 527.9890891530627 297
85.0284586934379 936.7700706672019 937
777.9724890870082 376.45840638053875 158
105.3851434634564 586.6222754347493 638
868.5539545369435 493.1961741275315 988
854.3433376238546 592.1563613788055 299
810.7571411057868 365.4477934167011 443
197.6689887836135 934.3953045365791 757
235.68902873975406 145.62143392161298 872
424.86170746606524 696.0698949891296 489
352.9934778838758 596.9176163416776 738
100.50008962388746 836.9687065692849 788
800.9950476713991 516.6364993307279 909
413.8514656983636 699.7638195291644 351
831.2097917903295 431.13117702914747 287
643.8636170443496 682.5875197094811 950
776.5722148673801 645.9742197248037 887
783.7870056865825 475.2138232220922 896
811.8522246936277 793.2246617057989 680
131.4013735984133 882.8704436594386 919
405.0806802588277 144.48570575770626 900
358.4806128160828 728.1966100119607 608
586.4392222074847 271.4078657912761 606
848.0508683831198 657.4524364020607 178
921.3074638328311 244.20925602522027 612
753.8261241506566 704.2528565101721 842
594.8378063914133 773.0474682113097 138
810.4667056978759 923.7787304874367 498
262.31056141896437 619.5908861293442 225
24.860344329756366 518.1239170037892 737
253.6724049635587 785.4092400051559 15
348.87038682785186 65.09824485878724 849
529.6122333492989 653.025480188747 725
545.3084060448241 579.0513167810029 824
375.21976815557434 589.1455032430428 983
383.0952377831258 305.1001205173538 90
979.5720591484352 568.0460040668987 133
491.70139499331486 60.03236797457534 392
758.4472775726558 387.237345673606 360
282.6608250740523 950.7103468626116 274
693.0842075091755 645.9444695797555 816
502.9763422057479 31.52145555082231 713
192.5243911798744 308.03281894078873 993
65.59276828234462 239.19170302063097 649
573.8904240872705 91.43958783441441 66
872.5631283236839 97.88271441003371 803
974.0840886856121 318.1442868569776 661
977.6743657910921 779.9119157598427 218
601.1473249314676 269.3988153255724 28
744.4952171728314 723.947966610299 304
655.191368769415 894.4443183264823 246
637.2513682812013 742.8811266224112 801
383.3511141927289 743.7115543638207 556
935.9112223799805 856.145227935979 404
581.3771442219813 400.3921435413729 281
39.774453566372216 520.4226939813473 401
82.48065699538665 900.3511075603154 872
258.7953235997426 992.3474573597013 348
167.68238368032172 163.19634149557706 559
526.511608451629 685.1075302450063 401
305.2438597118808 712.4544316606593 340
339.98290619476325 115.96507793808364 301
773.2366706258298 434.81578334251816 848
250.74215218690844 718.8981557901833 182
683.6627818743381 546.9273376604542 922
663.4481801581301 651.7137602197721 6
231.28030276009437 603.5540392398756 874
337.53924982889316 842.8030055906253 331
464.25963056721207 267.5071957178724 263
262.3998923568136 720.5917349464085 967
422.12499421427 664.2162084500134 80
961.358537452437 514.7329097813256 857
483.77767983960484 897.574097625438 22
223.64342475575472 519.6006484151167 208
856.3580372421234 806.2577759854569 599
360.0389209200564 245.3981993462756 663
409.71765719105 802.7557429968826 804
333.97230046083905 956.9556509856897 435
658.4099636617279 613.9820967475107 187
906.3409010794729 105.69785948220733 649
287.3287230084155 344.92303684972916 747
850.7534697768573 355.3875672806042 318
319.80222880838596 542.3649618773447 766
779.2371006771629 462.9147186448784 977
907.0307259682662 29.47909263166548 463
659.0502851709618 245.56216512986694 756
198.1030970001987 68.39060702092648 764
771.5819044632347 566.8711520196407 997
386.41801816037014 858.2424880525397 127
502.37692496427064 196.18243414182047 908
411.9789857332641 364.0961492320199 917
67.77298606325321 768.9863801833652 103
290.0610673667021 912.3198827139095 121
556.4462427931345 806.0954330214646 803
362.21019969874413 801.4120144013335 270
673.6366729682628 659.8951835970554 622
651.6504658888259 532.4017902741919 199
167.24525428298497 838.9918250280524 867
751.926614383055 615.8304882800022 366
246.53535490434197 481.85243113313413 1
585.7583239836904 436.80411321219725 278
946.8490748490312 536.6760626889818 982
815.2998768734286 546.3578255619813 423
787.6299820875668 801.9289864679419 634
494.49127169242536 182.47242303480704 285
151.8011992450169 934.7684188155271 10
25.385333460564595 904.5857243342908 44
661.9612795006901 574.7833542234005 328
27.83769171578776 396.9221167609335 822
922.0322868114745 467.6105457069304 198
213.27887100717624 360.4443433989497 845
934.3436567189458 755.1217396185954 125
632.7416151514362 246.2579219438552 341
969.3153601660254 748.7358324943348 604
618.735885969212 520.2004567953369 80
940.8706787516253 625.79148526687 820
39.60262869551534 25.851480600934785 477
517.1657445683703 208.5781642689496 117
264.3072810223858 10.308745055491176 502
526.3684206749987 957.3929596959001 616
198.14660959719433 366.906512296908 140
538.8948354187294 133.19102819807625 601
52.97043226482545 24.229647135872277 691
961.0120134754915 841.4663282089858 120
522.9587215140043 241.18371383004612 470
972.5467562406271 200.52880973456288 510
689.0632192734424 140.63170418914405 547
893.453896746879 321.09052990343247 931
429.401087826176 922.1182216990899 783
671.1571273822411 982.3760360268931 905
344.553212484214 377.1768361709907 320
305.8016596004782 804.7288297061472 182
660.9123024071025 893.8403624060994 75
399.5023255535332 226.9580044351961 303
811.0390691044273 734.8423583014755 623
264.5261940944192 801.8799482746989 288
648.0547998915466 205.89032462326628 324
556.1838223533542 972.2112339736544 483
961.2627609656358 565.8575550008286 493
103.51992056931958 371.7689664134649 699
71.23194575173363 507.87039137815395 420
561.4896054346667 112.23069640346284 124
699.0686922547321 911.0898689364694 395
413.2329941991357 489.57604280776246 909
13.646674535728653 399.3547287842232 367
577.2631277632291 768.9234830916997 507
50.05690202445312 417.9984719492895 247
582.8249555185798 739.0997508102431 650
170.2354009928483 400.62566473687355 581
863.7671363920352 272.9952119584472 157
287.72895407455366 677.3824866903692 937
363.9454751956149 682.3496277301246 438
950.482156552979 360.4461732096536 375
843.412416816129 725.2053862782145 257
171.09739718995553 1.7728658808271458 391
196.70814221063083 990.8429229503867 448
903.3238545269505 695.3572202364708 393
332.5036975724034 530.7786910733472 59
979.9485127850073 290.6424979922347 742
551.0764508145339 457.34572894690353 253
297.1296560428308 707.1788129965701 198
222.79695241688546 657.0278050039864 769
265.35145164027074 0.09870908408937673 72
486.788060051238 870.7251712692773 299
246.7596329310806 222.74204108587514 427
233.7761994015166 727.3412206131043 528
71.7816395193145 553.7883949180354 989
587.1694731548291 132.27780133401023 666
121.53760166507477 624.734568322557 490
558.6833504234905 135.31777317082606 741
654.3155890193609 212.65292112422617 720
489.2766040721874 670.071914925516 58
134.36658423887872 223.10214122007721 87
767.1459373521428 629.0825552972155 32
340.5221720757772 413.23108676541784 941
245.199036076166 735.5898586943295 256
187.72997974580008 39.60173081397234 729
455.54018485689716 115.53652431529271 632
186.00360082470036 347.1148381555891 943
535.2485365162191 278.32146259852544 268
672.8218735456288 750.9979285794195 957
923.1583156331891 517.3861166514364 647
170.98213220981418 148.5718966171725 212
720.8081024096499 405.2483427293154 205
3.2128969507215777 343.2942220162517 315
459.12293552450114 335.6273284462564 159
90.9569718391352 633.9448055059848 207
960.1262274184213 3.9350093547156906 593
148.04060611966528 765.9954747817981 657
238.3019448873398 119.53578869722581 623
594.9630489431349 777.8584873553401 268
129.42781306977247 570.7054658169344 485
642.8160239090126 780.8042167993462 843
972.8225705375205 599.2161722204514 613
520.5363097881564 135.99713472590537 375
678.3049195400259 197.78248266978983 520
538.5126149607145 838.4446751269272 313
460.0850025478376 116.90933103782474 899
297.8905441602452 680.2993021099369 205
993.5147803802608 902.7852951790545 955
841.3672561321473 636.1653928891096 278
658.1205341329381 518.435809624017 704
880.5813153075918 178.5785705976971 173
369.6099351428136 817.3582713390402 148
697.2317899719018 346.0454095288799 167
778.9298613180553 208.569303709905 66
268.4984548994819 54.809332095264615 123
338.1265113101629 897.3300267411109 171
543.3011483180242 695.5800966129676 47
336.7274970263417 49.04729722432577 52
17.65850385087864 730.5674298027945 139
632.048715597122 776.6271469423588 800
682.7588989280688 925.7105949191949 694
323.79095840875016 604.1249475581832 807
115.88058088442388 559.547378520846 486
684.4756495301613 425.06778345299824 556
883.0179874607987 282.3454470242507 601
334.0619306412502 983.0115539774453 748
437.0988861644317 722.3222448106561 841
168.99591292323834 188.63724328012543 309
427.8729214916586 665.7511478713857 954
523.5769648070788 467.3970075769387 781
867.4659586047563 675.7767614142334 247
19.142700605289885 79.07951042359906 100
513.4936758019613 72.70267373958904 651
686.0563372238505 199.2764517269905 144
329.21582618123455 168.20781472466751 498
993.7236828294471 184.9197238709359 562
879.929931030507 521.3594111029516 95
637.1658193120771 846.5408815237391 519
193.756352686556 539.5153732469652 947
631.9255204538061 388.2706803721475 848
885.9309999950628 659.4334353323584 752
811.9409137117395 560.2141717080611 841
726.7897861635905 313.65337196454914 409
0.5802673111284795 184.63691993925923 421
903.2527252683659 330.3224890604255 627
194.7690293684853 256.42333523572904 976
439.01698130059987 983.8564262919405 23
407.11243835969526 811.929471963639 978
154.94257898568253 443.0357615826518 351
502.31197996720687 545.5221941762659 51
698.7182600154567 60.09110478477253 522
308.4106974284558 207.48271459423307 28
802.9450043788746 537.874074683397 689
143.5555066869486 378.5840712610935 980
75.1860941296909 842.3045014719189 1000
723.172407438998 8.498992581556397 708
8.018973840948963 513.6452651175911 388
390.0975318706198 772.3261802236549 726
165.23837706427656 662.6182812696433 954
99.26132239568553 461.2128031001522 272
944.3715569545013 812.3331935867088 880
478.0952229011027 442.3984059199322 144
28.820200718862267 849.2038766185954 127
437.7953005335069 742.2617046395386 344
732.3635515490919 348.32873894657513 137
782.4133522093424 426.3328224163259 580
884.3376233306171 23.331109304504103 964
133.54737007643104 232.5362265013049 64
265.1411102254445 68.52602427855803 444
306.71909270073706 514.3560057750316 353
616.4078900446292 617.268499818139 966
150.4468606727879 457.1724649741055 556
840.0271497568102 576.2357325821262 74
28.573873236310334 850.9275401280983 894
656.3405226537117 257.1786730275545 991
133.17096000060224 114.16329267754655 314
25.040455347656643 766.1434158648433 581
793.2071812940238 341.67958393602447 304
998.9423824761291 238.62805189175663 43
714.0744407623622 469.22930240825 795
455.2470845002977 550.6355834561656 750
826.4449226067119 47.39156709932635 862
117.01723899335647 832.4329393133268 786
999.2927320535167 356.5717488891692 152
294.9346037401127 609.1187616599128 403
345.8236643296908 834.2671377814584 617
180.97865313914906 336.9415857512416 515
217.0717426270361 694.7296042838296 621
524.0529458594483 320.1810422993745 495
208.44578592127883 81.12175984580495 259
657.2178486171315 925.8537350759823 955
431.80050141317486 139.7923825677363 12
287.9626573308076 78.91395081590902 522
798.169932346816 197.27450477446828 794
321.4119238974521 110.63738999264305 124
376.17667963401146 419.7794434961601 483
914.2776659126978 534.6265413124369 466
713.0927338846045 417.27564708067047 460
405.42493402291416 383.0983889707118 375
183.48236304871256 881.5834425041652 664
378.09201039300035 533.169297158507 42
249.0040273483346 485.71467938232206 601
828.633443079011 12.444336533631528 39
381.05965338858715 969.6461205609057 912
572.716589021949 667.1382762795589 152
611.5696938492472 873.3417497759693 877
35.705962693417305 491.6763035098564 276
119.60054341632565 185.52418437088525 88
312.82218977985343 15.814962856966819 940
838.2581760189646 823.6556189577711 786
153.25011563559087 197.20308289079568 611
232.37707299773325 918.0553554173896 580
214.28386895958428 956.3592634474358 329
939.08004544199 198.10308846538317 831
897.2811722807006 494.43886002330737 342
653.5255880500625 170.6633671716463 20
743.3518833880471 155.51757470287575 220
690.679593338199 661.118812425412 498
457.83073669964045 404.9036011122018 829
421.26815790287276 78.53986780982058 922
774.1855309834698 495.06099643406367 803
