186.17877857903486 903.4889810097795 188
253.4368472200148 761.0466719479571 583
505.8778776042171 988.5704140914808 159
92.3687776179567 850.2098962858088 838
77.97519920292962 262.96480123369315 402
507.5365668224283 683.8321001782475 522
95.0911602947061 585.3782920133117 793
164.60404313275168 71.986296884051 258
248.86231251558323 394.6759190172057 824
774.5701513678799 904.8689289694951 442
705.2003333737605 432.8029254548892 372
936.2287004247324 586.8023113485096 154
963.2072398761815 64.81554336248996 69
468.22654122550654 502.26410070790075 11
527.0562019289039 152.8229054411091 618
294.33495069160455 755.0461766424564 812
377.2881932589099 123.30972828298081 483
421.0014682371982 423.6926692664368 716
647.5778962446478 768.6374870886333 723
633.291036238965 801.3508165083865 200
350.0906394675313 840.1516488510063 679
74.5257213462609 810.1202035714844 680
940.7551705705127 732.9633818781722 27
792.7553145759618 368.04298496470386 54
863.4452073053317 610.7735217659734 724
791.0900814301066 759.5984707810476 628
234.6315746567258 25.45397174758235 531
959.0079083060282 888.384354764949 373
914.2546628170641 635.4658502687568 932
44.71172143456792 714.0883150131575 454
462.2399404014552 488.7468363863792 864
32.58597249950701 68.20386877846929 624
76.6231207852739 18.995321815642676 671
225.07823722326125 723.6320806575196 542
495.5107471489273 259.3296817724048 163
863.4986522764948 538.6907859550311 614
185.5649522244598 352.6815672474859 952
151.11802450061796 819.5591360311096 383
213.2431868563822 272.54093961282877 556
621.3645986390234 921.8842210746581 234
654.5807105435283 881.4459698952904 787
845.5283742504066 133.34741639941106 353
28.09984226209994 381.9106961456632 26
820.9546046915178 747.4186061592615 6
361.51269866079747 437.56611961446725 935
69.67628419847082 585.2511145044828 144
248.951090456924 266.57437581996237 781
176.82371051176816 158.2388903637889 232
314.0912410145701 544.2020744106896 577
393.52351454363134 352.00950942536844 327
299.6158281488365 285.2710809333927 201
750.2067657386282 589.9250832349818 741
473.06528613137544 64.77653589787225 523
804.1787502395509 300.8802469691858 187
107.96896061350137 764.5308737793629 110
3.2674933314266186 563.6930878201982 893
730.0101876171807 693.8493054504152 251
399.4413224914458 507.9879421182375 645
207.19629280932082 143.0298716349484 646
641.5938965400179 672.9040021218846 108
42.09549100904497 975.933566256547 174
957.3332750144392 14.01799810943627 449
905.4562098353881 459.1689939087521 821
888.70288798095 639.0752607646866 775
61.026552292887004 775.0807431073823 751
627.9317620185751 239.24114726769153 388
467.824769665408 341.22957023155755 150
313.6491695624608 690.221978897715 961
716.011387994098 254.0099933137573 539
719.0339049001323 864.1680169450302 471
353.9935221857242 706.2551145482424 329
662.9625414757508 26.663260410457966 44
418.7969067047559 333.267369887671 36
944.5908943273257 91.22714923897001 754
668.1341567120259 208.76737166782556 344
968.4656367312656 336.33021461955127 667
273.1251998046065 464.47072585855597 460
542.7115033972697 956.846625459016 157
736.4883370868693 328.72345011821614 400
766.9955502944886 941.4350538333626 178
12.52456809764979 751.2218628091586 928
862.9404995901978 172.23290841261706 248
943.030689853035 311.7688570195742 350
855.7647787994762 956.102819875297 202
880.476968946424 444.9722330374505 554
834.2890051008269 545.5212049975503 675
98.68663162051794 43.832207987904994 524
146.45456604330377 29.34553514808158 281
460.7866341391338 576.302210508797 817
931.4605897649084 70.77167996533218 484
635.9364503340781 743.4215039009733 122
936.273990215412 648.7225665886576 68
177.7410872477282 514.9695432850015 10
299.50560238230895 863.474300557795 280
82.64336783128812 778.347090551571 166
292.6222408690039 458.70340010635704 606
163.46795514519397 985.8519214641938 528
975.4263945925097 844.3440271817644 828
328.9163001972498 406.3853307877231 510
242.35810704295636 540.132084338619 690
507.5504911137302 735.2259354050225 944
485.6323102012138 502.61181385019694 109
638.5681467677698 983.2897914766851 377
75.25664518329566 71.21914939490104 774
248.40855378939673 271.5910347532885 264
319.58517732861236 84.30048992273376 202
977.6246902414705 803.4087612689075 973
712.6578979290989 31.390883923696823 253
833.5269366202956 312.68899194145285 715
590.9919837564634 659.2197656128394 223
879.026748718203 612.6477322266685 112
904.3482490266518 768.8469120056576 86
56.21903055444166 222.21928139900348 120
727.7294140219908 439.38395437875545 925
266.58140785025654 384.06743425297793 100
179.33101521913608 316.98645142693306 353
178.95073195085598 233.36603752286956 744
694.8576733379962 986.3689816257869 113
773.6031796994359 936.2661604694448 409
130.70763962616016 673.1037268321169 923
831.6699599594542 458.71793014070505 703
592.3558089407777 203.4040479976179 513
223.75389086129627 416.61474216311103 107
42.277329778831366 971.0695547566766 9
718.3062508518693 871.0403769499126 517
99.93753013904406 969.4035960316328 150
808.180357291816 101.23603659242065 524
992.9166322054621 705.165857530375 593
116.27448165377608 449.5546620090536 819
522.4890453729207 771.9265173545965 314
561.2939907392783 658.464459059788 364
383.72276347817836 292.3298157528537 677
488.9567466863972 964.8335279801324 944
62.919118856884616 856.4653093740811 506
162.54175781217072 463.9952589628016 911
670.7006394825974 648.1761172074723 704
838.5642301630166 333.71704317807473 500
291.809238931887 888.7926931345854 679
816.8067371539502 926.0285827946716 749
955.935974215579 35.93444853133221 83
800.0035094046594 167.82966562136835 287
581.0361388025566 349.41457697757306 540
839.8629724737392 148.5620623352495 991
722.4556143325603 851.0099832440688 271
579.0988108180355 141.6588843647033 980
754.3808055610631 293.9669070792712 838
462.7250592336437 903.4090209266766 334
685.2854454622543 896.5905777963576 604
305.61672455175204 482.15145981183616 820
750.6403060583403 924.4155413453401 85
495.70762178218786 520.6627244111946 995
453.0567726305886 981.4602572156866 645
619.3682494320742 703.2612196147361 573
755.9045819068443 11.12282947309151 265
331.177563173898 849.727043082445 150
864.7541370093365 286.8049755097818 905
632.6714659937062 688.3925157419209 154
309.11881469394575 240.22712261113034 497
541.4777572194535 206.81455895966894 271
456.35240936009046 295.55682305218465 46
687.1766281608709 690.8087037052856 440
507.4590047556389 299.5256253420141 228
303.78752549766017 845.7950250126981 40
439.9263473801092 685.1974892340105 122
989.4313607334271 84.38644964224306 132
80.6620733040052 211.1180685051257 178
312.311550348906 115.88979939891931 764
867.9687454415206 125.59973841686711 318
264.0548811488912 100.09035451421278 135
508.40482750879 297.41408897289267 56
41.39382076715492 205.2194096668676 630
836.0138864472524 606.1561268580562 906
258.7906777242787 640.1120687310272 549
29.5683789424237 868.0331795508229 890
100.93558640480505 93.3351870293685 904
530.6846272485468 411.31621232543205 259
809.5792997632043 510.16563748474755 699
112.14463818241272 169.0334195586626 82
734.367061733161 233.76094659476732 788
289.013790262317 15.941919579322228 591
649.9953750113934 23.550818507929726 904
97.84872204086793 264.72682225363377 407
824.2549059253843 350.93327717738254 928
98.61650641578457 607.7232270557467 635
735.1166657796622 312.2919142385363 147
996.8513307900879 919.7412518163324 677
53.49450802146527 273.9190358880511 804
715.1221056368373 610.2348900388 844
36.96019300297515 528.8772026485301 740
850.4246098500321 538.1822584796355 498
568.5837096040226 934.6571772629958 427
771.5168060977109 190.4354883839823 925
129.16451914851146 169.7278246117967 292
129.61829929062586 548.5951467739872 36
856.4330737900498 411.75672806355436 81
345.9180122163952 321.2719027348998 74
227.72695290173428 314.3582203384052 777
339.96017672240066 618.8235459829854 653
272.4839418971571 950.1621878786854 419
437.0071342605827 368.01781374703666 894
288.68905958217726 388.78662339170245 134
401.9294833300032 782.5482761115221 57
305.1811719005321 61.53416829193959 477
541.1134019314445 426.8143165604751 530
736.6021102798514 765.4230903743953 468
716.6506977663122 870.9373005185574 869
264.1958670469099 873.3636166133908 880
909.0815038755811 238.53476984441423 726
12.244695880716638 950.3129017676313 213
193.68487178358407 591.1961511288545 30
892.346401795912 287.91311831631515 45
987.4282434029119 954.1320361392819 421
633.1474891629292 886.4777211742934 531
430.42829372701897 359.7643245846307 652
631.7010163425965 973.2895824350855 73
329.4382199299608 351.97542795291935 904
784.968429082313 468.07658814645725 882
95.68618881329193 395.03533415969673 79
432.6746843071284 72.50828745194792 318
833.613302382824 400.58917044329 48
256.54212257096395 349.26846929568865 54
33.774419905284844 892.0082226661258 14
47.55380571959633 66.47747951327032 312
948.9364238787227 392.4852581400329 882
241.93503931513993 286.2842274898394 106
381.4573376982124 877.9685860902268 832
51.41074982995208 742.751336317964 674
68.73880538390864 141.9471240419733 210
784.2917550525497 405.9680409906418 985
446.4435452376888 302.60299211614193 622
469.97901987940236 217.2439936955608 808
148.7310881027899 307.99487100184496 898
933.294298030229 863.8073025542827 463
339.83091212399665 469.653674011199 685
112.24719427091911 440.2850996292442 595
316.15354915883773 718.4328963070517 109
971.1448008124542 557.6557001575014 388
326.4131758877764 232.67911328346568 161
755.8558825864202 897.4512131463279 138
53.497137920400675 670.3530438088393 434
770.5734750535848 740.3567135865762 398
805.8760928164601 974.2941544007818 323
245.91507778592103 108.89456811762221 749
859.6068423517222 123.34653474525604 960
879.717540207571 639.599156275807 111
759.3805641434358 126.18580316635885 650
200.85414743628738 609.8943086555684 322
814.8977829753738 417.99352122712054 865
773.4216465996102 137.33902972462187 501
489.0097829183766 155.95407785775893 763
835.5656483899888 268.5052558387613 334
734.6656850590571 77.10009051227074 799
20.760127441187382 595.9745137298382 513
230.44819115613157 216.7934242344216 18
318.1807439453996 932.2119343205186 472
638.006624552653 727.5074887522288 566
930.5778722925785 444.80190084274375 295
963.2424500706998 30.745142479711497 822
599.2897334748945 574.8493670673572 959
783.4302890590366 618.6306291914633 690
577.6801911819884 705.5317715050423 68
313.2235280340806 827.8367224149451 883
127.6615605501824 291.4154921823325 46
991.572991477296 608.861254031945 662
265.4381451215793 517.6957879281838 392
839.6361252412642 627.8334782921676 58
556.1010281887645 287.4220270683616 421
896.7328368588177 795.2972779876858 48
227.28937109500558 638.8883963087216 242
833.3789525159782 190.89193141723027 83
529.070897837557 69.16718454046055 764
329.94114343219616 214.45363383984085 588
122.86792705583038 100.90889039168482 529
820.4391041621775 767.2051742140818 813
620.5355722562066 339.3706656728053 676
376.511365715778 23.820842223859053 255
914.991913351702 42.61286608019332 113
862.6868140019587 7.905941831266361 163
725.525990478146 146.77524354718818 546
349.00083213092546 77.22788134414782 400
970.7395421151384 8.826149048368649 532
902.9701061182878 643.8301313293573 843
938.2276983248703 165.68988705997901 930
339.25596719809494 551.1124778032141 213
512.2399838272597 393.2356043926829 478
62.84512071807347 968.6211079753158 515
945.6320150145378 113.32510945159235 974
681.222688157247 605.1434990316186 725
207.1308813681333 403.11191489014954 300
999.801726516426 693.2230817949181 851
535.2536919086572 139.21250037618137 266
442.64692003925035 118.1966763202379 288
167.0686163085351 527.9866196761186 88
525.8664388202201 979.1323108665853 765
609.8868711618993 526.9532500246924 972
463.502291153582 162.5915581040679 142
767.9847671835513 331.6936558633826 157
54.00609771728393 74.8471656501396 214
793.6408734040187 573.867325236981 607
265.61992136183045 617.7434223264432 698
262.87229232468343 692.6783337331814 796
246.99206039864052 448.1221748305634 355
111.46448662926944 310.64653045296353 733
613.599775107865 44.20923262412302 646
608.7441809618426 501.6850692484873 322
344.73963163568123 324.9516835450068 644
627.7664230277001 845.3564056497391 731
870.6178034820431 715.1199109054999 259
65.32431286405715 494.94916397918854 928
56.33701122071366 676.0300767253166 893
259.77997686899147 578.0489751537966 626
781.4133738592727 613.6328888469011 721
331.18055106516044 910.8160650203426 26
394.6419334829027 148.7053389570595 725
993.6980218161428 744.5409288981263 792
718.2482881563806 45.51428849390526 568
574.6685351766889 395.18791145340504 54
441.8487196600306 746.3063719530353 849
345.95135307907697 82.7904064074636 329
973.5982640779824 818.049009759203 774
906.3521488247038 160.9037035358597 132
99.88826358906722 155.28175500483832 203
337.35762732619713 286.1574565744684 330
964.0651764349259 658.0788081698721 75
720.0646445223241 15.838306154930093 660
532.3353290566124 863.0134146434748 326
204.32896874462924 172.29915242598915 602
247.91063258231904 423.40723973465464 282
797.2749578628249 671.466229408681 593
120.17555985848472 195.46205941489626 920
560.6163255705899 534.8024078496275 114
931.0095115170382 731.574467919413 314
619.932023535478 379.79082845872637 148
995.4805194333846 467.60050112553887 42
604.4361058356751 787.6633193501667 899
557.5874955269986 52.83596098841426 946
610.0359714591949 341.2205901013542 375
180.25285607977125 640.7962528060835 756
956.8861203687592 776.8901263644093 640
540.4268716855297 300.7369234455055 296
678.0545478495867 801.8145024451769 868
213.03065234792228 334.13687857203877 861
836.766309762566 533.3660494153667 415
466.1965040938989 941.9404231641265 103
951.0475332021982 80.76478694169131 324
627.4919370298206 59.90179647356031 794
524.4158597111542 134.66529159615058 48
883.1145325366778 200.17298669308548 265
254.598155493451 98.12832161862329 59
10.06287288479113 760.125705262739 578
931.3883969047988 159.61162873777602 348
159.00159966488636 320.1344451623486 61
508.1369195888933 499.7272370225575 938
168.72319005349888 83.5541680426588 719
654.4973532008177 33.44465958935905 320
624.3750450705619 321.150519858717 79
49.87564039459702 274.64459133508643 936
346.0978780464602 525.5852345943158 883
237.31911327088616 912.771162115377 14
386.2438192223423 553.9720637336039 288
27.854905893980764 290.51794897316177 353
915.9615327496329 79.354094190069 263
91.42568133923479 539.7469244309173 914
500.54533598901116 883.4398143043384 230
999.4870636754546 638.6798129605683 112
149.11398491277438 464.1429781204318 257
991.1354409873343 303.6931995797694 383
274.9734486638147 803.9550143201595 199
63.844960461008625 117.0020264502406 831
381.3569055916095 482.7211749686229 261
696.9128468321531 15.352449823813563 282
568.8201263774554 683.0776581249281 934
245.96857542667317 865.3022184670244 144
917.1288588810198 946.7187655871926 659
584.0664548724797 258.43527443660264 564
539.4376515376546 105.69515966723853 374
738.3681222730938 577.0093926800812 668
986.8243097106606 835.7866746661365 359
604.542255468068 144.43904042070133 350
103.51983571042523 938.0920602259655 596
184.50514920541784 119.72167983102278 888
157.74678916074558 247.57726142129565 851
441.1476424135464 728.6164715701323 387
390.5202672349258 687.0518822666039 264
262.0567329793001 572.3589335140399 450
935.0326463465747 786.6721324299698 602
354.5911127584396 119.85099392968024 9
772.4573468468684 486.4456122820556 664
412.4298059967728 461.9182927725416 644
915.1889317703685 674.4932061579761 149
269.1197663461893 903.8941977254806 118
54.47129608498847 997.6380940570616 51
191.4681171864664 758.2023278851325 103
870.6616824513723 387.49033368031417 364
86.74800932531824 171.5613883857009 897
227.5951680829028 600.2734819061225 846
850.7205949675208 982.1485127361533 818
980.8937854718815 993.5484365893382 917
842.0344499556999 926.9682652583107 851
121.68776696567774 963.868893575843 883
350.3668913999929 159.19924796992547 260
256.7725549098595 661.3360819504385 423
306.16653408363084 58.31058330758931 718
311.4010622068316 205.41862035335546 3
860.1831036460648 314.76314689946514 141
468.6230309428644 731.8366067889528 235
165.56928973568486 1.7057526315773508 512
957.2854153893672 278.72845896932927 585
972.6890261817418 510.261736663517 455
854.9052306598893 69.87806107458117 513
82.49063316479433 337.80409074956964 41
261.75972211648013 755.7724866271026 169
664.5525548280435 947.7976751388359 998
602.2334893578957 136.6818345270031 42
563.7619903039263 825.329468939246 315
837.9156617302277 781.1870818369991 74
722.1697532017911 648.5968219446916 625
179.9307279965665 948.1325994352285 247
107.01871523914875 603.240212623094 543
241.15056054702933 626.2820857597059 574
267.34509158266786 22.22634578937599 878
582.4704112006173 926.8216604958054 860
665.0123089109843 773.4480726564198 721
750.7282562875093 368.5508754578581 677
198.58172771608352 566.0856377111991 177
781.9164082308743 276.30811380139295 427
596.419560513244 862.9695912396763 114
454.18329631751243 304.34621975260814 374
750.3959228006671 282.1582696125797 316
958.0149024807317 971.722289305945 60
640.1932534639161 526.2302143494853 561
214.9835940137622 661.2949004978026 348
940.9522452241268 296.65029445059145 575
792.3177498872956 42.078383347314954 3
307.3447583897456 143.48565832219907 550
24.16044986818422 761.3453737511282 7
677.5565637338661 910.0185297909063 993
8.123989070144333 873.764189194586 838
933.6648398200142 844.0360314270314 983
287.70166067584313 247.1767509386542 490
969.167327342194 24.929114781134576 127
983.5417408896434 647.2781378297881 187
72.58891596213968 91.47274160225227 891
269.1910632398461 664.8757273662609 786
269.62160315861706 176.51566928103733 733
128.2653151794606 434.68461904262614 134
478.1904915120114 693.4256535664073 793
769.8685850829875 311.2237537411251 881
705.3087034934181 12.890463094709759 896
570.8795145747631 338.5526227997794 346
619.9091893447279 115.86354899883344 375
742.1824740428406 890.4676126550904 314
624.9125712988456 308.9330923893622 672
328.9342434903622 82.59916781642463 13
554.1864027794071 443.369693038299 82
311.9278224593522 964.208977833736 39
680.5893551016018 291.40287426361743 534
921.9378276712866 629.4739120665594 835
798.0315647348394 223.82557495903077 393
984.2188355035115 318.6597620941487 268
380.23221489698255 467.9538570446321 774
592.1030118247522 732.8280656360394 546
25.949506947763766 408.06677382191083 21
943.5922266829492 745.9410000453547 948
782.9810537187454 19.655500394716864 986
957.3815785135148 199.9410655174687 108
896.8982123248223 852.390839011954 553
516.936656897247 376.2126026312288 73
262.1527784631327 126.58780793022595 150
605.233030553758 199.7054957257397 866
926.2372564517997 778.6869994092038 571
304.24830903158283 869.7196948620214 54
196.14651386282222 800.5479811208882 55
287.6704795378026 427.64128811246906 359
724.8722538310666 861.1580975787135 697
957.661618310823 85.01552942200719 539
12.7282767896989 223.6571834692539 580
299.94973134514925 220.05663182790025 538
752.2283659676798 25.816440108155646 76
629.043547437178 292.1672795000055 11
692.3759035764094 623.0701788887227 777
750.130316576201 741.4733292284186 220
255.6163720162714 513.4673816580058 818
100.05572097251391 210.41273840381535 837
495.63318254462416 866.6538629117443 834
315.4267458545103 222.253487294114 254
414.8556094730602 54.43498473383246 413
944.1485214113736 964.412008775012 271
824.5588537900012 794.7333656604337 780
962.192118171281 409.5312592278842 25
67.13491185672449 84.91950688524497 404
551.7705561214491 393.6582310921892 9
893.2045140548099 510.47130005839614 855
735.8810263170022 433.81259364907567 256
917.4955080613842 529.9102478438582 558
876.7058523004916 243.15521306402377 250
418.6490239716903 563.5503434285497 396
412.5848086819405 553.7964601684951 75
623.1535619493458 809.5339258910195 470
823.0926538734415 248.95096684958162 216
597.171901209731 519.7776226270735 820
352.9844269820358 803.1454544097064 663
303.9287519722517 243.35289174688756 555
891.2729130549598 117.76871859060189 917
940.988288056891 506.82844368686494 217
99.64919323358335 472.26766887351937 124
862.6883677096895 228.81763712522928 243
770.4582200305599 674.2141004257647 697
417.18509524894563 251.78136468563483 430
396.80351958653546 415.6274669335626 517
952.7973944624038 284.82653695535896 504
546.2942475868415 74.28673744818859 45
876.1625221078036 535.0916117653412 994
149.10159896699636 882.8803078885734 1
230.64473880598112 378.80496357394657 449
81.74556868283301 429.20925129032605 389
402.48806117681846 98.52252061951872 115
144.64719409364946 511.5903062177708 459
755.775612770046 921.6521627166022 267
681.3409268406633 206.5578401501984 414
649.1856116145675 245.4439782795963 162
946.9969702467386 226.63290748988064 222
37.07511058413437 120.38439386052669 371
723.346963984491 410.47054219171906 569
883.4249934790363 94.38925327100345 762
509.72349063378766 970.2232822358651 757
166.07013609082045 343.1993470372512 660
724.9117697370425 815.8083368870391 656
380.90427648964163 486.60199824756813 922
813.8239627607197 233.26775968493806 652
754.9450442304645 664.6915843616725 550
521.0403435946205 256.6849401265404 792
498.0075244566683 476.34430780912163 893
307.5691407142017 579.3608945390405 269
208.226315662414 909.875724137137 431
244.60561217713607 493.1130745861092 444
93.92900687169336 775.5147460548318 195
510.5429747222511 552.7269471819001 727
287.53883714463655 477.4021409004283 369
572.6582847148946 438.8525087830731 571
70.25432656606012 803.490148655314 201
443.8036885061394 159.7532113658222 975
771.268969213374 899.718734918926 279
474.3949282234471 715.0080575205245 295
900.4594892674967 953.7177265080985 607
579.8019621241666 67.6874292733226 946
455.3608095934754 73.92562300523741 677
340.68022977557035 220.91897006105643 501
964.5546397424937 117.36437769404084 132
731.9672923056271 806.0857524050427 873
440.08690070499415 299.47063935790675 935
374.47473387520847 260.4544854215943 240
684.5743662072827 853.5526379131057 336
968.4169863684461 711.8935311514549 491
853.6028341133155 316.4478344277132 750
129.828474785061 812.1939941900284 852
287.3329809372217 439.7857978601493 892
73.01450440647895 943.2299758151572 524
300.869392801126 253.14828601916096 999
333.24849530654046 995.1557349620762 71
783.0563404002563 882.0122832326781 936
673.1339274073879 732.7631842047484 238
427.2317189152942 433.6366518750955 557
66.5517609263534 827.2726814107627 368
175.2094135970702 386.7173107993728 940
169.4389154407796 905.1797667708872 150
834.6155573071757 575.5463387272598 335
22.166350251119905 724.432289169195 196
589.9870415259022 252.09996993116923 152
346.98175334110016 694.9187895745476 915
432.7427618386127 895.3725872636742 71
564.8448637566554 874.3975282621337 765
334.68421501032697 779.5126002074137 250
775.8631272896604 994.3982927402627 200
976.1924368169156 174.68496603058793 691
614.5548329766683 3.513323642788446 725
117.74898072628936 301.7032046496858 696
245.7705702474121 66.11232026613357 353
786.5084747032543 733.2203690419226 38
386.8927353703382 238.89374763878234 28
376.2671912840681 648.5835765942007 375
855.9483275651972 581.9396231132424 292
217.38390086571547 550.2649930875358 931
189.1469463806972 904.627369806981 602
268.00288001774607 613.2212522513034 760
634.8424764207784 588.3707625293127 433
821.8395563958123 30.085258959378525 91
815.1708624026121 833.3523947920121 366
191.47849438371867 250.20899821580224 652
85.76982443770953 705.5147906192449 119
579.2058237092066 66.46260766807077 448
85.68170253633723 501.40511573241884 660
62.02100048435477 199.45662228508064 644
119.58698246467792 257.8123102005244 21
143.90127634312967 866.8457002817295 826
50.46217697589495 605.1469294388351 207
217.69541813972359 265.7121270942839 829
902.8498726200276 817.8708477281695 933
8.525780978719034 614.4540590705685 366
197.43097580000347 874.2463499009068 863
885.4491959083277 59.24677130551525 660
634.7813431356758 386.5675095190055 303
301.2332563494234 621.924700704715 427
293.47623749498797 914.6045529547002 648
152.28505786985602 777.1435742316615 848
937.6266051457517 644.268659799753 924
550.3546187097821 483.91785013573207 918
618.0214601980102 252.34148636870336 711
445.24478517546873 60.68339377382426 165
792.9668668272373 990.084176066586 72
651.7934543715417 297.4109118073978 561
837.5845840599357 75.18585416520685 414
911.2933987362114 727.1155268437521 823
650.4329684001666 267.8112503648733 353
194.93379865484917 16.119685599912724 760
167.00728724739565 404.76179597002715 569
727.5697104104935 263.67241898947503 550
797.6156147940791 294.9724269881038 319
48.81213098126646 193.21463060926635 382
318.9038711055056 269.93126231051957 541
501.0914099804935 215.9335712964131 960
519.5962863749173 173.10632912846734 335
798.4634746449447 497.8387733852078 500
384.808483158941 218.1363386511519 749
292.3500589053049 234.81997135695164 211
938.6212739541114 952.2711302443972 508
52.13100461052722 419.00519807671435 441
935.0046818792241 548.2339534080015 70
644.4915143930403 255.10232809806476 537
20.264004696573746 90.1870625600526 226
979.256675901454 707.836022497753 875
41.24655419661738 331.3450858582213 891
837.713481349405 398.30608976985394 97
724.0553603796586 750.9964792402951 980
781.5782455546276 784.4202168622143 384
204.79217842452758 49.14592110842819 107
568.0917540214997 673.256534249067 343
398.7994964548094 211.5352525359373 605
522.83987893267 749.1139603995543 356
443.22860117581774 592.1227251676459 842
875.831442492096 681.3668502270474 8
132.20848255538854 393.04641498753466 805
845.6082032549707 351.96206612527146 263
331.7222174083568 408.6809811372374 101
388.0636839880882 476.14283563094364 439
759.2036091106525 601.6532339312078 627
144.31694222150782 939.7200829621787 68
988.4911076345295 688.701686464905 793
918.5354033933056 78.7068020934507 104
397.51424102092756 997.7292216488686 351
552.2711889309405 614.1550254470357 449
373.99746167328084 916.1911023206576 827
945.316186469269 70.7033177184061 876
488.2773663235721 868.116438385652 652
209.74263809536296 267.6251581894721 193
345.46416899851926 981.445500234819 721
269.6105965228995 636.1304575779529 71
567.8523035241362 682.5136920352031 61
396.21365432300684 836.318985757258 355
485.79255814355747 641.909871584455 578
792.5297883350596 710.8858437672025 744
430.7544655631655 272.18678584931354 612
620.3037032133316 296.6751589193235 779
399.9019714475206 902.4259886512484 523
123.91301372470353 297.8600960182772 752
231.40957057914403 487.4297045399708 718
375.9946821620743 537.4275379027308 895
90.13228165115272 451.7037537435596 81
32.235366757550125 973.0298560418687 737
774.1073260698163 987.9883159757293 876
731.2993318324567 990.6513948898505 349
75.31805104303201 287.9173534262174 604
724.0042893417001 445.25271270385093 15
629.0603103370871 862.8265182139528 386
401.64252228135746 863.0081289724167 643
217.24043948629034 924.8124991070757 324
82.41343895988695 906.6846583231073 887
652.2766412658199 896.9106784296248 226
9.77817829881944 358.2775750577797 572
519.2219985269037 9.781249528194369 669
188.8632718992892 957.2933760188872 351
361.84184596234536 856.0168549387531 231
750.6542198767874 580.5929861823433 294
704.0215916626021 109.10407848269266 548
599.7766963202134 881.5260558237134 341
991.7234134986628 624.8129734032253 788
377.27254598606663 249.13560990943307 343
358.4132626793427 604.8282480699028 363
557.0113755505066 960.1926913046515 741
313.28280845721866 620.9762421679221 362
358.71762820925954 57.72364738709113 318
713.0791566939184 405.00847248237216 967
380.05228614123286 921.7476501171774 55
186.6852531489368 792.0711057947497 937
798.8491012645328 584.6451114748108 994
84.9223415709417 44.64659228898571 584
311.25907918024166 158.4815740508434 130
838.4934429769529 367.4197148933517 346
725.093086200656 543.5263632084847 428
868.1430494233385 138.43355633049725 430
550.2551777166075 292.23764261965744 102
433.6923236857553 132.86132036842636 771
220.35483412447755 153.04826104762213 874
967.8714033680952 170.32344312104908 647
836.2065659544722 465.8189267003294 791
80.79015720920013 948.4432662160775 642
296.7224311651329 103.85680482932658 661
360.94779683687227 996.1383010364223 866
483.28087686548 674.7244693714202 768
913.4542033756132 461.3883418388187 619
939.2800092252144 684.9339511539575 443
407.6365316668565 161.89459174268083 639
959.6418756310126 703.7191508748847 169
597.2875610374022 13.529264651805484 751
724.9393753865199 197.43747790364517 801
811.9807486433419 22.518546191755195 329
444.43765047564756 429.37474746086656 391
855.2085054245425 238.35612883914058 503
719.7831930630286 812.6994792480557 525
634.9078469950153 114.36668302339248 928
269.28102435539967 437.14323172829006 519
125.94575365813421 65.69514249537822 538
658.0645382732589 911.4549725669857 632
955.2514272602403 638.8591558352424 420
810.9822302381468 956.6314930172233 344
303.4293100951919 785.1962720963099 162
323.7468927661078 776.7268762183977 610
481.1418092412416 82.16348295587372 246
827.6049306846521 120.80519286137559 493
628.3617933818285 490.72213258416366 959
154.09680071986708 558.0712015150434 151
272.3533481071968 318.9901528539352 561
97.57298943948189 496.80574897135267 722
249.50164692392084 545.614516848191 964
162.32511834748775 474.5097940354014 795
766.1244987561139 826.7807846002104 704
222.19118889462086 422.01010017079955 643
79.2398817044766 914.227393070268 110
324.81571537313636 662.7968562643442 153
759.8259301742178 90.43308405148886 498
699.3395963973885 270.3165591217959 340
784.9043118442295 83.10220055150852 505
312.58433048948285 939.8067789458657 686
596.951947406381 967.7284158029532 591
196.61601565624431 152.5680634223069 195
788.0931379801684 900.4098633992501 854
984.9732725133872 46.856219467145685 449
904.746400940893 79.89440199109666 566
804.0760315697034 963.0435449702007 294
998.6743703528446 66.8525699304493 264
729.6241089586821 833.1083288985853 779
276.1230411325011 712.0823884163674 35
961.3764274310996 233.40257684484078 258
677.0358770538958 612.3438347275705 483
61.4628764369044 669.6880537357229 503
133.4271408790433 142.85442944214478 723
75.70076207570098 699.2896004552379 444
322.1155950922741 568.9791226542739 400
925.1624601526536 315.5590250383027 291
536.295584726605 259.14745553291584 687
168.3395471463832 149.5166130654386 62
617.3650001454321 796.3383727897374 368
603.1006646664182 161.01008054255794 925
417.47447105657574 828.2823756247964 866
79.1096375847683 846.3270643742832 735
788.1798271132881 288.582158281948 263
879.3536046619355 927.3311583543659 212
235.91279745265192 758.1478909588601 835
50.58844967485576 386.5832518987322 665
493.24824145023535 573.2827574750003 503
644.8069096011535 245.93754868623085 168
448.23798357193425 324.0267948614465 237
354.85753557251496 550.4773656961855 952
333.51108761279704 715.4233909901551 573
978.8892490416508 881.7537878049644 15
103.8994800259988 879.7968562070221 875
214.01184926654503 206.16597988149977 705
23.147245908269998 899.2738085217546 976
535.6719945514537 577.3303812583464 993
576.1631437296976 394.47987556082467 657
331.1269686063377 905.5580167833253 792
165.77681834347646 279.7560153637374 597
393.63220547619414 390.7649501312547 440
879.2007690232002 375.68877931784226 391
424.7054518000528 215.05485225261444 18
445.9517083171981 486.0913531800909 720
462.15837636990864 303.0303586404226 492
584.4619396897858 678.2519788065017 562
928.1185927136052 409.5102956122899 366
784.837938569415 886.2973325351147 77
605.3466543914444 544.316960252189 190
700.123766845088 914.3397952281229 9
789.6681128604126 87.70467503652502 520
117.29983286123125 220.55006055114146 502
529.5149707055638 673.8954366771276 470
464.82854790644615 303.8254368230693 407
718.8866591612802 991.0050906871658 601
911.1064023085316 8.228576036679147 166
351.1148212650174 638.0378377247673 463
864.6996753938731 335.63793991016297 141
666.9984160250186 941.6182632925155 310
836.934252360074 140.97881495844067 245
286.77376568056314 11.33655558438107 412
321.3419054619692 415.21156709011495 830
728.5221358563264 922.1231147433533 610
776.6766486236355 300.064258741941 576
468.15802346498435 384.26783739192547 623
665.7327823813429 947.5681353013948 217
993.9297491735915 366.9383279482912 459
928.9009231832159 368.0525379277262 261
798.6379753213895 748.4941795335477 945
482.3451115620154 191.48182326502007 435
43.96300072171178 185.61367866802948 580
507.58626012664377 808.1055244068214 364
846.6635991054089 943.9631817496573 921
331.37653999937413 355.1969112187352 408
355.9212345734711 811.3158644346136 978
617.1281730062374 882.7248507551031 607
546.3505905939123 140.76418716266735 635
703.7228983610622 578.8977520752685 1
912.2524778202685 139.38881307183436 661
172.95622583156933 588.457229628392 222
372.63565876006345 907.3668687701661 878
997.874285637138 827.9022008479982 31
543.2484471318422 603.4327203641744 961
897.4779864086432 386.0155786946597 216
928.1171802273202 20.92349961551132 673
808.242013050036 309.0666485780375 976
714.3521290451188 369.61696193751084 792
19.722869218772864 551.5843163069678 299
743.6946542697937 694.5307623414402 110
134.1787915365088 970.0575634141288 508
363.1748022188662 988.5901015106641 855
849.4577515731337 225.28662808912082 741
542.1057125734138 497.91524097816375 441
380.5844119917089 19.019197414575363 535
179.31485515852486 513.5470013535491 976
316.9999366141787 805.5157305886833 14
156.23834734955412 130.97032146026754 614
893.7288844666518 874.340644677649 631
749.5884515855864 267.666955295253 971
211.8696104830633 386.1975232364836 777
517.0744553686741 173.00706211188944 660
143.69972411120102 383.5305723265189 135
79.0891613981748 602.692805326618 995
609.9283004637238 194.97794275263425 835
100.7205180633518 457.51085782895973 928
965.7095407851212 976.674589067774 971
143.32843201775492 224.07953547638547 631
66.20045259997353 115.54993785538147 826
498.4931787910606 971.4215626084608 947
415.5042176260213 306.4847801216969 869
715.7583632134325 483.5142361480257 41
913.4468236051632 543.652463937254 850
250.84056998936478 364.5819015457141 130
676.1578302677335 71.93067785444728 154
88.71567064862396 476.880248164924 454
572.0282571956654 846.1453005599069 584
152.98499210622117 289.7967748685405 822
565.379788077688 158.22748095034643 649
950.2830423224275 57.496598862022296 423
400.2688580171466 903.4838413892658 440
284.89582544348804 324.6810180665551 385
90.15115572189092 808.9707712078048 258
632.125553871563 629.5849442111515 623
990.7892739518264 398.84095533400153 699
170.11487720028907 931.3032494532694 824
367.7742105711884 155.37396355813925 183
933.6934521519935 24.379447313327084 468
294.59148857325977 883.925556482796 961
495.1136874171323 874.7942520676332 436
140.30865329258023 106.60303508486868 900
94.66466523631512 900.0679152072722 677
718.1297612171542 794.2335238626246 905
551.8545026558414 155.83597974616637 235
312.1854310048243 72.73898750270436 597
668.3817613346303 677.5309975833877 761
720.9552642695907 197.28791326396998 381
204.97175725399464 786.4641375375686 658
265.9808887134719 654.7484572072389 521
474.9984937842967 633.923120979046 451
88.86231866180006 67.48950505335249 730
466.862564365914 287.9009107095004 327
758.7368868936718 868.6324890844454 273
318.4675870609184 633.2295375253362 555
461.05534026545814 977.7493509876012 437
560.9082843228848 353.98149941492494 767
805.4108104544488 97.23565084504482 806
229.55100741441657 786.410469815509 409
189.969958556392 456.2183139010975 233
299.53231361982836 76.80826673619889 955
959.9639444329191 366.71047628303035 813
401.98368212999503 759.1240400715775 401
457.2856777202865 809.9288807504371 151
708.0049510565922 505.0532800788459 636
808.2848956610419 703.28613399961 20
165.63301414078592 681.9125986024641 770
990.3122883055124 811.8369689532592 959
555.0211837134904 395.16142942794465 499
579.9002727109414 173.87787128594277 777
783.8742662011905 565.8990050044224 311
54.03917626997246 772.4288186024105 517
979.3911278612294 362.03871911506235 913
440.26157375714746 478.53192701423006 603
194.43613170332662 792.6694786783087 97
749.5732485503171 582.1418683289306 562
144.99564689176557 770.3071980118642 483
962.401334544009 172.8512687986461 789
414.74878618036615 273.39500036730203 189
89.96281093414093 782.8992438582521 123
533.5071441373839 837.104208415903 187
96.14287562777358 96.63545706645782 447
523.748880453528 393.5392898561576 547
212.80543739723234 330.0225724049108 344
10.040159311874186 81.32648351097637 991
312.29492340096334 801.3394082175435 275
435.61180020885473 288.9355612129636 15
518.0270943300363 716.6356180150785 159
303.66106845694253 873.2517341211628 756
478.09869564621823 57.13296596778405 776
416.36873695539356 334.33443132401595 139
859.5226308294704 630.5973847172206 667
677.9722523647558 318.541079169959 340
49.26395851935605 191.77107095243994 919
334.0322582834433 65.35656106536113 554
353.4230349317249 582.4855592105747 882
30.94900236089837 745.2843316005807 360
67.758660150407 593.1721360601988 172
173.23606477318532 575.6469740579313 493
533.2244935611917 560.068758714396 649
802.5724746710857 92.13729586831676 530
910.6386965784052 250.11382245700898 802
15.572921020887254 827.2097870828535 35
874.4869732686509 595.3365190558511 616
661.9810642689521 799.2358050189163 131
575.8366631082063 381.1633780323359 799
997.4630395049221 932.5749468960258 545
601.9150884088534 564.4938931480622 496
304.32714452331965 443.53840970836035 550
930.550909644631 184.94990358131415 36
80.43312750875975 409.0781547378798 214
942.4926221166979 724.3555226147492 294
302.5940083785077 931.0372137321623 585
811.5904259704573 629.9223440564534 777
127.85505018362542 625.0394878892795 286
402.64003018706427 253.82921461825535 741
879.5566910562063 590.7614858468743 809
707.7183898542629 399.3906706305039 129
169.58420137412622 205.56072620627785 410
808.5121391539685 792.8572487538745 62
634.2883971587163 138.47119848645218 926
99.30049840361244 68.56626347772144 532
737.4211439724086 85.96439260482136 214
201.82999804416534 613.1119195820812 825
881.6708788651343 60.557044101665845 267
39.52046627112394 385.2460005963535 362
780.7926163568729 321.45208872975064 202
271.63965275310477 983.34925693564 716
844.8156152041934 69.96254731482476 627
859.8792732927043 686.8177552237337 507
565.4136550118692 215.13398364815438 477
462.5100966578792 326.8194752269571 355
572.8963956118457 668.6387497021242 139
49.96304613374525 783.7926336683233 112
309.38767580620197 154.52371217087057 864
646.9910031151118 147.87398751349534 140
918.0810080635957 238.4078172595494 298
974.6834086778681 161.8217967619462 240
13.961741088084011 622.2154003275554 631
303.93297970734136 182.42147165579814 823
372.40729107735393 562.6711697750846 415
454.42293983066673 118.5521522336901 407
433.7979370401159 639.777898995049 178
379.3782206993469 455.5755633978077 466
574.3968313743962 163.64852620278515 396
765.9466335024437 676.4585037470233 723
709.2032065789185 957.118884259214 227
892.1158310184508 881.8808919113957 831
376.98303842756275 951.7714842944622 598
245.57492442300298 515.2719015584073 332
793.62033143691 305.75582841094894 440
161.14528590965972 680.8325327410253 543
897.7445661555672 726.4210223399423 389
506.6634319235024 439.49386273554967 400
457.55486169404446 950.1918068263845 382
755.1274522335068 338.6928469510525 516
887.5064546717874 331.3697217249388 620
98.37835195125632 202.38247595874014 985
458.30190194549937 201.69987058774254 98
804.9143224506195 907.90009266024 924
858.5327791288292 805.6346876633186 974
400.53819301659956 980.8714896834682 615
768.8855971267398 533.5855857353131 556
550.3709086858277 221.03223108509795 250
718.0391269896929 478.7328961816868 771
213.3428543879502 83.741699755838 248
707.163780086144 511.0099654133904 181
336.34297909636166 678.0606018505036 933
5.471661269015549 264.60673742311394 781
502.7446215031758 293.00105070992487 915
