314.4792775030657 341.19160261373906 195
62.86383468125678 775.4890786771246 304
105.12268416740179 314.2479665698148 993
957.3612073175453 386.51636264861855 628
318.3377439429346 96.66711132236327 521
422.12019060370375 911.7147019992257 362
933.8550334920561 537.1006023756629 37
61.1168019716446 749.9795419209158 700
122.67026133438263 859.8741851258968 264
305.0870239477533 259.978711368149 254
189.7999794128149 939.822397076622 258
993.0020797541408 421.5271241374433 615
789.5196588066756 339.77781421924936 847
729.9054225347064 767.7078031391447 622
873.7828061452399 495.2860486287276 451
156.231448866049 697.2884055468456 597
437.0004944237943 621.1229890809361 207
999.606343319305 969.8785096971617 586
843.9787719780912 762.0866522196201 138
552.5476603193466 210.30431740469956 20
897.9439380958858 60.84969915329663 678
979.0951495241221 749.4827605966467 854
989.1676948740757 543.7010464422499 754
224.2865265545808 506.4331721822981 221
329.48192679016154 403.69949965298326 469
169.3536670379391 243.62752848110668 335
852.4222645671936 400.47762532050723 346
129.43632579856745 576.0095774375561 326
572.2605469382219 858.6381630160561 318
573.1892357389227 128.43526000811457 475
663.5393028815217 100.20551151994228 489
500.30357334132947 133.35248183812732 956
378.41461473380735 576.1697308949182 736
193.02309662637452 972.8752404845213 666
528.0482905001921 173.65570192084456 581
606.9580255098167 404.0419721901567 26
735.366021086962 334.6660655873526 289
601.3838981113761 838.4140712287189 558
35.74636842209333 746.7123479194355 533
583.7427919297754 978.2214718691304 850
783.6153094838875 107.61534607054702 688
210.80461140009177 895.4400167078164 415
755.7280067657398 781.3873225896685 253
362.36734967217774 212.2762932408281 222
742.7074091628787 779.4347668426143 561
69.0427266992788 589.1483248414143 63
866.1463603197959 935.2070715099504 506
486.08889895859676 253.39027507296353 818
573.446015435033 752.2785618140657 854
158.3277204246114 747.6861883562715 213
728.2252663999457 386.8242721582712 574
168.09180120153576 963.2759951396658 895
204.67931114036665 229.45402051824172 929
99.58966192543983 770.3152805849031 496
988.1130522875437 8.492084241303433 554
519.265494299359 7.912493328705583 600
0.5165164384325349 758.3435135110951 678
433.00478207735506 715.4925701116131 658
968.211484330639 360.7887675315183 173
190.5053995284035 504.0682487723731 314
56.722620011654065 188.71648583693258 511
888.9106671228693 783.0398410405355 853
59.15028153115498 343.8199161564607 628
440.38281580758223 221.26127429331544 455
530.5421507174086 658.0871175770839 902
689.249843612198 285.80154270631806 546
233.57939366801773 916.1910969569585 106
961.9456095015811 764.0411631694951 850
353.413837835611 459.4310322206093 74
357.1862739299215 785.4544389277538 629
888.3171148308382 787.3032257075762 516
422.66207154374314 546.3058369864211 455
526.1837691347758 795.7988306059842 634
517.6049440203566 371.6633713141203 635
516.5787102929628 608.6655897084662 439
452.255931556086 951.3093031707573 576
812.9928958742269 225.6986071914755 664
173.56212848049302 708.9893602919778 684
47.734604932908155 863.9692972625912 166
434.9679080321792 405.77699652442067 605
380.0852256752003 256.8336006288621 783
146.33894163398065 206.5855903256869 326
591.5820558119906 794.8712610509481 57
932.6320371831088 301.1513999742372 218
638.8160943149095 903.1496268883599 408
236.72538109687537 302.0687445123027 40
277.77644318499927 287.9328882880732 180
924.0302067577538 645.4337721325107 548
53.088041010226576 769.2312098870348 723
149.5278379875903 199.39828773126712 256
527.2337871769739 290.2869397921637 975
934.6561261304697 923.5738834943976 319
588.9515824603712 536.0168537901702 772
329.698396425929 389.0958999184163 701
814.4017468637238 198.1457703407835 30
483.9429469713712 701.7958180876941 329
65.41914947682359 299.81903215155427 87
822.487219403612 478.89909133932326 507
967.1685138574045 565.7184884274452 793
305.3943555492151 483.40630220649695 753
443.7950364148015 724.7249528217592 14
817.5582357754397 415.80594247705284 183
720.2477522793209 582.252708576112 446
438.4848313615165 954.0976515948678 589
629.0160477328866 314.6777306488908 352
734.1880196596866 125.89685963079356 626
290.0799231232274 840.2266956949404 676
605.5527767790667 511.3386544060061 455
191.41732041770032 901.1974628921438 277
460.31030518856863 674.9266972243188 98
694.9219424929659 197.9837623575651 554
51.317569548683714 567.3478503488762 499
386.5171875080212 485.8315174487881 202
97.29552787441864 271.072819822168 399
816.0949054384243 143.79171870800712 882
699.8386998219985 543.6987760793334 530
672.7046152237764 557.8727982753351 918
690.8334352140071 40.12406070542474 666
913.1781416980756 775.0015725544312 721
778.4381903590812 140.27329002461863 51
667.3348989205189 824.2497660375413 567
555.0685063414094 363.0064874386647 246
976.9454967942149 215.06938471808368 746
894.1852548099864 51.48692585150017 862
847.3603714673329 398.7103243562846 262
330.8722859015336 608.6922832590185 152
1.1927233051232111 383.5271199733673 745
456.9640021432455 998.9861576093787 47
849.5362971407425 43.17078161014975 21
314.2485313308246 514.5491704583079 322
275.5106294503411 432.1248140493393 757
15.738327613988968 668.4464940504097 583
531.269705449844 28.608891944573166 975
762.7195461279813 508.4550845918895 808
968.1681838640067 46.187505535662645 626
715.832455071703 523.5447066045471 452
111.57820390309303 422.2039145315831 643
507.02115269571925 955.6673261157769 805
11.046302347946014 820.8353302890339 142
640.1351216499075 805.7411374269291 118
904.6954387314123 452.26762800289987 970
622.1137249122935 507.39832649965797 853
36.557783706019144 664.804806288851 388
465.0636635658032 458.90118154077476 320
917.0034179855762 957.1062110356598 819
208.58998504154658 784.2987515421019 417
711.4374870271845 634.7640204182767 976
245.8952222396209 916.668996779508 8
384.41644438667413 771.8814233706177 801
46.57237251823165 268.1855042908622 734
577.2581491726712 19.995467259319888 552
376.8777723822428 751.7935224411883 649
358.98219975614876 403.3054130908983 493
697.4051991591758 440.55950945342516 141
157.08344204157765 989.7553743832581 311
990.8338753294092 480.5318393272746 241
675.8834193494085 187.01932624333872 876
468.19335328292567 796.6501428561742 212
513.8774479675039 255.92624010293184 936
735.9587041987452 95.86452812185131 151
51.6582768060766 67.01769996762552 720
827.0257395369396 482.43457320780726 632
722.8359801021884 635.0823641854546 999
932.3627803815128 417.5186926546781 285
455.84865136120476 7.646399981297236 295
788.8829693549253 261.1493359770278 625
457.300904185953 526.4727191740527 666
865.0426734324113 190.303897227464 643
282.6414999971657 71.93138101872232 208
722.124400559694 898.4255368927566 808
968.0377939039713 112.07162809515236 871
231.28564838058242 436.092034725395 219
861.9052143359772 933.7270058631781 481
354.8228178034245 803.813183321887 336
750.7214289910204 443.91754841136634 338
476.8403264377038 169.72978647950487 935
425.68567138669886 565.6467343238465 784
428.05643001364524 276.479407038722 984
94.23342817416003 137.84914409557902 487
119.46818653282654 573.8678764672937 93
312.857815735402 459.72396286818093 874
466.43709782556584 85.38967044435842 745
545.6467157606777 765.3947004424931 611
422.996051193674 427.67877583278033 216
51.036224777450734 341.2692901673471 372
738.4661871058161 949.2437891665832 353
900.2872999660013 51.28984307582041 381
650.7293982560004 299.2401551057462 804
119.64237119839827 429.67347013400723 147
346.19891947431734 761.5537597890519 11
610.4427435056841 90.72151181348576 770
964.054714189742 600.3453011130067 470
896.0669747336548 946.2640834109221 570
674.1397824451203 554.2147686489343 167
780.259241504273 996.8698635095083 278
82.78577743773485 846.364621216639 146
143.33618670819394 935.0467897395005 306
360.9212132126989 39.760018238952476 533
367.23445866035775 573.5193275432526 679
989.1440899638791 36.24328577992142 279
601.4531344010022 968.9272891402086 641
566.7904856018164 293.97449020540256 860
986.6667496413812 87.11199405382364 992
251.22503222753102 567.8917546390264 194
92.73961572474055 960.4326645216607 559
500.5726371814504 442.27440380514525 681
204.38278311518175 880.9881914183388 919
920.5025994430047 635.9966386971024 329
880.7781246998533 958.2513452595985 598
832.2706700172354 272.7693920826054 859
928.292428560536 31.719546311550275 93
519.5553639470726 236.6088958665029 186
813.3920802053693 469.10242650433685 444
504.44879574388824 377.9987658881928 387
485.5681634748436 171.59839059108472 171
37.84690732861262 236.57782846722662 674
140.48245198662158 825.8748863941343 108
600.9514422379451 226.9564335224785 113
997.405359356065 933.4592418017236 420
436.1504958060338 449.8665470779195 784
478.7044335420699 121.74020193732326 580
687.8849630221306 969.4262579995498 428
936.8656211553916 182.4037602036831 944
136.5790863964641 910.7098722027312 442
410.26658496872636 739.1111728035971 838
133.64056620147446 572.6591819924812 839
376.7187388601682 111.96909632748032 277
662.6316053034768 153.6226024664794 490
641.4903841652717 494.6000722987682 530
111.75505263798557 517.0919297649467 534
702.7795178227319 497.19473432657514 293
427.19903499726485 766.919435204645 452
522.3294159341291 492.90842119125386 277
488.0146676581459 186.99955391821155 267
273.15933316295235 407.386257625056 906
132.24510617970253 657.3277578771654 342
830.7851849325359 796.6071001976935 742
829.8014122461734 294.3241077420479 69
953.1593678608482 554.1617214195716 41
856.9069960629581 865.1547582677257 22
840.6689186588438 334.2315211096667 233
209.6700868075907 5.658771835065801 214
470.05132902088144 765.1896642882942 226
139.47284964903895 247.25891557227985 638
850.3245443450032 915.6501008771155 106
839.5092743705176 765.3368907437284 64
647.7006879133272 691.8893072157115 346
629.7658469725442 499.49911571780626 987
965.1919325657909 159.19894201952778 518
201.0756523765248 954.2768033947269 687
517.1622735125144 16.154442122157995 700
990.2948948199709 592.575290879684 523
105.25555947241006 156.7934806513951 550
638.2713838152356 75.43100076971731 751
568.032846204884 777.8004385854265 538
869.4831110164357 547.12666006573 374
4.391952075548211 36.4581991039521 968
680.4610758838636 858.9571061237482 443
842.3537321899108 939.9315502987272 978
907.4592254500411 244.45997822208 188
415.483619928065 492.93145407089014 576
425.0198735237175 626.3571700478186 302
60.215665177722144 488.2990314845622 436
703.5761151445574 595.8907924778798 424
508.8729083899213 42.49372712655097 403
911.3751136711081 259.2862236660034 973
674.7943164913565 822.5418714493738 694
175.35243274177637 181.60715262735815 857
102.2357661189035 972.0593534321171 928
308.86930353112695 469.88338965133414 650
794.3086087099545 782.8309694781796 826
570.7731878169874 309.18836873797983 405
676.9451363131061 408.51067015821286 897
329.5115909797806 747.1876187313921 923
489.81818311383716 839.7513878786564 826
942.8214201121068 131.7848044769242 310
505.38576726349527 961.6469497062993 652
142.50323017591003 2.3849138225753297 902
475.4886567055422 296.771382047081 92
879.7971705977199 293.3310021682636 434
944.7103595797663 464.7875252321127 885
157.560240728723 459.5336158936321 293
39.83654486779942 862.4528476946625 164
598.3709928745 304.1390421288286 883
765.1429600180885 60.71095476939992 727
668.5279567312451 859.5536441410707 256
601.3857618948072 555.6878364785048 781
413.53594126067526 766.0367482798566 152
196.66030416913893 91.92910411639433 241
424.7600349355759 136.10142060606944 865
499.65386908846574 931.8668899183266 933
556.9235508708861 773.1337239435658 296
826.6159944690307 513.7409523655452 963
410.5072910215868 434.57128092542564 274
848.9427577754702 98.58994825730616 28
897.7531497385226 368.91931544774803 540
674.8067144427827 191.3549081987267 46
717.6366342514149 773.5946873617006 315
67.53563686462405 122.35852027990468 555
190.63546520153517 921.9544506278559 47
595.8652723351613 752.9605968748689 971
225.83557585186776 232.73026506157035 156
215.04778419209424 818.6391907070391 60
671.5319283872554 755.4687145685525 777
699.5989670113711 974.9415528990239 861
521.5469171403571 926.2820120156189 382
215.26595527934543 729.0867890713337 103
611.3892566237851 813.1786404932889 458
763.2710914381826 568.7644963959286 403
3.7600781019684337 343.0089961564653 353
842.5800908055234 509.7858076737897 14
796.3516748889886 604.1365610757949 196
693.2785570445463 810.7533829521278 416
421.27166297338556 188.3627933434707 48
387.3807361894096 200.26612711839985 17
527.0204147448137 40.275749851409245 215
152.8422422661765 222.9374867486832 590
734.4894351643206 500.41000933666203 580
609.2711010813425 296.9356410471116 971
672.9874941586137 907.4957335329685 903
537.6199917922261 54.5570657663772 105
566.3141110047743 956.6279235910524 872
285.30823361808945 647.7713925302652 84
994.8017448937574 620.4360603371581 198
864.5253320172112 836.3742895103948 918
726.2552880064491 704.1656213083643 613
609.3487835903438 205.77108846511248 760
735.731509889104 660.7949935079475 75
371.4887329508381 203.61418716321577 978
741.3715994868548 479.1503597288007 133
255.54893900358488 18.342115765545564 782
989.8142969002585 568.8833504487776 269
34.39980478770821 170.00197765439694 985
17.554417339463836 976.1292915403632 956
4.691361700676966 787.2997487697012 334
187.47962198331402 317.76378888060617 823
468.9213694271215 778.3374954945768 161
238.4415363842961 208.680768412561 605
441.342116759135 439.83729170635655 951
316.5321149383642 404.5248823409293 256
115.33272598046639 588.4017803058543 963
154.29734864301514 672.3571377934607 56
141.10597530921197 899.8812066292013 659
174.54469028815367 238.82067111581307 372
424.3930188842816 823.8516302915209 300
816.0281715762604 839.6507372339978 328
83.75437737938185 792.7973771410037 695
332.28893924555024 42.353922220827236 953
248.57145856401775 371.5556580915194 753
513.9753402182838 521.0950934045942 400
459.58651793618697 103.17176382357695 975
700.017771233008 293.48329286867494 602
509.33301727242497 2.7142276379831243 114
677.4674764020059 81.62174131339972 800
932.157884014579 417.3332426972076 591
988.6541375755324 881.3685350765833 656
936.6801256835939 100.11496093393124 749
312.52453064020426 13.021107923242624 9
305.78131406755836 600.2597706650964 951
29.602596399893265 59.25793675742985 116
641.291083684641 728.229634272273 735
15.07650530905169 605.330612131385 1
497.5404617649318 169.55566777928033 858
429.9615985693376 430.062027376818 573
186.3552169997177 536.9766734714809 778
744.6843663033127 674.4318095608886 834
52.75786326554144 369.9089818677103 384
797.3863080813124 6.179419018891852 505
995.4824905912676 197.20219485478353 887
740.8561985042339 965.0604732101069 752
431.60144849913695 113.61064415816868 602
504.84264844249907 974.6661179370786 595
83.24963490587378 758.5859742200256 229
627.1988942085043 795.7782906481573 653
89.1767548899175 966.4923970914316 45
886.1424218035252 325.97873431659076 109
50.573485170822494 688.5533728472275 111
560.3647327488027 217.4956482624032 842
458.13652096938074 318.36846044781464 267
302.36285021409805 491.3648773206288 550
402.0585051120995 755.7066881857571 840
421.98174616740704 714.1175680469863 465
313.7392108965501 473.1034257323091 421
247.0722848436796 525.1091557863839 540
111.50157298249286 684.0115232024941 814
148.23804879304924 702.5047896646821 391
471.91122757896045 751.4138804330906 889
901.0910533563251 613.2265350234047 150
79.53908080126337 402.4840474284972 162
786.9632895443773 413.7976995770245 856
137.33710651086616 806.8859054887754 900
369.10111873354145 576.5624558416541 550
985.258819505867 514.5614625603962 706
86.11124625413635 463.70596442226974 450
581.0477613985634 867.6438587315511 834
902.2440139903017 773.0024244852283 55
852.0961575910895 842.66857182692 776
509.16160118178476 563.5570991361204 681
221.54611508654864 661.0287868451219 89
533.2053705852501 775.5825304246781 359
364.4749653597845 62.5355113399465 105
830.600539605287 510.65709393912226 953
205.1172703493409 614.288571911406 806
955.662723296812 19.003298675321023 247
523.1321541918337 596.4953980552378 117
46.251626136564305 611.9051009484867 106
126.42468103612681 889.0069537983381 402
942.2039708235959 48.308735286017644 926
229.98027522060315 90.22837696954423 159
472.61674699113485 257.5738001598887 696
604.6762614113873 946.8317411485956 567
865.323577041198 607.9109916200943 366
99.7211212685587 331.0514906933436 491
193.24488699042442 69.23098313657528 338
994.6167272101035 869.8171072703536 36
587.3562606528768 926.2319292155128 672
92.4370605982272 211.19436569546423 384
734.9865808352394 965.8703915003425 580
643.4366245145994 700.8591400535821 525
790.3253865117806 609.6830120001138 307
512.3520161543534 449.26631838325426 74
595.2629734187791 41.285794012016595 620
427.2699776005009 224.0395019887369 101
921.2772083408579 746.4130327389404 445
763.4642879341459 603.9620144374649 356
794.7132954432028 398.0064364023903 341
808.2871249053089 941.3730497672642 693
563.5158529199215 349.3141300751158 23
615.1186614386627 544.3119518586508 216
536.0539037810923 844.6069188311578 394
48.05728919800656 168.80902559746258 355
281.8818628902381 228.42986574271274 863
961.7891538224594 811.602099216686 598
630.6287912668057 426.1956737346123 88
855.1893185027975 131.5870876899543 248
228.40434195005798 699.6719860793839 560
114.67302349248388 811.3554239570574 464
141.662692918881 708.1711063437577 158
786.7815784718283 36.03857342734751 396
118.81601545908926 988.7945678522398 894
607.7613866028398 417.2365319839563 920
385.06698657783124 189.2795244945954 586
117.5229369573343 226.7080277896124 23
698.998551001184 563.4668068485303 338
886.9762739880975 717.3924183182743 856
157.22198756671324 584.5581736926662 473
822.8687480189495 658.9240956636517 763
276.0585926620551 250.89563242282642 362
418.9611678604236 178.91659457830588 366
850.6126391735992 81.63651137238637 154
505.45435353488756 56.71335553009804 294
69.17320847002384 969.8544846560072 168
998.2645078204312 903.7138476669228 126
609.2675659452431 440.2321784655594 690
893.9698046310072 173.0712484763388 275
954.0421548777985 259.83291973881575 2
868.8423083148554 266.8296483387097 855
20.692719904517375 470.4347537223524 398
660.7202550258613 906.5175194599668 429
869.2767755171959 759.9644860881975 609
363.94329725490616 62.71632751738421 897
447.3824805465486 684.6797931468387 129
616.0151310145958 934.532507667274 898
43.12592666749304 381.61641102197063 615
242.3917842222314 821.2514883409752 523
929.4640040828001 144.0761506230066 61
846.8919278514006 587.3985000083823 584
160.15941098886967 306.80536387734827 364
956.6854500089947 297.0448254827838 497
585.1239341983484 520.0570043554151 965
272.6880896402265 124.37366350488111 815
265.33230501260397 604.5667609332842 847
444.85613356243437 17.90412176643752 645
784.5729689644269 315.6530669012958 965
561.9250669899246 36.35000617615003 512
300.77426577913536 764.0618939092092 160
770.5103949168451 116.77037205520446 468
140.96393025194442 897.2843032635934 756
698.4732786407463 626.6172430892742 926
124.96805445533631 63.12683214103243 653
924.1634279614235 761.6216695564905 76
148.1482214109906 367.8887341999882 348
113.33769867180787 252.73257220732881 607
754.7145717310485 264.08170581178626 982
938.7402625238897 401.20545885235606 803
328.75989185060075 922.4821293026741 134
612.0089950372372 44.57083407318685 825
156.10152451891057 395.3204404800976 850
20.85124755229262 63.70463267259097 732
459.26646279158865 201.14749694364355 941
982.2318908096847 114.81678411770413 197
533.9694433565849 293.9653195633529 743
680.2912240970162 87.25057276017412 216
501.33498458507364 921.7465481162295 740
758.0111044649863 478.2634395310923 810
620.7530716271906 982.0341635300582 801
699.0956211638354 720.4741358579225 638
496.4976233105692 170.28711853061318 179
711.3567995264825 201.37474584362602 82
509.1706759743757 937.645737778938 159
727.9932624081413 856.3720001276623 500
298.33368755897226 388.9449916750921 764
395.2395372299601 621.8227321179484 710
637.0873441484998 507.9780425103063 814
203.80498606596055 422.6745486023501 528
853.211693835006 337.38038824030525 670
618.7432842223402 806.4672873252541 301
65.743951032325 13.415418912539945 808
859.5962353041435 51.72517163246948 300
590.5130565733947 954.6731743790612 460
530.9346736812545 425.26485237003754 734
555.8881214693915 30.406605567365187 594
264.40930971933284 248.42963511325678 449
325.46389271068654 228.97176239688932 655
749.172429868739 778.4286009280413 222
754.6502765914707 565.933818817039 735
947.8092954758005 888.3682375404978 757
12.426944092580495 714.9822521890868 54
395.5923498979176 217.5219921272181 319
891.5154505798203 90.90866861035518 210
468.4357022445233 761.7388618573692 223
435.92598674707295 23.628621474013343 510
835.0502687210728 165.11164794060807 173
27.088822293864446 443.5640419211041 71
893.8270751192596 281.5941488744801 376
466.65544997593776 964.0694655225584 973
793.7485450509195 354.9099910982817 3
314.7118566635709 541.9128095219255 471
111.41940413430885 21.68152356491071 960
778.8241513599434 728.4004627596845 808
402.345833098674 466.0232518633024 278
520.4474096940156 267.94198287685424 575
685.2879388164139 407.6970742007417 280
988.2190783649779 436.2723800243498 179
210.46451288252922 797.4372391175011 98
117.74245521384485 134.9769773659488 364
502.57354523888944 330.16218958190655 433
267.41448443125313 124.08440541185107 605
536.646287098332 35.11719835055571 653
112.24709408429278 691.6765366375188 735
43.819563986052245 728.3533244807393 716
69.21582192903386 396.03458324395325 771
72.15942883751114 213.64966670137088 321
890.6274616301887 542.7390948643313 264
45.175813997272215 207.15558407074107 622
683.3461053451852 698.5947073435685 159
668.9630584410381 330.39325876221073 37
972.3203493990607 351.3109963047283 67
216.72886273911362 571.5467548348212 199
433.3686226331468 35.112133929570575 24
67.32167324561445 425.3688549712933 75
674.2343785210775 466.8335570854516 541
53.88362426660998 464.0987803932846 825
668.2297051642189 639.1171418754104 186
649.5660894058348 981.3078393502155 847
454.960008075335 409.3166054041695 864
884.0979182888077 666.4234770645683 412
529.3712985948466 41.482346523841414 139
32.44538421963039 365.8843006804494 890
348.4110679585868 112.45547987571547 483
353.046583114517 630.6100952852436 711
519.6599539536326 432.6947744345555 362
317.50794305596673 776.3882600495684 465
622.9748615314771 593.6980109551356 338
180.08617294422325 69.70526188516479 550
435.2695216354503 234.91818989292935 682
823.7898527246074 131.7083315978219 535
661.2427785866896 304.97784683259823 254
332.93256185805586 836.0971737776833 579
674.7885098822914 914.438230831749 939
349.8581928127207 790.5845674285367 754
252.8522341320464 967.4674549991406 732
822.5057274281651 224.71633080957787 46
347.6148936089245 390.49575219640843 245
90.68614817099252 929.3026960875168 916
30.887247075794377 610.6785288951196 311
732.114687197562 644.9861346566497 62
476.0461648791001 340.57606303760844 756
376.5409154198517 219.83980019990113 130
463.93333681888015 268.96540289487393 637
850.1220449143726 647.088376386003 212
389.7327568562019 187.06393965524637 43
786.9629810521253 924.7018728054813 425
98.01414888808225 907.8528876710951 157
332.71382286517905 850.9151254358102 684
511.83591238482273 959.0172262756549 307
287.8292104341821 75.3534599869653 269
185.01700741257832 704.985288036491 232
956.9047444288565 151.74163516938975 692
607.0634240000965 398.56849138187465 902
426.14347790922955 83.9518331392548 614
87.84643177903861 669.0586348288692 386
179.56948250991155 990.1235798149227 133
445.20286422821385 401.0447799157181 514
159.11873463085 591.1851336533775 98
840.3907595320429 989.6262091958374 782
846.9789974780392 809.5045879310742 151
822.2800339167368 904.9969226090302 117
756.3568284057757 863.0023997093259 914
377.13642399838164 588.5902760251745 930
388.52282168251287 876.5349187175075 154
560.5339615209756 980.7190552804988 881
407.3677975479454 630.6701047527296 638
148.48832227478115 418.407916091294 193
170.7872618927665 845.7852982714484 18
184.5300431640131 417.07108465935784 658
539.6367690953072 160.07056880988324 335
761.6135141397789 672.4931571622596 617
585.3902176527536 861.9441253884252 685
816.847804348036 395.97780351780784 787
65.54114111382358 241.79028781772084 148
635.980328677346 486.4376738639512 94
181.52579322225705 493.57204783851125 616
197.41209304907014 219.82057800095757 671
497.0223957852864 332.82847129403956 216
785.9995113442895 772.9063782123758 611
42.32260017748901 411.2527585427621 981
735.3263665748505 934.9377657922504 680
122.39395422208787 373.65238759673946 467
533.2565198423421 998.3499367717715 27
210.40364306849847 23.560449812510154 166
635.4711377175087 806.3878405147146 323
173.95293950895442 32.10298884105589 299
109.24904253209611 72.8310030544821 504
218.53217758155864 959.6452933949046 303
860.3677961003731 925.472037175265 528
263.91041422705706 533.8430913612829 736
767.135349103281 459.9242627041762 409
614.4873867704962 832.0094666934044 593
904.497385501106 141.95490402437082 107
860.3715234014853 251.68028716230518 317
879.5336383251658 777.9591828040469 476
436.46867185900607 661.710005784691 368
449.04571678124637 82.08252991096387 766
909.5445857749187 496.41950987532323 130
128.09439407911515 46.3832944104341 483
560.2472467233425 90.3348770029273 814
768.4974121195162 706.1033134764726 292
729.2593669475175 283.12314472502686 574
631.864380246804 644.6851209701506 903
95.81192314743691 83.22875726138822 504
296.2627254615685 906.6161256755662 704
373.87448760942 99.02738881201113 118
279.4642160335474 617.4289892687905 224
582.2820846788089 119.05394223445586 744
643.0013909167374 737.5063162159315 553
402.3323301081082 233.69752097365227 374
480.2883766326507 189.447756004969 649
71.92377955093376 959.3028529283549 653
443.5003624308688 990.6923774841109 119
471.9783167389087 61.91717006133035 55
188.60194491701853 405.5370422578023 317
47.719553507951986 308.6614252720656 660
60.29341721371861 728.094521519139 986
647.5330146592319 919.150950845347 341
728.392104004327 518.3562435784397 75
320.94986502820177 487.6266771097508 207
65.66565435250294 324.28393142210655 618
24.41888182353469 872.8679296838574 343
872.880351771811 75.44379813866719 145
570.439148193476 140.842712434037 937
573.5053013733865 991.500806833353 54
20.66300796344933 122.39583334346982 723
163.15375441752 38.492416619944734 860
77.43415570448764 536.2360601302435 577
49.5708466195629 269.0299867825534 466
664.1466772080753 376.7099445351274 737
810.0557508263818 420.75275911045884 370
132.5704740021323 490.700796134502 550
403.12195903992955 952.6822249936776 513
575.8944608270953 775.9168264135799 511
100.41351305596346 786.1458991431693 866
494.62032054715957 318.9483410577142 617
658.677683027165 550.8178936440651 526
704.5128309443068 905.4188591342096 888
367.35215619937003 584.8168272341946 183
778.357355937538 893.1959699151743 381
52.80125477515962 13.83977113757906 26
421.1786797649643 613.1713509823161 606
81.32195415782428 190.52148773448852 102
358.27282233593746 356.9215322825432 81
20.330100173646226 47.99048713490206 692
659.6639943881314 112.24453380448551 551
999.701279518044 14.148079714752736 71
661.3177686058182 458.81907947460985 129
58.277683629718304 21.496798633205305 294
184.11582932768155 483.9249004467835 522
79.78689840431474 377.91856243948905 585
109.82406431958425 759.2528651432606 675
869.1466586751675 914.4150326514458 614
560.0413803456637 496.11333814384875 522
889.9676136175677 706.6010046802996 668
430.56839864368726 386.02218824605205 954
92.19701292957538 879.5936804620219 816
400.2421911382152 228.65589640460428 883
691.4081776332101 811.816585013993 385
19.29275407019626 62.86554077301743 883
653.441675378735 234.50136076667795 750
225.89776673287798 167.43078303334224 582
84.92592234825558 90.05374347531702 769
654.5338865350487 640.5024980287411 836
577.5464757404751 863.3162432517271 482
769.1683926833902 981.7191287820438 344
665.5195329394636 210.20369758857228 598
352.214377405199 739.555606916575 189
284.39670995091893 791.4282116277778 401
526.0801331012661 405.36612942201424 255
75.82286970007112 294.7334054358297 651
902.5001122800169 385.94565403475434 726
547.7268788642999 469.7011690033086 663
156.43363301465473 767.3854493495535 884
529.191821416534 303.12710196248526 671
570.1640653681142 932.0215833007948 370
695.9291132321086 982.7716986380639 506
744.8961449138275 31.612343531002285 645
628.569666838293 658.8104120060873 962
901.2741866678535 572.9412330922806 853
33.19748403734568 682.8474673545071 276
273.5644770977371 361.3140552070245 443
32.3690934906099 693.8761357526972 160
725.1487479022729 388.46066937534783 204
468.51875851954105 744.2727321880237 300
690.1914030781307 182.9711190482083 615
961.6114427940284 468.2437956577193 123
532.436813861034 47.84311388688567 378
334.31385258850054 379.876936406316 737
513.0903195579687 979.2097281693049 362
77.11942020778673 36.38219755858796 928
331.82362794553745 603.7134684512368 350
866.5515199322044 119.87047709775722 505
42.59283313447926 537.3783162165201 731
195.11088988361692 794.8083424449792 145
744.4877671528492 635.2338953088741 163
968.5228383226757 433.1360496641387 531
938.3461583620206 184.84008305791588 943
637.8842890085675 770.0746215207002 72
694.1402445697842 650.5429326454371 284
860.633946617476 805.4201713424299 305
130.8368780707534 509.0969489258428 469
109.75578639109784 376.29208517907466 204
985.6728869307259 826.1507858364178 243
175.3629367069721 468.5912931376385 107
910.4611943959661 713.8104748000767 481
561.4811688263276 664.007947519277 416
436.88482099198336 404.5843243738695 799
408.7419675961198 283.48166527341465 433
148.62963613698454 90.09709173053837 884
532.1570630751359 566.1922598810401 204
532.9611250825569 609.701338606178 983
891.4648310360471 232.75316935502198 561
837.8057469002067 987.3781630251555 3
136.94783490105456 181.2500671767231 360
62.90797738504883 103.22027095702713 551
627.1349750846882 916.9737280794983 468
428.43193062871933 574.7866215549103 129
512.1492077943775 856.355101513072 667
718.1356301382253 706.3937902995127 863
829.5261366778899 483.23180013754296 949
970.4093596526086 978.7430337046975 756
59.41057338293254 244.96906829238264 995
726.5343983235581 42.5723600537441 379
274.78854462320913 514.4169439791373 740
769.5722371812859 493.2654445761087 715
85.9007163997677 206.08169077043192 609
145.90609301581904 889.7042003881243 535
762.0279878033969 793.8999345030459 352
793.5238591019216 711.3373574147287 541
808.8366592393651 468.9302353031781 485
592.0459178831552 561.3612592254609 241
825.6154479378214 641.2192865006882 27
242.73579308576154 868.5498805082948 976
684.9547228862862 463.76511999948065 503
688.8485946436656 242.8319681414316 378
410.65680724951625 20.426049909351928 535
61.90562287699297 791.3116114409547 341
998.4965051517275 5.492584620664265 606
860.1587560734482 565.0870888953083 923
753.6331739980595 499.70231258910735 47
941.1658266796023 807.2132375484554 538
502.852620841708 558.4530534881181 803
154.82825739597828 73.45739674217133 224
268.40961783698526 827.1372704812101 824
534.2414958863135 188.39853391928995 436
949.4378840529121 421.7754480399816 820
724.8335145810935 498.4908729032058 958
934.5077435876175 997.3544245680927 112
779.3754978905225 841.4510520089458 689
817.2497585597843 719.748367604654 694
19.073201718807333 294.7538689595027 180
144.53811267172634 623.3785678293756 229
304.93761214246473 433.58911271223553 350
616.6684488339534 738.8633212906603 148
722.7395682297627 371.32097560270097 160
274.03449782737465 520.0167197408018 931
275.0974715716317 220.37257700330815 241
427.8553715971297 765.8014776595865 934
274.42704271769503 450.65756402234746 75
573.9945941702015 532.0386591686198 787
714.4109686064239 855.2622686542122 752
629.6886629409678 455.58646007353644 962
16.32062422953018 10.94047805619136 862
153.1136401725902 159.01146183983371 330
618.1193763242466 326.67672654647527 51
825.67175137742 409.3629327098296 212
694.326009095563 867.3941202242763 836
637.4881331701423 338.5274015639165 235
618.6569047585764 972.9034840297154 95
273.80371237201206 111.22029098666842 776
274.2321059588858 488.3309146511251 54
753.1166128892412 202.22443837910575 992
337.0052826017368 543.3640540547095 156
669.7417376955038 555.4237171320718 521
729.4058289519797 250.53281749361454 229
381.12111797824235 396.17764997715585 209
715.4151946613449 148.52777541970997 992
695.1291671058095 851.9735769508114 241
886.3623515912312 912.9206209929218 612
574.2393497386144 633.0460148503679 309
127.57666919912702 825.2105571087474 347
413.9414976647541 572.2508908036217 748
572.0517774492747 856.457984915845 968
457.47832855616224 116.071329293991 554
357.40924558575205 834.4524722133028 339
737.4808782505427 644.2423662166962 410
996.2452600703016 326.4511275572677 822
895.4103525009513 322.12564904818777 688
110.40221542040895 925.4490382267197 687
314.4492300117655 443.58981299103795 204
966.9489044351116 307.6452310657658 228
691.2930419476829 364.0007572389432 382
349.57849944596586 408.9472057231214 523
635.0758873931227 60.30764203261418 773
438.2229055320178 252.8617339646412 770
797.1019838974227 751.9166801434305 938
708.2801360403913 102.56285869238191 533
927.6646391474299 143.70710365900385 432
761.0910212281475 305.60925881973634 778
38.30733495953642 527.3415673142184 516
648.8849829803347 284.1412324425342 520
215.66609520220092 10.58735636262842 121
764.0861719938719 101.23722261963574 84
454.91374086759373 417.51279776987184 266
461.30830347952644 722.5071686811066 739
185.33759037484964 149.59586040434536 421
743.9520757189616 764.4119115341575 222
807.7779569244358 26.799195168162427 667
270.1930929256959 178.83756070502366 643
631.727008366098 527.5152868024489 860
839.7005016343321 602.871242245737 589
560.4783993948288 915.573172980408 5
716.4510057792493 115.35276364897595 629
331.27903439630535 335.30200718529113 636
519.833460951052 84.59606109280848 818
863.61703353109 689.3021036885326 146
910.3160938318832 115.78110969967803 864
861.211207632368 781.2160419672805 638
293.43284296098483 79.92237869812979 540
333.2778974189882 541.8331764029269 944
773.1982835858327 390.1578942127197 25
612.0459336167568 225.43991550890252 486
739.9316559855391 680.4458775878929 185
209.54369475721336 676.8020194676996 821
498.56907649074867 549.2575334232654 321
243.78220067483724 105.86871982695057 170
253.71605003685582 695.9542497860734 563
719.3682235460523 989.4296471069665 68
623.1780254180679 878.4959543706981 271
736.6654107577064 410.704872000292 169
195.76415806878978 124.39752296444173 162
102.24471680805513 187.97318253186245 542
810.8659326614254 884.5439978066605 584
779.9570592681032 373.15786793675795 433
110.27336797980902 871.0611258870267 610
547.1235929879466 381.4963326666456 777
980.0101061153908 673.077453758669 858
537.4229899600302 761.157367650495 323
258.8881709305718 310.2533636367174 618
193.8258979468034 620.6457662062154 682
822.4129793014112 324.29952690920226 418
965.1666115848766 121.06444663104298 510
201.30798645633675 600.6509978447367 243
701.7609138761198 688.6065096859699 168
12.477865735157302 699.4344173348484 676
631.1521297723839 279.60292061537206 940
537.0357938734037 283.75742477630996 840
98.58674088444286 30.07265177710905 460
281.44586449017004 215.0040441390437 433
206.77259224308585 128.29776466116883 755
290.7049255357739 895.4634179427231 365
979.8865486950947 297.1453471742309 497
565.8830504097616 496.1051777149529 442
266.59920944226366 387.9671727896128 758
693.1216946408034 902.1352585731057 559
566.5715186820071 266.8278533780507 42
812.3563672911192 136.677009392422 441
843.0190985706878 740.443996802754 981
772.8258947230931 789.3952835473349 913
69.52456750036684 48.75773414543172 632
382.2817301919417 304.8342141883901 51
172.65640222409252 55.57468499707363 366
100.14876605534062 403.4843241403519 951
420.6033566269717 390.489769493204 815
16.38605601483767 727.1299949566226 737
712.050274893224 416.1353321543073 708
566.1632846784461 871.3741477180314 503
499.27174557657025 213.11312131051042 909
816.2394903134269 941.0077408032578 431
393.62740493756496 715.8671401317276 288
755.449537072531 140.02872136082922 59
925.2407915081648 560.7351027481069 300
651.7029203067536 293.9814374471709 670
611.5199012762347 185.35163762271023 107
187.30871975819852 352.84756810942065 470
62.583012733893554 686.059451053422 475
450.161513674235 75.71012421350875 143
451.050256625603 395.1562031068044 660
114.60505867339931 954.8931654614115 205
72.48027413164016 836.901832230523 677
710.776772547066 50.60348111529422 9
211.40387279219607 63.714638610163135 1000
48.84539173935365 567.9408807472856 799
409.280528033662 935.7481941113886 929
64.9119558246284 960.5861595646692 393
248.88097689703937 814.1237054706622 767
651.009821556591 915.7283549218898 855
28.23920643498723 894.355307632431 482
972.0205925212088 399.49029687267654 512
128.43966388544393 14.481642288075026 646
429.35008042396595 708.1116726572908 537
864.9405187838058 675.0811904258826 59
373.24171117076366 197.431956036067 95
579.4174864553419 452.9890437194569 43
93.91580775606245 490.4434555479702 826
154.56729637877376 524.8469751275327 322
333.62748453387184 924.9363482883102 123
631.2398192225105 390.20177659346143 555
713.6067534524337 879.1060555148817 996
767.1180880523247 718.8886386298277 987
941.5038029312079 178.1030254893432 327
158.601151076056 278.9725172847412 138
916.3528397487136 530.7296130346228 266
748.000347564283 332.6732101529949 212
994.6622380494208 717.6568884587806 502
53.190240192678374 42.55162051314454 228
316.5954308109832 796.5353590684198 533
394.6127255743095 646.1791516507324 84
594.8028920334102 229.91131414487177 241
686.3345697472105 955.9351378116239 122
576.3875945261269 613.6456767568059 703
243.95120414228722 209.98124842443488 378
814.5246805870858 909.8511548843004 474
3.5967872152226077 572.4953419828917 71
335.33415171072687 611.5622422136504 935
434.2351587336476 905.5897015989243 48
900.4638375282283 467.95726842895544 690
994.352937464715 230.3406295131154 277
942.1529665672073 844.47535745833 678
786.0750532334714 848.097513173606 305
80.59231315100624 920.8808653669342 716
909.68408390031 226.5404394052576 197
314.0186365340757 288.7426513979334 967
697.29851018328 161.7910495278997 745
191.8905105327149 578.89808628085 490
823.9746694403262 737.0329988371572 910
343.94398123325533 227.30832887652375 503
984.6140237110138 243.01565054802953 526
210.69514762627796 61.9566831393632 381
734.1175352467704 668.6969980519762 209
959.4663871506722 884.7072424827418 125
153.42216613011374 739.5940048444415 34
612.0293294514123 86.33803361690495 54
272.23837559824784 375.47678435954714 852
466.2146766580652 408.87256578665153 355
377.4208749769925 753.246491941527 796
673.905750627196 210.13640197924587 107
548.2104478979335 70.97612032877332 184
922.9667909284427 242.87105589732505 566
857.3798547581521 298.2760663596856 345
145.52224587103657 299.52126152207626 648
535.822034843771 257.2826076581073 743
200.16746730798852 897.5611677988092 754
684.3543705056624 962.0170248860535 165
344.8778880369352 668.7451036496662 208
269.70727634653423 758.1714231222101 854
47.64967281090415 513.4821099491187 928
227.04015659751477 321.22120793546395 596
625.9725625567362 768.0858778463997 138
274.824283006605 114.13385355715921 847
799.7450574729021 452.71207672866996 346
993.8792077069296 27.76101542876774 314
289.66681520388926 540.931857115879 291
146.7998350617784 41.06464891001582 763
730.1740959093715 14.865945387765645 81
802.7953364210914 530.7372120790899 875
65.02723450142611 49.736978822992995 82
456.3981941654128 615.5432418916969 368
922.5488338059441 731.0527643657698 708
652.7559906599887 545.0966906716134 935
92.15195557070066 126.61550119673537 335
11.910070297060816 741.872369404719 545
