803.8792621148402 280.1681379177178 957
384.3790070061784 111.79744966088111 492
693.0355218800713 130.8586224097984 639
245.75198075843184 214.63671693858976 768
272.6881019899484 148.21906940956342 342
347.30792449140347 494.7342223268778 396
918.1407687631165 422.2257167965964 191
396.0058470439518 978.7628328829802 601
673.1521881299947 26.983018336928623 116
302.4621902564155 631.8629193224401 307
118.79802830650321 764.4378795186705 652
146.28178129157808 835.1799995756347 918
736.792654548042 556.2410254115484 366
626.0037911320115 125.12358063412621 25
461.1797823016105 988.2233387552111 462
800.9858699895589 446.30724735229023 957
571.8161914856522 606.8934479999126 150
166.3098018509521 64.9975558932362 397
492.06590909259694 277.96386123707805 594
431.4723693986707 407.38509941892084 897
234.12835767297136 118.54509070292585 882
252.26178629814024 996.0766028263796 928
117.69243458723078 448.6502787617994 314
471.3884955027895 816.8436968774577 896
766.9029593351527 740.5790726967944 259
269.14776476119084 305.48871835198497 577
580.486647046252 359.97249252897745 695
179.70772510985333 756.3983766528805 171
824.311330612897 400.7972075294853 657
598.2923386993889 710.6978490453102 666
231.29671387436613 849.0578234172975 554
416.3879434105968 449.577354754108 553
391.1153165570586 776.3768828589848 782
559.7612092738818 390.378287050946 287
182.31655068510733 541.5776783819013 558
156.67391925445662 221.37638223460732 594
439.60054546239127 611.3254613854646 558
137.3226590452825 92.70678643762864 552
290.27952113948 376.1829297242416 954
444.7226468916758 851.5193427490485 931
578.3681954022071 207.1974866358397 671
694.7243486808158 486.3903330532626 32
833.9515360545023 330.94206600754507 514
967.8396309350949 180.57695635178194 267
569.1300436506846 913.9740604348539 938
603.1282807848455 513.7486634121302 680
6.7443204498077725 459.3343001420468 297
554.8593553397815 278.3906263495728 874
18.29763512202698 417.9399972454716 91
591.4227273054033 504.3478830494894 307
727.8852548477649 195.7521429937905 403
286.84969202606015 25.49588019155813 152
888.4787996112653 563.1231659188574 624
102.03286292488878 988.3794439701235 855
639.3368745177168 914.945659462439 401
632.9364755998204 704.9799829750101 670
20.989017974905046 466.53420911447176 801
993.0008724927752 776.7595997858278 868
516.767077498799 629.9279111362392 680
242.99819015730273 86.08812791020392 649
989.6408511151678 856.9928130063842 464
978.8207966022469 185.64608065030185 222
561.1300124117416 122.07472310159173 197
112.80371233965347 999.5587963899442 471
579.6452082189319 697.7590981230587 131
480.75920297413944 411.19897299665445 689
63.77173920657864 613.5033669527338 728
568.4799334570696 826.0931920037846 483
436.8338721273596 937.5920293080607 776
500.41723071378806 949.0330123920025 722
233.04786248697508 353.29373924964034 388
745.7019343823209 291.6463477887875 3
99.73874803252846 515.7434995959161 314
730.2897678470367 617.962260602875 185
395.85610832497855 908.0901623651329 764
201.4435123012077 786.069985609763 155
276.14879419176594 943.3280572538536 249
418.9706196982386 194.5213314994919 537
173.35276311699656 740.0378827646313 143
921.0824509253006 329.0060827764688 356
756.3150938930869 871.9710479955256 919
26.6774036333588 146.99774857361604 18
905.0723765195751 293.8418851069917 687
281.9973413953409 570.057436127018 344
180.43906859591064 155.87540525168143 728
461.2464422534532 888.1877287543834 323
103.24638996698165 10.132024024949615 864
52.842638835734704 907.4091716227163 925
455.94725200382635 166.82159903277693 167
786.6398940318511 148.69034136979454 559
210.66970757262382 854.8089825359095 531
335.36250483330133 102.58943245225971 933
38.42602727385691 485.23545424869144 982
231.8927878978173 867.1888183088768 187
774.6813659319118 296.6290752647518 326
983.9559580678122 35.335350013771524 606
926.0730799735921 691.2795015793366 838
357.5827975361532 241.52555770790252 154
985.4376026799241 206.66914637492695 11
191.70840318810056 829.909791149088 8
435.72246017876915 352.2476001341334 122
606.4427641902536 318.46318980525865 913
735.9267415387976 653.0068307021675 640
756.267373115985 964.4794904295726 159
338.9893579828306 349.021150900367 28
619.6839060617751 358.69764479434826 520
778.5614393364117 478.2895297996877 487
887.4094655636318 909.2235647107854 84
465.19666958343987 200.9940279849105 718
414.14941549783856 741.110059691484 636
340.7192413927697 544.8105970404347 794
298.67438119858866 751.7175103520057 902
32.32341395590166 517.9294681472478 953
903.5426284063038 920.772446101976 327
328.2433309746278 54.549227502802665 939
196.66418717677692 840.3917713964098 168
753.0564656068701 805.9543895290926 222
353.79667861002974 300.7304596841249 457
530.0914110293147 431.01224305040876 566
979.6107874354292 397.6795622486584 125
806.6477822969582 555.9754155860255 137
891.793640738778 176.52435135118384 745
988.7052169937161 193.15423437972734 423
507.06188489749104 904.5786534058755 677
750.1778739797849 77.20219404547457 925
591.4533071049103 360.3475294540588 713
250.81482321253057 524.8294559660192 462
927.8569164340456 579.3392587949581 448
204.15302772470488 541.382094978747 818
358.0696237763349 981.4051363330037 740
122.35524707608336 163.18786356872127 155
49.822197307523574 296.85567612022055 875
301.8855506598743 739.8791807128456 350
458.30789852078766 170.02907192385354 817
302.72873098332786 573.5860338819808 346
962.3855906910499 461.22892849802554 664
703.7879238763829 86.0033534854332 128
422.19275843489936 847.4465781519062 369
92.87252475108565 44.60009114350449 5
706.2723475582972 550.7224124799483 70
223.39647398666597 90.47349883006494 538
444.1517324512989 439.13905139704667 841
138.42559725693738 600.2449016676778 277
372.4202617665393 841.5978597938677 59
894.0364927820528 800.566859063303 307
877.1801640846332 462.1783975758719 360
649.5264908336635 551.853241855859 567
967.1996639660445 459.5492796093458 877
482.6393524674918 345.62702326696916 184
640.4572172743905 412.2902149504376 983
434.3445603278302 409.1224425195389 679
152.38120658297626 648.11305442348 593
549.0555386885262 992.2340331569853 971
977.8861341719626 538.3412793287326 923
582.9434307945364 875.4367196940195 127
330.4261118492572 370.5690069905233 104
333.7993504551352 932.5599926855579 439
132.7288358149944 516.0927503145582 58
342.0509847459299 313.1996754544728 327
838.6382349250262 165.9814329581536 499
226.0990096228085 315.30753057543916 871
282.8001462753195 944.8532714739199 728
818.6622940961452 834.8156098045577 114
130.21380235482926 310.29896292969494 125
259.10688568716375 767.4015117669434 339
709.937362365233 79.03904870802714 129
777.7810791429489 306.82936647203564 458
390.1257103488337 110.86160213407759 418
448.77885042893087 741.5735655939152 320
297.2803144148869 413.8721473129976 574
281.9815821346264 866.1300606870287 963
766.6994222892788 469.88253371914226 558
83.41615151179627 933.6481013859919 970
743.2145562467274 106.20680064756338 265
487.97215711308763 881.9973775324967 371
479.83520548797463 621.8326834562032 831
481.81705353597914 739.9063483165697 238
122.67319234097629 755.0079957935081 825
234.28474979920333 495.66835001200184 320
393.5974800465538 776.1278980042814 534
403.2669207693004 181.69930624223318 928
200.4170855803492 494.360235667226 934
70.40095611955877 213.96132249369114 941
375.72502967486463 841.1160857405251 144
595.0935784995222 418.3084067529229 408
329.75519442061443 40.23608597237593 576
762.0290900097126 705.5926546332091 637
677.5198553405284 24.742085270532897 85
654.2586760330927 634.6770141903245 755
759.0630620724206 212.24377827848528 436
631.4494214833649 621.0522258360387 829
975.4044976447115 387.5566701402673 465
46.47109854891818 103.27325413231215 272
978.2423275956539 200.55678621937955 950
107.22372996834906 629.2622459999266 831
656.2069701818551 385.34293050410696 954
803.2137654358835 623.2618983495889 874
323.07056711511825 418.28054986422245 756
435.18397443691947 652.4092184077509 439
369.82240149665836 171.52829449853292 507
173.6576181183309 373.9718232611123 820
225.19869897007726 303.1939298491628 708
521.5641802619987 132.86153639387223 650
990.5377062980439 867.131395032944 368
779.1488939820438 280.76819776404983 12
207.19384342873204 1.098091605316709 60
681.5376288435843 71.36008301749519 207
342.2619665438589 79.39647790086002 697
625.510019931444 397.1370345856202 789
747.7824831395396 393.26144608555745 338
52.95902281516695 801.4168369201046 498
679.5170831665823 842.2702014183147 296
861.1867220001767 382.7522809499642 880
889.8951987906395 684.7243643955005 282
682.413377091429 927.6372390215109 710
710.1736454888528 636.5664051052386 268
787.916167117508 963.8800110789108 343
566.158095252625 387.3936514249623 781
239.8608670879452 297.29226472425916 330
158.25734433400652 436.3386613658318 874
627.2153156025646 562.0334324787751 525
328.2338739274606 514.93030347722 839
295.10428840157186 62.53176480134071 712
989.4184705640631 130.2128392954638 489
261.31331413457104 539.6037427268537 899
29.28272407654009 713.7645161572979 445
851.6774334404577 566.554122876178 634
241.47372216963225 875.6056519041978 523
859.5421901719045 457.35945107997543 358
785.7286017443049 383.5616852841135 374
668.4805273491627 491.72931648086325 882
40.410317303753885 974.1968362278857 650
908.4721188277931 454.13439173165506 734
206.93695019619273 535.6177013529469 18
823.9134011884114 725.1793061355581 262
399.77842736859634 371.34757262919925 740
369.6891712273964 887.068027763823 86
848.252450172849 795.5482004907526 943
288.4638915601546 575.387113100654 510
549.7416413902417 573.4120697162039 840
681.2888854172371 533.6760230265833 380
980.4051457273483 471.6093015413232 635
652.3852908233953 361.52695195556294 642
43.75428913463564 269.85666092725114 117
603.6197015993804 658.3008865611122 812
195.64478199741563 194.76422458488108 326
86.75881375831584 235.78754877702025 553
403.3132108311508 158.74879112295105 113
989.4379295558302 219.80405715634433 466
895.825799912245 570.627482027366 769
558.533582946136 576.6702427373375 937
625.9249396221802 192.38822364319864 992
251.9424839943948 300.88505067499693 982
112.91239301770429 437.18861341840943 54
886.6960329857367 441.4368530080957 288
313.3180875870213 303.3467002998492 915
306.08332194743315 881.4421936317132 459
545.3756715062799 611.1174517462107 886
508.80520605085957 827.2312358086114 154
896.1813512856643 630.189197974542 898
14.667309709873177 594.1083832542183 156
745.5063853413112 894.1199115667737 406
957.853771523742 866.5162664356704 600
581.527239738174 918.8128093820787 746
924.0513181058891 737.8460784995129 654
806.9148812328841 878.2142548188391 907
973.4422689361509 4.234222163717383 618
665.1484607643439 675.5151950227803 593
448.22651141992134 174.46168159391374 683
55.4250830022216 104.68143000194851 56
154.4874306893267 642.0581899822951 753
535.3339129588932 919.2425774910965 3
872.6156965141361 234.61486375172726 198
960.3081453020916 20.679516470625046 575
288.0153610910392 237.81575129239985 514
991.3575462183131 694.6754188507172 800
10.58389226790779 943.3794144974077 568
818.8792519004953 576.3479663839014 605
691.7090930866484 928.7309513992285 881
294.3256720746357 316.0043475937354 302
452.243816000808 785.5934739325628 259
297.35754290137294 89.52841947633272 855
33.991144287139896 758.5374842595876 802
389.85381809659134 229.29253188056663 472
759.527516740719 794.8001620218616 484
147.4717597256896 810.0225632533575 321
997.4927932970966 322.0400376321841 344
980.7218095375881 557.2429733942075 820
976.1496112637333 87.00467796438238 548
587.0169543329459 860.9008797379203 909
414.94970038160494 32.06443358402933 78
706.3279612647277 519.561904628801 833
599.1943894934692 146.74259894536513 871
977.3373100183265 56.94019913568571 44
382.2594967939168 941.6625294493479 811
827.3880986524867 701.0800056684227 853
99.12360594398496 294.05451523741056 746
572.2431007417958 993.1903650201145 525
80.54340091483047 431.81449002006445 304
493.6162121265078 58.33615626664379 518
834.8215138836578 271.0023108466848 353
415.6064423942101 196.57435831057634 488
735.4579997745772 878.3438305881691 561
315.64711405025724 62.1196275956829 903
810.2124789732346 845.3788667548561 999
45.3449258012113 188.37565659337986 288
945.7792816909337 937.551175848132 313
903.2886257081757 664.021590635193 846
635.317438465381 117.42973032021165 786
478.6678135515531 601.9986940990187 820
166.39751295263306 684.5589102426142 318
571.8409164233509 285.8703951468831 18
596.5022095883868 982.5602711508775 894
974.9364304199322 259.7804663894101 801
551.6857912895399 454.192138411708 698
838.3378607460525 348.7981398968737 651
771.2211073242253 648.2343203245173 871
612.1261332051846 430.88416323305245 579
913.3296220799119 536.562051728711 243
624.4295031527964 804.1797994247 684
395.11725608336036 743.7907329134497 612
178.03481560490897 641.8234252496159 199
874.4944007012439 533.9222656344735 11
604.1901813073586 164.4062524196973 4
230.28814953548638 15.320913990667485 896
176.07225536573 244.93877237403183 417
903.5898522977055 839.8379925859315 62
139.61334116866985 802.4956672442057 238
908.0631954643135 900.7893327098175 68
331.76763383668316 435.40549076688484 766
65.83453141489393 43.00099143184233 898
312.81017157047717 84.86653741564743 127
350.94106192608444 33.05918225722826 312
352.51648508314327 982.3339044289613 475
313.70928534034306 484.3279607406711 603
106.35414045461089 855.4252019241989 626
466.1704285528523 453.64641833266904 792
513.5831326617084 900.7690223660916 843
471.27354627402286 450.84965511169696 820
35.38003295612335 677.0261269096429 394
611.0359636980323 549.0693370748446 136
792.7465663781089 85.61236014332063 514
529.7308322668523 692.6008977983812 320
878.0669629012914 351.5135575895428 862
678.3877772829173 783.951276194181 588
170.1590304385332 905.7764604425663 474
647.5197976976881 690.7134957370157 389
671.0516272215552 549.5467015771628 363
679.4291679692027 823.4694049613428 823
918.7388131718185 471.3366969746955 677
643.7303322942358 782.4806121430571 404
380.2295303272064 815.3676752686505 558
20.075324172888266 9.25609790864501 265
889.0473789725486 392.07825047357204 721
131.7213995482661 101.56155221887208 53
780.6468399765901 541.3003296737112 444
627.214977309675 435.8082794608147 977
369.3788869678905 700.4835616817699 317
514.5413528450825 200.03841345801843 787
77.1642903745241 419.13984733482823 154
904.121223883197 331.5491728296226 251
827.107445418185 823.3266348939201 530
613.2328148482683 394.44745418391705 460
191.74523791880105 909.1176646718311 180
557.0640415122185 326.52852932193133 165
550.7829810856284 812.5432404619571 758
245.88951460547227 490.8697397813997 644
555.5624425194464 749.3183288249236 711
427.5401840693084 80.62782787692946 383
232.11808512064758 400.84634767814055 527
70.51426454789622 206.46704048200237 323
677.7079023281361 944.4329304916654 484
729.3978491144554 158.16909176926774 448
694.9518109449534 861.7986953579082 866
984.1638204261643 122.81838218818875 812
368.7616895310351 679.6135275344454 39
103.77540627807791 995.370713878123 916
854.7963385795882 157.48930789731875 77
709.4520188706323 728.9686925162929 615
53.479374942735916 964.4158793273484 137
917.5070703011384 396.2488694830356 666
363.3712993743728 556.9792067861204 625
704.2411250555698 162.9825274540001 189
971.8455647801327 876.1713196897598 164
922.7034856108514 264.456716516442 117
674.2916463262246 684.2849239237455 589
879.4033773072698 188.29695542443147 692
763.8385029420446 547.5484464230747 720
162.44522176964193 340.3656622924319 267
112.98513757183758 298.99925054602915 453
61.210813549380184 114.16394565126109 449
386.7651395822563 59.08708666442275 734
189.5970058005808 763.7327985772571 168
341.64323441367395 268.5256075419301 124
645.0807895148573 528.4521404107885 151
751.2478262009893 860.4090629776703 710
486.11447530809573 952.9138592022119 655
209.96646021916342 10.074475194305155 835
87.20932225349954 633.4999957177663 741
385.07090561074733 933.7627146193339 696
956.8040511511688 247.43814127678178 663
37.52839546582432 539.3953238402503 769
391.8014254316174 726.585067591407 329
852.383875179886 701.9311500068387 699
579.5128772015053 186.32889701845977 389
928.8400313754875 165.10709338463957 740
976.5179500937619 386.4346999677164 790
349.64079876565256 309.7043089980509 475
450.46607161240826 51.37960279427478 4
90.39745796364929 762.266733068159 24
8.156527644667788 617.8547414346408 462
180.46346726981633 242.08726090593845 440
546.1201843138456 480.01092161531335 593
671.414022223075 777.9104468747034 876
749.6196054652688 800.6803304515253 31
468.7814810680149 202.03727256648807 979
910.6997994839638 736.3238099293462 128
28.306458018831137 991.9994355565021 78
779.8402882495154 632.9944708230056 400
765.3045955728135 538.4075002164557 515
711.4335751451122 343.26184422358466 186
534.2090502770503 360.9553234535087 963
700.7379688665719 309.0658151494119 519
983.7106937325353 858.9982016057683 907
658.4853319294194 865.4901751994029 947
258.6540806438969 19.917915323410806 446
242.5994521336352 851.569093722965 219
759.9101631763351 633.8827447284763 960
937.4160843630368 48.163162587831486 22
442.19632996414384 440.9019111885103 506
162.4915048504747 669.0913940515117 89
305.7025462334568 170.97130831578556 399
985.0987581227294 784.5514875938667 980
655.0965322184308 906.7698154859543 744
631.5416681981153 426.71025238792157 138
153.45845043866024 172.35986519301238 373
640.1196245287812 992.0764437618676 494
972.6515355096568 464.5837788670455 292
457.3012179935314 223.66760907077742 496
196.6930713104913 11.006081523440736 390
590.0010418356417 408.3568034796662 675
167.4253301532289 510.00630302425907 620
582.3913447833214 781.8405031232552 243
950.407644418154 152.25529620771394 673
798.9117500467297 880.3870011575491 757
259.6315568239438 636.5415644363867 956
983.7579664230343 520.5338836571699 497
647.814959076204 886.425782628263 486
88.4423097296666 729.9288157926284 700
993.8943305338707 339.7231601488604 324
695.8260528188085 429.3491799989203 708
864.6903592615937 386.82938302870554 664
98.7781162150514 441.7803440905326 978
388.4170862471746 392.7063910720477 826
518.7435800781526 56.987652681271705 789
553.2181638724452 611.3328246407692 121
507.7088852359043 306.916545245084 321
346.7260358620516 349.10637441596714 333
618.7589364770398 472.70923193321954 610
149.07603437305195 516.4970066511993 308
433.73513201451954 218.10733992330833 626
872.5928275403852 680.8008857814273 825
963.8341010390669 227.39912399096264 672
12.427748610616351 964.6919832804634 413
809.5245838462274 231.70006079890314 477
479.85101746173353 37.09486658630168 152
85.17537161649824 722.0246355969048 420
352.9192976163474 615.8112382633567 540
81.62077965247838 337.5608694210173 383
828.6826223885953 532.1059834036554 335
677.8238942761544 467.86647138194326 618
262.8785903865356 109.97947851169698 172
614.3629955352259 764.2944101927761 770
124.07431957432757 140.39727764267218 499
185.92857358638793 982.6006018128969 291
778.3046513674731 660.0766076937608 110
155.52126961052016 875.7314884935064 703
779.7801455066689 549.9816279711466 928
527.7874562735373 593.0036783566819 907
515.5424842188671 676.2047395521819 676
924.6485531289525 177.9668166392664 906
160.0644963077369 574.4488509167974 232
412.643177072639 143.11946394795615 988
52.867948045598354 804.4791755805234 728
387.1005829111612 379.0671862097891 283
665.7605405295811 701.8583581393301 863
1.7957458981439078 856.6417957061086 743
78.78335093885713 607.4994860966733 757
882.6328597817604 1.9047553242255155 964
931.8094497665718 439.78181754575706 473
330.4795294825662 209.72210095534416 180
55.61811301080621 513.0471844608562 118
755.7089922778766 18.42724561583853 834
160.9707931397497 69.99660192313651 342
804.9798948765641 992.5532033189238 745
224.25399155874493 528.3395664275349 805
849.7949939318271 666.2160133560802 232
73.50991819095343 495.21911540896366 401
539.2203527191709 567.9425529662343 787
572.0328807592715 474.81357466758914 717
109.1769388508087 349.59285137716665 586
387.32887250956526 779.838993575777 725
922.1304054432811 53.852284728532204 987
510.7812789336236 764.858204461074 545
101.64125262859314 81.14629849738387 811
317.8253423568386 290.0185127117386 231
601.5734474231929 100.90794298343386 691
139.13472187967236 818.9884674133184 692
516.8394041637023 758.8221279662297 444
5.165971162676697 440.9042620671414 932
255.6909054590586 535.2363014260061 988
45.549387596395704 195.9083627608943 191
336.62135326263655 779.549841830005 1
662.9820899829905 472.4113144401092 755
806.4168626008386 95.80864331441997 272
457.6964255980809 19.69024089463234 8
942.0844219912543 79.09578127538153 457
225.2110620579233 671.625453270461 520
14.199708309326375 717.3332992417419 973
838.4681384292668 475.59784643897297 327
333.33532513024744 345.6278461629355 670
298.62407587968244 160.16160105650167 618
701.0481519026299 423.51265886878343 319
535.8661997977644 242.6412808133681 244
232.7800073845522 30.471813379697398 141
177.29756871331392 61.75787410655054 362
551.518444247593 246.64247807896834 421
139.86780494168448 37.81415421464829 212
224.2379043600684 488.4776509663591 789
30.883903946731127 664.8133547205501 166
522.6163474989924 758.527986969502 539
18.84301954588452 983.2761141089209 687
255.40507679192893 199.8456415171077 155
978.771756351227 512.6075108146376 487
455.9306361964021 655.7817593654626 636
536.1638962201167 63.39355420067905 815
892.8910633732462 957.9995631180346 704
136.6909930108684 711.5183229044505 312
108.85631587679023 360.9062750458849 380
314.0402059504841 968.4560376538653 907
970.7225391466361 270.4747852563057 234
397.987034601994 850.0517155799035 155
294.32393832560774 280.00923980552983 486
417.5992677582264 336.38820070038236 76
478.5312310737821 903.7764607783301 442
301.11255603684907 933.0990685776893 105
848.0968667965104 192.14357585067788 836
505.8109083067319 807.7995339496302 235
341.6780155984137 398.721380997081 362
376.68281985036487 238.07640048495705 144
876.281328321435 133.3162804587822 808
465.6603266273307 888.7318744602982 333
334.5416919843657 589.370162302988 177
805.3879337765227 850.4729369715288 204
351.027635174873 357.48139673192014 337
753.7516447027702 704.1595255753684 941
272.42913453745155 12.80159923041435 192
389.3711443706418 102.13105378090847 508
929.7898449492566 850.3062219291888 272
157.34251040875446 345.07522107780034 639
504.5289561447297 397.36833764408743 237
297.03946179798515 367.5450913518288 741
347.7724954214678 751.1237685143574 782
724.6670130125921 437.1606988684561 324
961.7427177373714 760.7062817681069 536
358.3749561207213 446.2483406096106 473
640.8106435384414 346.05640898886804 848
116.48180626570392 643.3023839862818 558
242.97929007941076 23.119305491106523 713
987.4990766681786 160.0697521446649 27
383.98762428804855 735.1826735939715 586
514.2167915209549 559.8665851993547 311
942.4528489676527 542.3138924013252 984
793.2501693201542 676.1699130697161 633
155.0556173477693 507.5369367099071 159
774.9981622920676 863.8250050601016 164
695.0174093081874 392.5975748192189 913
502.58824557298607 471.7204541530202 395
690.8196726371601 678.216106439093 987
114.1718365227059 833.5768316796803 508
994.7795194732795 340.4024748666239 482
593.3277908011238 339.9257429855631 249
31.81967956775045 330.9315332675592 922
542.1054290940309 522.4250894680988 74
258.50082147185594 738.929880902843 926
39.050336921137465 44.031059553297446 52
635.0971595963222 570.9729029378094 614
817.6007093829634 252.40272814687393 359
115.71153201739337 933.4788263903909 735
849.3987011928056 894.9931163672773 786
277.315084993525 971.8309408117447 759
289.44488673420676 223.31273117969164 859
80.02794687800862 226.48828528049458 200
802.1281584966372 562.8968645887413 92
353.6337297548465 204.90007018520018 600
245.10731481476168 811.725876450438 588
493.87540632129554 290.59288572339983 456
380.8241611279013 277.6469949685931 83
327.305899955347 459.4218772253941 992
708.8471154765995 392.3783401615586 735
558.3302669024114 640.1048852741004 776
471.0089003821856 43.60699660742362 119
643.2574659523717 658.5486185104635 533
600.2045476143938 223.08844314633436 567
854.2283412672971 212.6477438747686 759
352.15179078723537 891.4737131524 405
746.8376974297529 330.2720061672713 243
581.073559681944 383.55975183625844 577
123.84823421722346 466.1411577936306 784
596.6589846351036 177.5891390899361 838
519.4907834708944 184.12812840816738 241
31.937535547036376 295.0754969643099 734
638.8602710671071 380.25002063179755 61
881.7084267093236 196.15768894102814 453
582.0284618350639 27.439122064159992 264
839.923784516688 8.610669497446043 8
864.2159862706285 938.0940712231754 204
386.16074833793846 847.5766000179352 102
413.5377294899746 255.4634240188961 753
573.8111359311272 919.3742863486182 900
46.29299996172465 609.207442098627 919
594.3193425943542 158.06335602188403 513
11.53653815336253 74.68664899846145 314
76.90766739612864 510.87798644031426 487
951.9144328395723 307.6851214058427 747
952.9104181183611 268.8235972549978 514
729.1018142862163 467.88245908425074 148
761.4492604614005 186.823655795868 147
301.8020802899275 940.0953814650493 750
952.1599707135299 138.045412759918 70
467.8577705206497 206.52554644228826 757
272.15642007272254 966.5881798359276 125
23.310052911219458 90.748289659634 567
973.5465387894213 463.4867955617273 779
617.706482010554 174.7004331577301 701
169.1638865041778 267.9541266346338 813
78.08387957850694 482.7083195061984 839
41.033731336008294 795.8809949355351 535
819.0801892487918 379.5645183376052 712
954.0256469794862 908.3205861425251 361
282.57205441928454 361.16739891402693 477
53.53007411285715 977.1823859811287 568
624.6818508992985 769.9586575434356 203
955.2151187928827 559.5044254045633 348
620.273347859994 798.0227777573342 116
777.1119707058097 421.0271525005719 635
195.71553324634849 752.1060528315476 801
624.9510014455539 428.3498252137553 940
157.07172610909527 393.695440806204 411
966.8799885823809 950.9456374332345 792
634.5200179388181 491.4771308076601 555
769.5053440149785 460.4926431737479 860
514.3927103483411 682.3935265794365 869
200.40973317573284 209.21260017971943 901
823.516114027569 701.0697774476764 972
362.4190466504419 788.1381150234183 589
9.843493043478757 435.85367988007295 549
839.1135388183537 640.1574415973287 483
292.9222718798756 801.4729482300108 839
634.7255675972849 200.34962443337722 384
222.6051573155551 30.81614484220896 932
75.59537291543262 680.0120325542226 813
263.4847787527422 553.101153962919 942
933.0552201945411 129.1998128741897 843
517.7362802210502 906.1424114435184 115
948.7593094643535 338.6105482885424 225
76.27000227525926 273.80761939179064 43
924.0421932193759 284.64021553062446 292
191.71635056045778 656.5412103468897 351
577.4167607918498 797.0694938928607 121
952.724291369413 243.01088072417897 934
66.09838942952173 565.0064967379593 618
381.6281430118471 171.01302729083378 730
341.7645606893467 82.01341695354158 310
38.22010829839662 826.4627839512676 42
49.922307660224874 376.65589411860736 550
161.77027493031483 469.6703319545289 328
644.0302481046779 995.3686652406636 93
481.9831371629648 229.63547939059313 622
829.5208935985798 490.3947288142829 839
228.28484291084206 890.7932568760266 911
535.1131907673106 417.0396977308227 598
355.53395717177506 245.90148996736926 580
57.375534740972675 345.08200299658466 23
227.42014978297598 428.85462362730766 372
874.9882313103548 588.9567232613811 527
892.281511003593 524.9009994055497 543
146.49829186637265 627.3952247730382 527
150.18066354382998 306.95325701729115 174
304.6581260266098 369.4085151155726 533
42.171962590755285 42.89063903178014 477
263.8045664556493 747.9397725975732 121
913.9133264652988 663.1497927065235 118
248.5436531727151 939.1849953341662 567
813.7505333192285 936.8178839209817 530
427.731151590969 795.0224298719929 982
582.0169484876627 678.4846490902729 79
523.8360179101121 983.2390239698394 184
199.88136785008615 387.63212869324303 906
173.79780081705343 851.2617599191155 457
959.035332741694 953.0156481263157 519
123.6131066925218 906.9005240200921 220
640.1677976598718 989.87514533359 574
735.4839256959149 905.7303486390656 37
510.9895683215605 449.97760672251684 319
112.28658887024746 419.9984011967485 559
638.3986495762111 291.7968991698806 765
773.7617013818398 428.80669552071106 461
996.7896169006251 133.78644414489617 881
317.8779274323463 840.0004375017546 741
627.219833951596 959.5056815011117 123
207.9397356055449 699.4621521888516 403
611.5388349356082 555.0884768465504 806
851.1449242060486 88.86341714727119 202
734.772773025736 33.4213028477286 782
227.65772517297611 836.3908607798727 695
351.76262934708666 127.5319867888739 279
826.1961987895742 217.248804624374 384
974.8626009833087 938.1652428009304 499
31.121295955237827 779.815563877621 724
912.355404006549 128.57810557802296 103
845.9336332683772 317.3773832180216 517
330.1275339289894 678.5184793138532 925
248.31801450775194 37.4198673567393 380
932.7567564812664 150.11466253119022 50
919.3360684319426 226.3960485093699 939
548.2102523464514 402.70257029371294 986
144.87869566877575 756.1689207706078 631
260.9485023434078 881.5452039764739 1000
205.87128612830318 314.838535965968 435
63.736614643346016 539.6955147997204 206
408.91462523777443 460.5957754070663 150
789.5753013644735 763.5315336876764 189
296.0757721792229 498.5417779778478 352
342.778700121629 10.233932987983918 386
36.0322768047544 565.1142814538335 364
314.94243411301994 539.4700054235784 922
288.2549873675191 139.58178292761858 505
503.7753862471411 48.01726067171208 215
613.2527618046636 917.7569880452008 618
874.1940779360757 79.97466258644137 852
445.6290997314145 336.798312166021 899
605.257599887676 788.9270215980512 414
498.63067990876 864.752265086501 764
553.6008795290446 791.889566477059 736
409.18494288765794 404.70505320922314 745
111.56224274785065 261.45847356941687 312
592.0228423386519 894.0779259514968 777
348.5970749278795 133.5235291171557 426
422.75806070556945 586.508020193566 519
737.0497888028889 622.9289366399056 76
771.0322255898066 842.9444907423576 918
207.09866157951907 915.9158639607565 415
553.6704659047732 674.614750494469 327
653.1101420818053 84.90072852554964 379
382.37411117945106 28.093461529655862 600
142.80418319987797 232.71714607206994 68
188.74356257285595 86.80657859062447 384
757.3720820813262 997.2001956413155 162
312.5171841096561 355.49136189898366 422
729.6985349103547 440.02238034767885 556
873.768943289523 548.2102093132847 209
837.4941065517189 637.9290592524885 768
669.3016395607029 553.9239862901206 764
756.0809100129563 86.60503030149324 582
784.2950892499055 156.20222567251864 325
271.36559134547133 651.4262452374032 898
309.6729287270924 695.8046863469809 924
744.6741264066134 585.4612789148903 91
753.1082107530525 680.826473758284 994
829.2734562741716 807.8295316526683 405
21.651797913621927 798.8875204861273 566
249.47333659891478 86.43111911755442 904
244.4937854780568 235.90479327914915 836
459.9764342229918 596.6394371008965 874
684.8548939494889 777.1719870014904 568
272.0167914440026 643.7203814337294 309
550.5867626966848 964.4395011325589 521
438.5840238149483 485.9316199803951 851
125.6946474030366 502.2680080381016 537
718.5291305503328 534.6695367260876 712
746.6969818329671 851.6172717944662 25
973.1248577654592 298.64040342854446 185
993.4259347496362 59.73037803687209 10
157.58783949841603 522.6197829655171 369
634.5577232356371 933.3853289196329 966
196.96271745184967 191.92772085702714 800
457.6492544876636 415.98435706863233 483
90.70325918463674 839.4558254350165 559
156.83185351951656 597.5720527578142 444
469.81109124837485 925.4819094577546 446
444.66859143502336 843.0439527149177 39
164.63736150817564 251.69212177289856 223
563.1988302381459 136.41544737893008 235
902.8830696702887 475.86702547508753 360
762.4028004976187 676.1868069583628 813
985.5016586162777 356.7682487926639 288
293.20952140738746 818.8407774131721 666
712.6275378083226 612.8168176594384 490
400.61224112107607 467.4822818632539 914
569.7167350032458 883.0186993012636 799
660.08810419986 185.8335854876494 95
403.5180158807718 88.29393065322222 935
398.51880567849554 685.0066007213645 398
536.5993768304727 314.13792274222186 892
660.1830805382745 891.9472911465573 612
289.68938540508094 274.36957620488624 408
905.0161130213407 849.2005191234354 652
344.741384478516 204.4883081029074 983
507.571565471681 826.9404823116557 624
479.92028929455745 713.5768743553098 993
293.29393720645146 48.89400869173532 24
192.13662447397627 119.30144512500362 98
182.60933667829326 234.54397766007696 481
787.7491881652529 567.1428695137353 544
179.0344711218872 863.4179566073605 220
1.927356157789606 989.0038702576809 579
961.2947397746738 710.5056478422763 379
277.02958882250584 862.6520898914916 240
481.52088590293494 593.6735987528969 206
196.07588323633684 862.2024217281914 826
432.80845228393474 17.982416028637928 925
2.3161530522152196 455.03557554856013 38
406.07174938140923 449.14288874108445 642
753.8512696339405 306.7279959849204 252
118.90239488215893 470.58214757190456 261
494.70536259917185 499.5914382581128 70
74.95861960582229 237.99662800414023 456
385.3317768501645 950.3341787599951 442
513.0457638184406 854.4563733194707 448
343.4173380428952 799.7374952812496 367
895.1516716288845 978.8710469874227 528
382.84844758896065 171.3579848778596 781
350.9184571321694 814.1268515447853 532
494.6989799822452 502.2177276005044 48
404.8609017852953 792.3518165282281 312
824.9120511548668 103.51510208835401 168
747.0152293579457 847.4108169466252 533
612.6959061091272 92.22148608162605 276
550.2509580925895 37.06946729290716 109
317.6203135809021 202.13279473065015 845
359.7141506090127 243.4230635423976 871
182.45396591751873 401.154285311429 719
829.4590447302115 404.1771764016413 636
503.61758924237233 179.2200188052424 306
870.6924682275089 945.2307304334702 87
269.8899614993444 289.37373982005175 454
956.425091590332 575.0449292921816 858
2.500042316571194 966.8008277188904 281
173.76736934274118 683.8807801059796 658
355.06587709698033 688.7473637118329 114
970.7231054061948 508.71336563337263 454
531.7658768362184 747.9299063799516 624
825.9852539467688 677.0545986809374 663
386.7682644774184 694.3703009532184 455
1.1423239284890085 620.5101733795952 748
423.8123044883454 65.33885314030874 324
232.60748402477716 595.5321983465727 331
91.78477374085259 87.85346519019954 18
910.8138862195646 801.0163105779856 800
188.83148320325537 482.7995554423354 37
453.8211186766684 862.8035432448385 528
961.1464250817892 132.22922716318365 601
166.9862955003295 28.553993453861782 599
761.050101251659 67.29023563431291 76
472.79420937411254 4.521409855276937 398
885.0147075475746 973.3919438559464 678
549.6305626011967 954.0153185725447 339
740.7387486445243 370.03929287205506 37
996.1036048144578 121.65202292056487 631
251.6959131663703 199.31937975470905 513
218.2238637446484 524.9354582605091 336
250.85571718095113 9.63180838422617 293
719.6632115044608 196.69174225630402 715
741.9152603789911 841.6667251874312 194
447.7166175511763 143.99719101078935 610
244.37008498039037 399.1534141772869 790
74.54891000609653 380.639986845004 52
589.2280496336236 564.5809868193485 202
8.77176207901087 989.2269766619274 838
272.2603968258638 70.47140039266696 28
458.8371878716655 418.0646661118191 362
349.4117487648196 263.72313212819165 467
536.592520996291 820.3930729971078 349
996.9569280111363 6.910633892536655 71
442.1561040515407 106.13558400293665 949
453.95435745322754 217.21435788069832 791
600.8584789045416 437.36059877531807 790
140.46521342251793 347.10628294823977 18
328.7878729816298 14.59101148113029 550
844.4787889355264 664.131182892101 18
462.9803714515019 707.3363091706497 166
710.8051635481514 359.899623965099 294
175.08755510532993 576.0859614469213 152
417.75253251894196 834.8498439414027 583
825.6051026279499 289.63404969221017 69
720.404187524159 563.5770530235433 893
22.67120569084802 196.7721082741034 962
202.95821923086444 417.7458820450235 847
902.5433721759488 563.1719188729838 768
898.024112528592 900.9425192871915 400
627.889621728271 885.792312578008 513
59.573443364614896 456.32160850811545 358
492.84657685578236 986.771933095857 451
330.44149422905457 902.7480362335831 652
314.3138561082858 694.0015415314481 86
300.77837276483933 10.610315820880679 602
377.3775698935372 491.68117006416645 768
409.13196492412465 241.9254614637847 713
802.9616265175608 953.6193708090036 318
981.2982015853729 592.16047404907 759
17.118936488437207 993.033534642539 745
874.0763291496891 814.743045745864 268
440.97386479309984 643.670305706634 494
606.3188572284266 71.6932283356989 556
535.4003957576857 88.40405241752491 724
738.2492895455638 489.48422117929016 213
790.4782360645873 908.3573425360134 512
467.9580133194907 343.505380364841 306
438.99135356121985 653.9449383784182 687
881.8678654529432 699.9669088398014 971
737.6791967535621 128.67640557958626 246
36.06291101336679 75.07616792515526 257
421.025177750704 660.1868226925735 902
334.45100254394345 280.81521148522336 221
647.7340538496815 69.60545275862884 916
158.9121788241874 753.5428488511653 814
468.03576216389087 221.83177591247127 869
68.96703732743914 746.4518795250262 323
725.0106579682739 717.1786344284174 474
165.06847964622872 15.438747764946914 785
142.5120584434002 91.0934197701323 8
925.3956763352927 260.6063565265811 114
5.629110840007945 176.36594332356015 74
142.33925122148128 73.03300150072812 250
777.0246723319696 49.154838330718874 315
9.876791156898657 441.4380367854914 26
494.60545933487157 759.067854621165 763
901.1009609335802 739.9995400643687 558
787.9422703797065 443.08291351631976 463
372.5036818708013 958.2518027878064 56
534.5890337518173 97.63872603351686 571
438.51461341744204 274.76962272218907 254
104.06217975169818 608.8161804961577 672
477.1992385107534 537.0299382533601 105
572.1624548540948 16.637648874562537 786
109.22695752755996 127.90897096724363 70
928.8354348623681 890.6790441728734 987
593.5629472870257 649.0800150169531 907
242.32701762444242 744.6829997285392 362
43.8558739356798 523.9360293515152 731
345.41128841530787 868.7028470857013 190
295.5979931760705 502.5315994414482 751
719.6200264609851 352.5347582792996 541
847.2690134460842 83.57403439006738 385
751.5354831297896 219.79272303892984 2
914.4177153886108 155.43935634239614 344
376.82689306208806 883.9926814036205 597
53.81532197613148 930.9172256123397 760
580.2563902245772 716.0354721763028 735
845.8521714045642 112.74380867686729 646
236.16264510456597 535.6988563333014 573
730.8420651739143 249.0054139419061 185
64.34080634426608 420.4943246982372 821
679.9098357044986 727.7593765032474 97
266.99953156587463 166.73920134512366 945
982.1853857931827 241.57615958545108 154
971.4005515498029 196.6097106357908 716
925.6801006890216 360.16947892519113 421
287.75861563689074 708.2553538069617 601
152.71437721304682 28.72985109613524 429
322.4771060733471 787.3729067053697 983
231.92822693254578 369.2715041237272 962
586.4686338388489 989.4040111149383 419
961.218732354759 437.2906671226531 184
821.3050585324219 684.9553039095138 336
908.5665868591032 545.4644733111533 600
493.91812569665285 910.7200704731619 696
771.8484339258783 125.93261134850798 207
506.5482572800284 609.4013338181852 827
292.6681007997469 598.1663732179322 758
856.6968811965885 69.48100987433436 460
923.4428019123997 876.2939067437215 6
201.93526246940786 976.0649259675965 631
268.5300486277956 997.9698253259958 662
175.87425968315594 139.81595951041004 567
969.1883652384564 549.616325007422 958
703.235963927689 831.868093169606 62
716.5152829165057 578.1056930523742 979
43.99987325498578 591.433195979711 703
361.98388994013266 757.2889129929298 636
969.0259174940601 801.1594020914804 251
126.51623169911097 80.58200670483329 743
516.5396843648258 635.9792914925878 716
928.5395540731002 96.44477094380744 606
352.7532942155304 480.49494194545514 994
71.5722461409135 345.5135259790422 261
479.0821052757076 77.37549242609798 5
332.81059784244735 473.60263095808085 997
534.6202432802299 756.1449856428536 459
