621.4273703296836 403.7906300825326 507
406.6197946328027 34.38775831674612 55
84.45810483737671 726.6525948933438 802
983.0621101404836 875.0176212646917 404
530.0328157858808 86.12305375476804 318
563.7638491956861 650.5878154795748 771
286.0225206702366 599.4436087590411 344
717.9113142824956 909.353413747842 595
350.6886506596353 632.099725151309 643
75.00000860848554 868.0569254450354 378
852.0102865908084 173.11939620518513 502
510.59678451316756 163.21169864563444 175
365.4377078647822 827.6279626013056 51
401.9317086442418 37.4953226537883 261
841.2080742351666 511.534447650287 975
602.3884003277445 330.7484378290303 412
951.0426638816909 907.7033950581582 61
795.2037592083016 886.8919153505537 953
633.1630823098661 936.6540001377531 511
626.1439997316108 961.7663820031815 751
57.72540229945389 815.2335928688294 954
89.53050556692288 853.0526379499304 410
399.17071158754715 26.637321862022056 182
558.1500303718348 549.7783473790175 439
334.906568836542 534.8230867705697 31
434.46445858602544 863.632088426814 212
564.9976838963121 448.39635548029366 656
596.3888845919022 844.9049752071342 917
697.9018734610379 228.96603965337448 214
75.41960193741582 775.053712406215 425
192.17462585891175 226.35667017139517 23
959.4954043809615 615.0173401909193 711
642.8309782700583 944.8334084124302 349
119.61303104648447 606.3191790738963 753
378.2722873030757 869.6935200666165 979
650.5338495112013 871.7783567616227 749
144.54835378718823 713.0838548744568 683
812.6088391952488 940.9288708810338 307
211.15250987202361 941.1619803289809 518
783.2991122590156 771.2767710626041 877
565.9264854951858 267.43795152851703 52
915.7531297798766 46.81079209280614 765
507.2731231657203 694.6428420776782 588
84.24491116993305 733.4518334260936 694
57.52745127719861 873.6389684719115 455
252.99489121645402 60.38409158383884 968
384.7862479534572 551.5651463258496 980
251.76181133495535 134.56702329250115 641
327.98596868488204 755.6832653189858 742
887.0981927045622 848.3856838966053 947
183.79813798785926 619.1866052960079 315
581.0060269684174 331.00116888625877 480
259.59071844821267 457.8623502334734 74
557.3550383077126 106.39871139549362 811
195.7442180759087 318.9763578192491 286
20.29255705259647 283.2109925359203 728
108.25115037533328 805.5878680149032 752
403.6246435272941 862.6574103332565 279
702.7091532101747 506.9253912909548 418
403.456495833986 533.2436589207474 950
237.73748785556504 812.6820570719317 326
161.92069693206602 488.12158544703186 16
129.57986291228409 229.85817233782757 732
924.0530162988533 524.0978180804871 771
836.8919889548591 309.25455391546086 110
624.1685305910746 839.3572769419493 731
497.9830780578246 983.05704902341 27
596.0706310689014 213.85311414934728 516
40.17578334134908 682.8518785542632 940
704.2795710712561 646.9363442300239 362
425.9440402352849 386.7165709203022 89
783.6158955831079 463.4771895845744 496
489.1991631995233 756.8994468239913 136
779.1150868537859 671.6207107019766 615
971.7609875815556 592.3219618050814 528
707.8425193305502 639.5584758142514 820
667.2405570658465 649.6441713168596 876
754.629655576287 154.11489884832275 181
66.46677988220462 348.3568325449584 378
274.3367518140511 831.8291042242101 451
491.32036986652895 112.23927693127212 829
539.8843135592372 116.5692961626994 386
349.72927567232006 464.0528199718782 326
838.0953085275196 106.20601571923605 440
430.0173536394042 81.59575618552583 762
663.2004796286634 539.6072351870006 800
662.412442146047 409.16197611192086 370
342.44920328883865 870.3090878286612 494
76.45511675167182 944.2148244076952 155
576.3551228916405 778.176777308237 508
847.8857570335839 561.015827175773 860
397.06397874908504 617.959211436946 58
401.1924377003726 810.5046380287904 25
230.99434406676133 412.24940520155104 746
43.4634494247621 70.92981683357192 515
775.0818292284071 875.5362170110819 74
436.79312788960635 822.2576724416144 211
689.7434415663964 807.4129073055573 229
362.9011765000357 898.9395059766176 912
175.27222551046918 443.9353983585077 80
627.6738700103831 592.6275544648231 427
690.8731849139702 173.65905908955148 895
480.2668264113924 918.9029454193028 394
914.4350563133897 446.3114813805128 296
83.12498553228598 935.5872168295525 165
906.8401511595662 422.16119911047923 538
586.4115662263947 137.86943904388605 210
357.5745631183705 513.7497540023957 311
909.1755086194581 370.45760778779345 560
69.25089903446758 951.445094685697 154
570.0153204397485 823.3383163063694 793
487.01926425190436 364.80001464943376 465
361.4252264744792 13.179859649907755 84
136.89152400271064 147.98702391766838 29
497.8889291671886 900.118270976983 551
408.65612966080465 135.0342025657061 469
860.5673913064176 691.5948066381534 749
108.25290270900467 338.725365962009 589
974.9524502975626 168.5255769435875 763
881.6365032922358 194.43281766608146 705
877.2354933660644 518.5186548677787 793
762.9306871889024 877.2639189000685 980
145.3661186777645 604.0422803684835 549
780.1684370706129 872.890061433857 147
740.390625001937 921.4216577232692 817
786.1409023558542 394.82402075533673 987
640.7525061594519 96.78610401252108 329
375.8150414903839 36.81730223322099 913
225.02894694399723 998.889877623741 982
69.4230806684547 143.1378804962038 926
794.8560327434393 951.9312797055012 513
149.7277527461738 114.28184458646918 489
725.9434217196853 733.4266329552979 347
612.1891907039295 557.7924622187361 789
706.1041940588063 943.4724406860695 796
730.1770449359047 872.3242856805336 582
484.7984132482036 331.8644087786224 882
32.35615859693619 360.99386520193974 561
427.9514981143021 47.74791019665725 841
918.9167372908763 532.6257149504781 317
877.6961347489835 467.5847007689842 952
757.9295178294789 603.8611718189069 795
327.0987626133891 394.7150484306543 86
646.5080481516109 649.5042967164362 618
467.38893387871474 479.12562510533405 605
782.8221452532915 316.1715683245917 442
522.7515380905529 475.26443140526584 533
362.2063913917074 72.86545591521987 674
990.5223794620622 615.3600458035979 108
854.6239637962963 410.0720928688049 49
280.2811065385128 169.46353894207311 806
657.6720115272975 41.17116034493628 202
565.5848346072714 639.8058782172441 958
814.259981001006 829.0297316668618 972
107.87213478833391 212.13385854176826 359
814.845999325255 878.1308096933219 141
339.87712864808503 188.28151722369114 914
138.73504320714525 428.41881905889466 497
795.5151338491964 742.6408228109744 175
802.3012974929234 770.3265956675068 646
642.1160917316063 208.12708286722292 359
995.969508319675 941.0838426465801 908
524.8389898860373 913.3098628778232 995
506.82090648636233 476.70994795199596 755
259.49268159977044 476.1710951423507 235
426.52875371735087 345.0728911101104 841
537.4812972836778 328.9010987744205 263
704.4976779015847 639.9022732087443 760
27.55273351435561 250.23695676032142 312
439.0494833781683 103.42161739898614 550
894.1981587112897 310.3969871910388 141
623.8448614244321 832.8690653949602 329
318.34396251636707 597.7462906530386 534
396.77621499420866 15.825066576921841 564
466.70164186883056 218.3806992102999 33
106.23274519521509 639.2991973618723 475
992.6904027513951 131.4465916498291 292
850.0278037310992 800.1694073115762 392
587.9244807807731 531.7722668991922 82
800.9161416283558 37.89001662886016 422
982.9382384989242 513.5326109019478 991
249.1130342403658 279.1882291128696 955
466.7304102446934 220.41428083550696 961
832.1569111511751 812.7880043402112 54
896.6152410601775 775.9170794013306 438
228.37755792880375 246.08120572433523 526
870.9822577666474 310.75403571452676 21
286.61950199841766 427.582995913104 290
584.153298321887 14.833740175531961 61
341.2854651092989 790.0301822470818 19
488.84384492064316 239.11157275821193 20
702.9321132443324 677.419681858877 453
745.0061285014214 98.61732538297352 900
597.7092497904255 41.0231798033377 221
408.7187600748122 387.7858890050234 734
548.252582637413 406.0920612682333 69
551.8268663667237 978.6629898418093 240
75.33889575969033 89.47104249728544 157
135.45951905102095 134.9259338394555 651
812.0346097987251 616.5267114678073 54
519.2191888122198 802.4596362124929 724
764.5486186244191 183.60167426689867 952
204.5668399053201 843.6068758456896 349
364.5901653032312 659.8607359095989 819
496.9032937151828 782.7528376044845 381
609.6212318628664 568.2683605904394 454
524.3024393182262 817.2956338374186 376
713.8349348151652 230.05691322437815 930
728.3858783849554 412.43272801684793 259
958.0640934398864 948.1209857456722 760
743.7162351734952 396.5437056432206 777
263.93576306677636 615.774243218327 887
649.8664980616197 888.9988543693585 225
656.7456369101056 78.05234513550462 549
586.6853177350914 185.7044577577025 102
379.0996372487558 875.5743548209733 871
374.7473013633245 294.56634213108026 199
543.1788588317029 272.53759290694245 878
332.220406858438 630.9193279387671 102
738.522060243136 734.1265909128352 641
396.18407419032775 947.4388884424563 990
517.0390381018966 589.1047569172919 686
229.2538253111539 679.189799663309 21
6.968960845852967 632.0893003751918 100
726.8229507639845 933.6013903046417 283
241.26188707367203 664.3252483256078 447
577.8470408540975 463.81751718710296 938
241.92651272097575 107.45775054955008 217
791.9613337500256 469.4550461255502 127
760.5160658733541 690.3878277862361 956
798.045783456623 971.7179947188945 492
549.653226709401 779.0806676838209 977
809.2246663955149 72.90902190533576 784
328.6473401183543 847.2520437075987 402
408.83881592645145 84.60110319922276 743
493.5614353197801 608.1194765683515 221
547.8179044470285 849.3541404210598 85
209.8340876838054 624.3161854521983 6
917.0726713698584 504.4417896454715 999
83.00228854948577 468.37444951441046 28
934.2292870650214 222.3061597630882 192
133.79496736838226 58.93319891781312 393
643.7275951288188 888.4445211423758 373
96.5048401559263 729.4780152972928 323
442.29690179348813 407.3963978305012 347
89.79528746445963 252.61444626716033 802
600.5319874470796 112.10440526593001 94
453.8051094486629 882.1616147992022 144
956.0645663075638 741.4335423264832 999
702.7572155255091 958.6316421845673 544
828.9527402227359 473.5743177026891 248
864.6339037828994 515.7574625204996 566
60.21797666085904 15.054300889534966 691
781.6970725955777 918.7549084373478 354
238.89842545981622 303.4129616060909 641
915.6403984267744 960.0571400564571 660
615.583755367703 878.014067656734 113
687.1286843237272 481.3424316908972 373
977.856174507875 749.757287748674 939
475.1422495023582 26.036124790574156 92
254.81311551466567 271.6292000355069 698
638.2411983453927 490.2425338688774 282
468.1600828064616 110.9312991963688 125
154.0702711578278 306.3122075916775 925
868.0792439516872 975.0451653592205 808
448.3171670159803 530.206968731151 825
888.1834325529157 907.6211396426593 137
329.0136967022078 378.9012192633758 40
762.219339863439 462.07151947065717 348
713.5317731992145 820.9732875000918 733
178.66291426304647 335.61953286112924 391
332.781922502196 307.1267107247523 389
669.3437954924535 840.6021081578531 54
567.0518573977802 57.787008110202876 918
925.5432959229612 201.41726900954183 513
724.6395122492296 490.8579993926777 82
526.6077241829768 848.320693884054 449
695.178676094298 506.2642861691455 176
157.61906462900487 470.1837235884703 425
384.5772357724799 493.483472065219 97
253.79446761386748 370.8642858669381 701
14.691340508831697 901.7892949112526 80
536.8192724927226 285.7773643082928 313
874.434288036932 877.4813550663667 482
971.0224704396236 512.2603112217846 247
744.3104231693326 231.72229504695173 736
60.39170256018633 660.1078162633848 359
908.1836315162722 226.18061535372712 584
657.5677677565586 767.7452457307088 376
701.047406498451 954.8168244265803 113
771.2222986023519 564.2075329759995 804
480.70606164416864 163.04012446271477 189
148.81520181340136 732.5775097856944 920
489.4131145157392 555.1084829238446 569
308.03100006738526 855.4669533474453 649
425.3159438989087 250.15317618024758 678
450.5093516207867 123.22120434457906 104
795.2684476187327 488.76201197356005 226
508.8368264030573 677.2881214731401 974
523.9324970674154 821.0939190487705 23
661.6920201589523 916.2583422020629 360
136.36870238078035 21.30653938820304 570
818.0912755814823 339.5729224092258 558
368.7486351462611 851.3260164956541 694
192.3135460870885 664.003086880103 240
182.5404830156143 885.4250208862127 637
930.7588086859625 250.083948284336 406
228.00959820076116 415.3598971703807 740
8.812051597742787 320.79808269137965 144
657.9037393696898 378.7752794947293 960
816.7924068584116 514.2897803390755 677
774.6660651078209 615.1581556487178 563
797.3281422272983 722.9910068992631 399
466.94547969239744 698.2460025025655 374
509.2914378660849 696.9759271088394 909
373.1578596566636 903.0570436590274 118
359.80784010495523 18.47400077274419 647
455.1539038463743 938.6400732690417 168
292.7236321520852 996.3315323198619 16
821.5975519640431 704.9064552454264 362
43.79486191450932 329.97173527578417 301
105.38007318104692 442.0662237683526 822
714.1138810027572 27.2950254337051 198
783.0580987998899 368.5602232414217 759
966.2459237639622 681.3453442941545 131
707.2614187081325 230.9127425914852 608
375.1974679509822 832.6235839561635 185
819.2129919853851 831.6045232044416 884
673.0391820251054 446.3134421181213 826
878.1234010347216 479.8383919863759 953
49.43936760578993 398.30906373420993 957
967.0505423569507 997.2120441016491 118
608.0572585100975 396.0446319208142 926
632.0299045718427 891.24338553213 315
183.0977764204913 653.9407978352723 504
448.1703620117502 442.9829068298503 771
849.1945481738256 543.7787056778293 40
33.740134584860584 734.689037559087 108
27.42635663103965 624.7063338037735 175
562.309793978904 681.9166548449416 918
476.55239299256766 497.5869333023152 892
314.4874270067973 24.240301151281287 440
383.50974056690256 559.6784846212487 179
66.27459873623943 56.70110442535447 179
151.93921897033968 221.4154642807612 326
410.3060599021953 707.3531163363959 681
404.79054623496404 946.2794024204451 681
347.5107971366414 197.4736399902297 23
460.1138249049919 934.3884477839691 354
701.1521971692598 996.3757476746488 571
880.6166212150491 357.32637204260567 586
639.3566746064005 640.8773530421544 185
147.23952605127732 490.6530824731501 581
958.1998231641636 866.1990996377099 215
961.8120022465171 984.5455021598765 953
648.554918157276 988.709626725367 357
201.82761284048723 764.4864003632247 280
9.191406130245273 354.9046879181924 532
765.6406642264739 914.4226189007647 932
805.9635738348364 981.3903190402457 926
850.102635471502 581.1507102981055 145
404.4265591792092 192.3796908680595 194
831.5043733522391 573.8965676371517 356
216.22967472753118 389.78490103646357 980
50.59431831458239 304.07359100076627 111
359.00425897287533 999.2518177868906 737
769.1359882599172 963.0666738147413 13
935.9946171421391 258.18449123212986 108
726.9038547001703 613.1906194395718 147
409.2736866969385 226.08005324352277 513
504.51350314108646 232.47201611095525 777
438.13717918577123 883.5734411269904 738
71.69298709704009 840.9875263693727 515
904.5270630816065 355.5348762118511 449
939.5509479881491 814.1568154453423 309
388.0079268088638 291.20901431746626 751
517.6665776418578 106.00955852196981 965
944.5218818504985 464.9889900438219 482
232.8521538508491 816.6829815058489 954
103.10283623571826 502.0763291060576 39
40.64660952105426 910.3383115703537 995
77.28193065832711 747.7594978754812 615
610.5753341812541 23.930712828699296 201
168.5952130163675 209.79463229998518 560
437.9222750025866 427.81483684498033 712
343.4808853530615 739.59792560597 204
748.156202369429 753.7536654698255 624
871.3716187088182 934.3553253332176 192
480.4927441099145 14.212373822573454 962
790.9918636386951 900.6382992519033 779
840.3973086029389 875.5933680944163 790
164.10845832629195 717.0812060669161 655
376.7571902333441 135.10816748908948 240
208.09385613661792 584.0229040720544 67
978.672467138065 665.3316717511285 10
721.3074584262516 985.1695762119188 729
834.2118973035851 466.1446444644234 11
115.22212464308646 142.03297696998584 523
243.32696380097306 899.7122729750532 479
228.51911899731024 345.39060062425165 191
628.1642493453697 262.3820885479506 195
998.2602725138292 945.7363662141736 326
921.6464425631854 179.36761965164905 603
910.0942293891 218.6613890600464 62
764.7977634523761 931.3877683350802 604
755.0144284661691 892.2630501480094 381
926.7470458904216 341.20495527002225 491
211.2848706301471 565.0450288139116 7
457.3428401432835 0.18485922431443758 227
186.50861196447977 810.8150126962068 12
158.99899208505596 937.0529520527544 655
174.9000723297055 16.46198644503427 438
700.5464351101331 4.029623103152691 956
125.69850477527523 622.3991885952067 43
886.5602563643894 336.74114564345746 799
612.0205976816814 913.2221785384386 422
268.0200776279247 682.074776321595 780
215.09530264643985 449.20177656361346 200
750.5859087003653 637.1699982277088 407
349.77023083156666 156.999820750215 175
389.5355121966947 820.7783857038374 105
324.05507071068763 313.84110569675596 202
995.15871001258 404.4103364658108 844
751.702676863054 487.8439093792182 373
705.3783316482419 328.88699297337763 130
619.5730871392267 677.9572970579753 467
493.33881564784133 504.20844339404533 759
188.8837564398722 421.1261550469662 49
670.0469777896317 420.1020306132387 788
737.3943490638067 239.5382898861056 205
59.718801182161776 593.4121243708166 246
484.28945025885105 240.8151715471878 623
287.2692396573231 170.9584216317408 348
410.62823024821347 575.8260675008171 536
401.27304268361155 276.9885609523719 166
749.1263917576892 554.5400807136725 816
367.28346318477855 21.738414608445723 379
440.5782573908037 814.7032025073306 992
10.841325748838004 429.24734622437387 796
456.68470550221195 642.7305327827502 194
875.0949269465905 823.5359310960448 551
910.112629727489 997.1485397494641 329
600.9165423464821 150.58304505984722 741
163.70834487659258 447.9412803920584 603
0.041124565253403134 53.31887637227561 757
617.4742640200686 485.57130684173853 410
256.04103188072156 556.0858464510352 267
159.38315416807725 527.3826351372535 627
982.2752446035151 787.0656082255821 532
486.7133252098812 84.71329571954112 69
94.62755858107298 905.8999607556591 558
733.9692527475316 172.8663229820372 676
455.438398932566 81.22660049363284 107
120.90686183771926 916.5588880508919 633
469.38682789222355 59.1991939920119 916
215.8746355425223 60.51551604209704 719
790.3322255478676 861.8492762124405 711
135.37838182213858 152.38858381231802 70
372.82203351812404 220.65965190183988 93
410.9210353383944 574.9112078951545 802
600.6467689966837 839.6110741111173 126
180.95605606239283 281.06302978918706 325
595.3919622572 457.5730698240983 702
692.5189663809506 586.6169401828871 293
62.867921855179866 691.1999379378774 535
973.7178528271066 845.3057371653289 581
813.2898399146404 408.86990663059396 726
357.60079983819315 4.984584781603796 33
540.9711882461808 218.07345540582045 95
296.6753984024614 72.09579607226924 910
714.6573734211779 100.62648196930812 120
178.05784448254246 530.9693036145641 321
74.96204505676562 796.0399764536011 942
234.66387866066285 403.0918194569527 806
799.7490317512983 397.5522051313816 229
305.1494716725228 427.2816755942954 617
808.4115614728343 626.9674963305127 499
675.8285858338141 743.2497670454035 836
456.3241857628937 148.47219403757518 755
731.6447534824542 744.4160410386496 924
942.5718711771816 464.20957912871296 606
692.6826075664018 781.095594335208 912
213.5946825070637 117.0261140385207 415
124.83643514444209 475.673238719288 746
250.52870507676806 221.02865794758776 553
2.221854963270098 407.6840495197007 730
152.04912405408766 306.6646788592958 427
685.8905030552571 891.9644284780837 471
348.35636522975824 93.68566190993899 261
192.487774110064 722.2382228199285 116
94.27812358225951 865.1922169382071 22
989.8752391447103 666.615707691726 604
399.04277134775947 37.5739137392298 275
217.85173037747919 86.81618660100088 7
924.3448912988887 109.82925120989928 323
707.1441998054522 660.690746707567 665
224.0370571540634 171.62025297926832 912
791.1072516000849 144.3913412223995 578
674.4913807000448 252.14871919470093 526
239.39989367462022 133.17616000317068 189
692.4196494712909 683.9622784806587 44
130.04307737649756 217.07709479392366 627
803.5254658056057 132.462144842031 188
109.90964257126745 836.6745507308367 440
152.06676327388234 545.2643439294327 346
403.3476165847749 546.3384384281977 257
369.6008197371533 206.95134395187432 173
887.1760280471443 278.7321591472989 830
569.5227079377001 885.9417701681916 749
365.536178436763 699.7034647201715 18
598.3179263898816 400.43539259811945 129
993.0845384594764 421.4591282904887 124
593.5447907985234 472.57702823078006 982
72.51755854728259 849.1230551965544 740
29.35928778847763 582.6767096932014 52
522.131138635774 119.45466129017956 959
929.8142031158226 177.7597433096685 508
689.3216840891685 240.33037468256046 546
190.0028623830713 684.2851345763345 845
737.3796424817523 468.36455527208585 238
944.863261981104 607.7786018549933 425
588.4532210817849 637.7197530673346 693
921.9495067545707 711.445433201255 980
273.40635341496164 618.6584345246408 82
781.5882753604958 779.0435870226601 643
283.5578551324895 893.179262896646 809
557.3771838835561 412.61057680578995 331
621.8902805572496 99.46899996259428 402
272.20158905897915 595.8260237485997 573
101.91883489146602 610.1368221335001 67
349.31250894320374 580.2596783806614 705
604.0946441424334 977.0012909851043 85
799.7730566208506 989.274432428371 125
699.1977757463071 370.123725189296 606
107.83657529848922 82.4836482472605 403
63.48980761324352 610.73780214748 526
898.9614871778098 941.6474482179411 640
70.71007418945374 932.489385761393 802
890.7703255654174 874.6259969918284 600
219.0206041125573 169.80640894041477 901
688.9692805142737 49.925446798628755 141
292.71895998562735 368.07638027009926 97
400.1942343226239 342.191338283007 40
511.14390563582504 858.394563414283 980
958.4080036970726 319.973356448331 898
296.84494555287733 911.1339111426532 738
154.9929680568506 708.2013752254833 813
861.4833260071272 191.85941370067226 194
442.60733985079304 400.11038159978096 432
766.7827723357693 836.1766403280852 881
384.62693468436214 97.6496641615785 148
487.44421115312673 637.5242873772983 613
112.78018506422683 932.8720984769063 324
329.41827100489684 306.1212333372633 547
483.080971752288 139.28314433880828 472
510.3785942744584 891.1564909665987 936
735.4827761336243 278.7903638252369 83
259.0545752954163 87.658873629754 205
480.0189210223265 141.65491013956643 383
591.9620559392721 886.8949217056496 694
112.44231014351635 830.6186018644125 575
777.2782099408415 806.366399322296 75
269.56048719912053 596.0093014644863 5
287.3529303900978 530.5665556079666 574
674.133868503262 250.24188729691355 883
471.55066888483776 108.62612480302347 603
634.6548217679684 658.3480431177572 457
964.8835444771087 588.9540566096194 428
742.4950398028951 834.4082884266905 793
372.1075582301905 420.37068567348837 781
796.1052496939769 83.52135040482422 258
785.0152500156752 872.101846568115 479
951.0310632419254 47.96310029854833 505
883.5879059620262 706.292909349126 121
885.3442540434414 35.778533170411684 704
249.39339308989705 502.06074355983856 702
364.35284963682966 458.4576379248485 281
508.0339845949559 51.0665328780916 211
918.5236990905987 115.45317398400279 3
698.4040792132141 173.30994232086294 438
58.7284591266829 405.2115624293029 685
971.7188636648131 65.78939335252664 267
167.38401815521576 482.4900818527904 997
845.8218117463862 672.8755284179119 404
988.3163727383485 129.60409350439116 284
465.0846024799418 567.7261669118371 987
76.4373312683485 394.6369728586478 568
887.8174110216498 554.2563750695651 344
842.9558306109334 448.43395964846377 90
262.73360678530645 233.07998569364696 967
593.8248103914077 436.82210485787607 296
727.2913146849457 840.0742304031529 898
293.996229450598 423.86006457133317 107
624.0419248884839 507.97991973810707 210
173.4544170021729 49.88974239287614 555
702.513605476546 770.874347799723 814
445.93810091127904 70.63173084507768 710
909.6599800079196 573.8508382401776 363
763.8963935378341 677.1521867006015 208
845.6834786181282 691.3085962292132 202
179.84148003479362 198.36385658330502 146
376.83793841114664 757.0653579645669 960
498.3887171662782 443.42683076071 592
931.8431747916461 962.0958642194984 443
678.2771295535774 764.7856987325142 672
878.0633632556402 554.0275403450448 467
563.749373769615 77.87333555595599 925
10.12771061486939 443.37500907934225 361
147.21307066060442 681.4143732622304 397
978.698717431192 67.46352211317253 53
369.66799421449457 274.1359201037441 519
648.9383226320324 48.793125113134714 720
282.4549327323843 532.2567211008156 946
519.2818413760037 242.9728589796334 801
645.2607841802449 315.6019560518637 293
452.2119813502227 499.76166193149 624
388.711247233817 977.3626870932044 981
745.5802146473361 706.9283321561699 641
579.0280176744569 317.3020639124714 937
99.73316259910226 287.6261948709418 54
853.3935466957154 308.0539940113095 889
719.2792721424065 842.5518240535085 986
426.7394474337382 451.3312510692731 770
929.3331991783895 568.5579238513843 39
852.072108842576 876.0930665827477 724
904.8060266422204 758.9882337864794 316
619.0014278111885 868.9897997555731 341
269.3014844258607 696.5433920272326 490
360.71079936160555 82.39370012276936 798
467.39113974624877 562.2338446289972 648
762.0917950149635 980.8212046336633 447
170.70152483705135 476.05044596742016 211
895.1831751160759 521.0236601101413 412
340.58833921889953 586.953472035513 521
6.266277430830081 0.9058260472379898 205
864.3559530522538 193.30421004761945 23
996.5534520644386 727.8590821446483 702
73.83501217738974 358.73140667486126 516
736.7627814387961 549.9862240798865 437
178.78800535290662 337.26717662576345 803
632.5818013129831 26.102254358367883 674
533.5051384504892 199.6275620331589 221
201.6276218184594 249.52591915438637 129
822.4396843875752 414.49797399403155 684
15.80011568381645 1.5126414843150693 317
967.5661806756381 300.8015055689649 26
99.81758000279561 159.9735443732482 3
24.921281052761813 252.72772413183154 333
644.0753176610821 792.5746391835626 976
680.5989803965269 852.2215635271938 193
618.3652779305407 667.9068820308426 597
216.6479797430825 985.1483143061353 257
550.7213645044606 782.4068608178958 808
96.94543071503858 442.51221265296937 602
360.3564303259997 477.99967545915723 349
684.5659937370825 148.56637902620417 891
859.1785161942295 547.5003958353526 523
233.20018918844298 426.6015413778835 634
987.2717754903634 662.7121126734485 504
932.815786567846 236.53830562426182 200
242.82910801863466 466.1292502729565 785
442.8071136029883 580.744095177802 366
861.898328453623 142.39164585666907 339
777.491752419074 839.9490166263193 552
701.5112678880879 351.65130093443986 714
639.2933800355945 809.2413394087959 258
485.8020201199785 222.11088020260527 198
414.74015341175516 674.5347175064516 663
344.82896687955736 732.1653931109498 485
427.83445378826246 261.73131282565254 86
936.960834736666 276.3917439051774 823
550.5866427821747 595.1245801937984 471
579.5909882861212 510.9429858789749 723
854.5784857510718 778.3496428830925 355
307.69963969431734 300.89273635000734 366
703.0974237147 156.39450601821403 741
646.5208200886218 672.7583830920153 90
326.65593110207635 665.764836901521 931
660.4611858606264 297.79630502077845 389
154.0829998359925 162.7162663079976 128
901.1922812304023 141.5415431625031 419
58.83735101157461 301.9164534246279 734
633.0867077376093 36.91262529892836 780
94.71848984371634 627.6675961902503 43
192.98335191371473 900.9211599474729 579
691.5601919656928 441.71030262655387 784
500.4849969306056 76.91753146471837 399
520.1124379460631 375.1637046226588 635
263.9778214266851 594.9052391336729 812
784.4050824495164 219.74789329563737 466
61.05060694591646 23.86862147687896 769
804.8168941790659 11.101061896124031 51
678.2211966815995 677.1552625980067 13
658.046672590996 259.96213017187466 570
252.4480232566757 944.6774691195092 386
296.956071080295 560.3340005654246 508
175.1144531997575 328.244908286276 412
390.2954544296976 194.20800926899162 551
642.3083191822097 103.11132613935547 44
302.6100244182229 320.42055130338497 501
395.3405618981528 848.8352660766996 480
536.1273681305626 758.1869416822864 251
606.9938902672604 534.1171838172669 183
676.3093858401347 853.9411700712444 56
942.786329078291 972.6631468930972 619
33.40626896726096 908.4542257506041 844
887.039276957088 238.70608361433344 462
980.7898342030606 33.26934386848068 500
900.1272863648778 185.11970236998232 941
960.7869255797717 916.9724955103475 224
362.9768588223692 101.14743230197398 935
425.22034248003473 321.94119482479346 381
91.22890317031407 798.841584874898 621
53.60357253945247 984.2961381830856 765
102.31233472123857 66.23365262334879 261
776.907297841682 74.3576886099051 796
82.77927934497365 789.8143143130163 554
5.8164985135916725 806.5038243749362 621
311.38554736046564 218.9955358101323 437
350.64559643933137 878.9885561637158 62
297.2264966940802 244.60168089330148 691
833.403577102618 922.8614510167797 635
358.4839248091044 39.9640754680799 304
564.1922752173696 104.86864496926384 502
663.6003517384825 920.9434107360635 797
497.973219251576 452.44985708132737 556
635.6723534678139 808.3074026873637 84
885.1597879995405 482.17903916346614 19
493.5665916906032 583.8111953818201 798
412.78353785692235 609.6198651239652 177
943.132488331869 597.7115311594355 54
538.2550244102555 268.297028275144 949
313.70852813629045 262.2056004972646 171
33.72406768613201 479.8002833213636 971
664.4576910742167 972.7635242617113 804
636.2263379759814 290.1361605861729 773
295.9008482940876 24.038164913327222 51
411.85735973408134 151.14640893125352 74
105.08362803555104 251.57532336118572 934
353.92636575381977 887.7736729803937 247
482.3013853906517 674.5303379061821 622
269.7631170603039 853.1443384699467 468
837.9870594446787 716.516807747554 240
77.5430003507025 848.8738135301011 54
79.36552616854897 961.9583985978893 651
307.77088313953425 173.9525306099825 116
418.3474199988362 963.5116634290047 210
511.82846243931556 54.35272882218778 309
161.12612825405427 120.13510002460525 502
113.28832106511678 243.84688906842155 986
141.6514089376436 918.075132550181 897
481.8431340805799 695.0874276449382 306
711.0346634790005 794.2550693477257 331
786.9161748224348 660.1386623626336 942
569.617379726285 468.7989643563728 819
397.13236899206714 537.8855647162382 187
553.7301451685503 37.7069280721023 604
393.11289215967093 368.57718734009813 829
244.3818284681698 823.5967175357464 681
220.7380624104024 207.11973842494115 576
537.3475780509516 211.42380079322044 327
808.4961678112678 65.70859255189976 829
256.59050233513346 86.84439459411509 740
599.6931545896433 976.3307064723638 44
265.02089097171665 862.0316622925145 333
376.2125431925721 914.9653657647603 640
751.8343361563661 460.529982481963 655
831.737574587386 513.4511083303242 553
36.467060665458796 325.6479131456667 629
211.97035862534807 61.17103796351297 699
104.22805965296055 753.5471768656905 35
65.53818315801108 577.6285762058843 134
713.6125701684401 413.2598507865457 14
880.8872098549327 923.7693061457895 79
561.3143530411153 781.3738704277166 746
857.9778501413347 940.7399423918403 93
878.5312590930419 146.870038111812 648
269.7744136346285 936.1783020574442 589
614.1123519830323 999.7195479809895 612
500.103307794033 5.027302133782441 652
760.045704733874 767.312954442839 59
655.511798963722 193.46357599599006 214
594.5992642924384 659.0034336964686 504
619.1050905375214 729.589583514504 91
532.4528485146601 993.692281582945 902
411.15835279791213 868.6205531399554 103
661.6360740090099 367.67486905845306 993
422.7415168241804 415.2021036637531 299
319.89464752002215 839.6603055016889 310
895.3721913690763 261.9434544002657 608
338.54688341489793 928.7706900828605 802
690.3171757765924 966.7131353246183 806
937.8037701490887 947.5916337592397 8
559.9420386635595 416.3549855724098 860
177.94935254090515 700.0814318827415 518
711.167607276783 448.9874521183842 808
107.95055209025928 415.02575824089183 172
131.19485467772896 353.8535528179675 421
305.8542897118097 511.52364834215757 14
995.1221786290835 566.5399121910079 501
444.24681447934233 360.93960645066414 257
860.8059368245143 668.3816927537207 118
987.630943866712 661.9935358989806 890
702.3225175207258 875.2920807376851 353
920.0960159937028 219.60350939359265 640
100.29657459567687 809.4450391420011 503
659.5539710178667 72.77473624746489 696
81.94552412084222 266.0286721689882 204
95.01922201768997 945.4810785832636 185
244.7598312333745 854.6858770672178 477
672.8165774775043 931.9005111214693 397
963.4328954212647 653.115484067702 719
567.5101034922759 458.66479286679316 339
910.4158631918382 722.8247338653716 791
663.6962643823392 758.5307486392701 913
939.2678029292993 712.8442886808568 933
478.97492756009063 960.5473730887039 182
786.4871783875905 673.3682576886822 231
413.7684424951387 63.65667929409258 773
75.25562008022268 828.8597522460657 471
246.59313774481495 234.84392362542715 974
109.81024500187276 994.4444727387792 626
663.6027706664579 239.88528537024746 955
480.4033085707122 553.6165096390521 729
718.3793533580321 16.19368408955002 936
944.0381516412261 538.6683306779559 715
748.2674552251292 269.3080160005813 393
648.7649753873338 618.1495269683038 878
608.8691414955564 133.35223432308985 683
40.374635736337815 180.81809570178854 79
342.1637283704875 322.02181817719963 429
785.1941164375748 864.4596587147137 864
920.6614846904657 566.4966706059852 713
8.185873454683023 597.6320372674427 120
511.73032715622713 180.16616787748606 233
313.82004794311433 128.94844884666068 249
801.6579702917574 347.52903577133463 440
371.806942554485 167.0808996528661 632
588.7526394269306 684.1723009445703 276
368.9096535449293 260.13008137789416 67
632.7633664767103 378.038259458067 667
661.486669674083 777.0343983799141 615
381.6183118756398 397.06043848917585 243
12.436684169586098 459.16927003640694 53
462.0891018015677 360.51850138689423 357
995.2997506632233 433.8828948251794 13
884.985098796592 850.5972733560187 610
129.52974615116764 536.6553658951199 987
117.8814288235056 782.2712093697571 893
834.5198573233172 121.02688675443329 940
324.4261033838256 963.3937810516998 499
11.753814700965815 627.1010145607047 3
286.562252590592 657.3045133473325 850
559.7721268762581 483.91201725243826 729
652.4529911733523 180.4670735458813 831
745.1929913475723 299.1272807778387 191
30.240374784576083 351.1710700246327 383
843.1232592306275 111.06803738516658 613
725.1866700354257 792.6008213659062 175
276.6956316607172 85.8731420349056 343
270.34833447147656 620.9849106128205 484
347.1172357876926 804.7349561657429 703
618.0660516585331 513.8156835169226 97
128.1700131576704 661.8590948424858 244
931.3248973091142 797.4247877553225 725
585.1495834863816 521.9975319538374 721
838.3888370111861 859.5180871697864 130
132.33301509391538 463.7547994909507 556
709.9094746491215 267.1189049401923 255
119.3233904733787 411.4977707930906 898
434.34895340436344 747.4354305422352 706
693.6013379533845 892.2941380380423 130
17.795996551414394 483.74966293577694 540
330.76959145926264 816.2727256545982 404
910.2777482451074 992.2012553142332 354
606.750801847842 417.98171820700856 865
440.61262145089853 476.04151788858195 599
375.29884765252575 323.9595447951746 346
739.8464979955626 80.45363633365244 188
994.022540406128 239.51804423054278 315
480.6157386549705 150.66670398004268 829
910.4314752624032 677.2318571205531 77
427.5509810640781 944.6702281865707 769
795.7408365303428 107.59319816080782 437
49.76632507910039 767.9082091308667 925
247.22314212504926 590.6714964698137 665
406.7597543224578 464.70241810631563 998
91.36821144241492 307.0057237770236 416
977.5045037408701 389.9173836690808 259
185.6627395678063 200.40623499040166 323
582.9370884203494 331.247280294948 350
34.05371330048257 310.75806448488106 516
888.6617768444702 21.927993432812375 562
98.57976737974982 172.28331882263527 330
924.752268376161 605.9926378046337 687
817.5616452622554 307.6666106686481 859
441.3842839654164 836.252900167678 381
467.20851300994104 43.90243274476602 243
85.88649022367345 422.7355907084099 387
54.95708665154475 509.7766657377323 485
94.21284168180632 433.904513708278 843
656.0854746461775 792.9400066912385 135
173.75372723815275 633.3400743735519 185
728.9447330607406 693.7814536485624 289
303.10760520559387 185.2813891716457 112
813.6335776051309 865.609187177298 87
139.4606804027464 829.8801662252465 125
794.5146721923591 694.6372494905485 434
379.95773136691656 770.6341293432299 456
482.19924685098334 279.25909979659593 176
387.1674564760931 86.27690297659763 980
863.8029942913255 296.82010847986373 30
130.31837987446193 623.3190938984474 325
461.057328538535 688.9599517377854 197
653.9101138328951 715.3062948278364 983
792.3191191967181 836.1995691657064 47
827.4934760887254 209.46109756170594 543
530.6295251667495 902.5010440569614 146
336.36858015298975 577.1277932925534 109
417.9548158409292 216.81526366833427 713
812.357603625115 613.7465477647237 72
969.279929270476 668.6307726606539 659
329.24659150132305 822.4201328818787 124
19.390460785823514 433.25622342893257 315
108.35158731226946 463.8032434812428 597
389.44300251078477 339.0456298648964 100
80.56503602963727 66.39013205390964 995
155.89216513811866 453.72671271627775 460
903.7685157501356 518.1439071406782 264
635.0912161897976 418.8005463724105 747
201.16486346096917 899.116946205474 261
481.22119061222526 514.45089772528 775
811.8028145323228 197.03283608687283 748
15.035310718259476 432.77207513262914 277
716.5472807213233 781.4359611330973 692
383.1409698515304 680.3388636002478 718
755.5303499285824 123.14101042176517 110
84.02066156674437 283.66630362647936 803
519.3347079512528 763.4987279819535 744
89.44210897282645 58.37143965685521 260
48.02551299003066 384.60633574462076 28
280.1266195220666 914.4297847184351 338
224.50631241785257 304.59949368069914 123
425.97696947606767 859.894264381142 525
426.9411797269195 30.46701897805604 862
985.2822524381477 770.4702895514253 375
775.6330295679909 862.3132299884063 440
570.6456977214712 799.8619260425534 596
342.78403970075766 345.7466994640163 580
745.7901231797238 734.0629384823242 252
558.1289506417602 43.381380354333146 131
367.24629531570895 780.7264846648909 413
789.1655964183348 494.66459501423964 195
298.7249402634465 826.7761132968135 226
130.53800366953405 530.3186441193326 277
804.3331484210954 266.7781948574008 407
53.813810604974364 447.9609985740346 58
167.54624675521345 22.671927555772186 417
854.8485448965646 431.606232173119 134
297.37230037246553 920.2158765277795 564
422.41147909608566 706.3300227112084 563
780.6773233116089 271.52949882137654 935
305.0776556350171 218.42154782084745 555
877.9043317160284 496.58242806216447 70
621.6335192821628 383.73376323287414 126
42.522314911354606 756.5487761718721 247
893.465154057366 86.53711963218092 921
219.74510291652948 456.0245656837971 911
635.0723526301292 240.83137590867798 165
71.18796913210434 924.4719751031968 741
420.68767301188205 448.77892716533006 46
819.4255690676003 685.0581937373134 215
846.4420642883616 100.57046791025725 424
704.5931412271041 798.4286467029187 764
61.34165928968771 874.0806462404416 517
681.2935575114108 840.9697086932495 47
48.118354459038784 836.4046003545368 213
933.6746320819052 25.382513354134993 753
29.417530256440116 24.745767374982798 114
195.3075159496529 553.754601318751 848
878.0709002857215 372.5431843109336 635
115.19456918783344 522.420976639244 819
6.248418386580634 984.9737608232506 381
340.5326415495227 779.6786667556073 979
7.9512331394338 392.90153262030634 904
867.111796392446 648.5660741428061 911
211.7954593557947 623.7738152191836 290
706.2566879448198 655.4140482269083 179
88.49083413124093 822.2127426211723 531
98.31913761447741 811.2883758671084 416
512.5503617424754 769.7362455198635 933
714.3226926037294 195.0632729831715 162
334.6524544245405 332.33544772719216 61
471.4116987311414 856.7250433927522 175
909.8033523131114 925.2686827022745 456
707.7094382889728 88.37375747650533 254
877.7028619332639 462.57058611450043 478
12.052840132503185 790.7724829486895 62
895.017504932884 132.13812613708143 89
208.99038380983714 428.0934585311149 168
