622.5411691533307 238.3706552606364 545
723.47316853011 968.4101121206895 524
679.1910760960753 513.537968817346 273
725.9519331927193 967.3090951195304 945
587.6287603306125 556.4664803899842 958
924.4053045323064 913.2509487656039 710
842.2093203862768 476.1602783546753 10
262.8131645057077 728.2772929557422 727
156.5544735056632 547.5222372779391 805
986.2581776402162 251.90359685796204 331
642.7333127895938 228.67931611203406 155
274.15067163465824 265.53952995763484 852
326.8744283283769 135.90958365258544 316
948.9313037619894 83.79077639443344 939
721.2770792512292 941.9519710527962 697
46.05364971873771 521.708876974867 476
278.3056140971207 159.6761669797041 121
3.9786187453549893 343.5489024637499 555
217.11702814678858 195.97111805633028 951
620.2927766578387 706.0517905793765 605
927.6807209868349 798.0960884186745 726
559.5305235116953 279.3854450141586 257
550.6760463705002 20.506600719982227 88
547.5153888871366 138.00157985815952 232
789.1447092781681 450.13215964653654 892
471.45420767101984 645.9216961700868 681
188.09202274549276 196.32851442509792 518
217.17051275426357 855.1447181773436 491
356.6863053934277 167.79991300176312 85
207.7161158464973 948.0994688264782 34
81.89035907195996 280.6780795031227 73
777.1086339379012 210.94248971462292 812
916.303703037308 817.4983249398041 45
650.3719198393284 984.9169915704764 920
211.9670123263605 697.3566103669536 830
37.415145214407254 795.4397853597662 590
894.255606236014 596.8187460589359 323
903.3625431226435 305.36078889232385 138
462.4714843896535 660.3820340180242 72
728.9599596631642 180.58051215533789 409
854.6597401430703 129.71272372346576 164
485.84300059258436 506.32076713811927 921
482.8395873534106 912.4847490403728 117
228.10180168001006 608.9696000822823 290
756.909813122705 45.06541533959418 487
735.7358386132289 422.5129274671273 22
253.25053149270803 444.5947310355444 438
477.29190114458606 146.31963592211804 719
443.15382072114437 986.8331149976591 549
621.9270254633466 799.4395464525899 867
875.4346102489649 969.1941888865671 770
746.3354250053352 691.2456436116951 215
455.02389343053585 583.125633689373 60
773.5586277835839 928.0643432886312 349
694.6308045055608 605.8873117798138 16
27.289306128621902 454.3317223330217 860
208.44300582669274 134.84503940864178 336
183.76255276176002 597.7388827501625 566
681.0327789813474 563.7620822362705 255
361.84253117560337 398.1544000051287 543
882.1232679988971 650.1737659122991 54
994.6308427581862 675.1429961034833 967
560.0440080348945 54.23751383380848 336
787.4534508796252 488.6619965326943 977
112.18747703938847 125.04506247228365 96
951.5222036943608 471.7501951008168 523
846.9445685221644 541.0385476435454 487
185.5476253580045 703.2640849350606 807
904.9170893717269 315.9271958529596 306
816.7782782768885 279.79973168098326 377
126.07052886531977 760.6555331394711 275
529.3810781550854 539.6358668876655 238
820.3487175126364 320.2149756441062 69
126.82977246682525 689.9710612239681 384
777.2690166292165 804.5128474852067 155
45.849937885522166 118.53995511901016 282
595.6738665674047 507.48326201089657 816
113.61070908850913 979.9453925723687 728
350.49448289249983 406.1320519949514 31
67.36062426628764 767.4567593161169 188
459.43799922189135 240.6895394303753 193
699.4882658925479 629.2717067128256 288
284.85512804850543 649.2239961032665 670
873.1989631093987 874.8056554525865 19
276.19222030307236 284.11038984629636 226
940.6898935272056 997.0429767547134 47
967.5372463922313 512.1552963502337 619
789.162448123709 775.9838809356397 817
689.3350512403586 427.1833509941979 796
618.1624700135264 223.66116688988015 948
44.565467248087856 629.9683805969216 896
211.4889266740807 763.1340567075798 896
454.8832613128593 563.7631320953464 742
445.34295298258587 991.4342785613759 334
430.28462679694246 115.89182019862065 219
162.82600989727948 52.27090410678925 606
829.7034463697227 128.26005809092712 219
10.552735047502537 524.462829254703 229
708.7823523747716 641.2828435219025 830
28.796418956111292 200.7752829844993 516
87.11840085504996 309.46111561389154 760
17.90636510742982 517.8186010834312 256
921.8861082312469 58.923065951985706 75
571.3809384952439 737.0435751164022 997
300.39682300003847 554.5491015687804 451
200.61415573062925 694.7119904565724 468
930.4220749452618 801.4758073744619 626
910.3283451120307 333.5043153347661 955
734.5360059159111 979.0716387582402 430
692.259986225755 129.24402336436646 687
457.3660019787459 327.09206142758916 495
913.1161827939353 985.6748002652831 884
51.21588751010708 482.0138489416982 93
797.5235085989493 716.6851183367332 63
946.9043101406087 546.3677775023156 755
346.99385561996223 223.82983945340996 393
851.2229680924528 958.6935077722878 571
434.7986636250115 227.290555577229 873
226.25498218652606 125.4303301016313 892
553.6143354247268 647.2310513402585 906
660.6559587880774 70.6937779076996 909
210.11925955313959 418.65876582393525 156
367.0824242867848 690.1489658944532 182
206.52567711350912 727.6879875757933 776
649.9176212119804 406.3077429751574 520
404.6595104203605 785.7148098232769 869
774.5691890620741 326.5265611449186 977
374.455823449152 792.8902191229175 238
278.606339880596 913.6213949688427 574
301.4519576750313 137.1752886698341 981
677.6488194396429 908.5117638127466 596
432.87090134494963 131.47208904759134 563
389.99877734623146 697.3591157509293 656
409.61826619700645 723.3555448218957 367
543.4209940224739 793.5395526621547 708
705.9262587669963 690.3245775091033 1000
695.7452705607537 46.76506683099868 717
204.43180280945327 23.996842910037564 961
388.1539906242636 314.0428305927949 748
815.0707153645011 469.748100197499 74
896.3811688814641 826.8713375762187 938
29.802478776965845 646.1875553750741 877
428.61945247847797 636.1181960730447 826
703.5747863765049 312.60443709262864 796
611.6918930098374 478.17981334129166 88
740.6070650988994 77.9118871736989 142
998.3841304787883 105.65727585473783 674
397.5299078670922 972.3526282406411 741
898.2192130867214 694.3627880821539 166
483.53504752579335 316.35431695345784 866
620.619936573593 345.09328502192193 893
77.57113863996146 303.49441271952895 60
841.2303633296526 465.63259783219735 158
205.99309569845303 150.19120091889658 848
168.36315936934497 351.5280009139965 559
487.986430655762 281.95424017992934 646
730.4164687870863 903.0543012709195 271
934.5099038516277 671.89707964737 116
272.43772168116 596.3634365209898 348
929.2514866686872 498.9111744121095 587
400.37436660589344 636.5548003847935 674
296.98496255825137 915.0884227720393 917
572.5007082769389 281.8653387914447 578
865.7915447642216 464.11552603461104 318
174.96127767474277 921.180550861275 205
508.39514824035723 593.63113541388 586
794.9117925162177 181.89176252184714 337
427.5778329753025 103.53852669323437 97
390.83469227902543 675.1671820136057 55
342.2450578742493 866.7657121824537 137
617.9435647396821 435.2784845793929 913
203.40633180014856 85.24876988504704 400
771.6891963312995 726.7790378429225 779
737.1769275131478 949.6964654332562 899
845.2369108812514 480.26772324371836 384
329.44447911686905 681.9462538756279 570
574.8638146980412 826.5901410737058 764
333.1153555193448 202.70363006622216 902
566.7678759182055 885.4001231370336 128
800.5127224907823 693.2529224030538 411
464.18964226265 368.77980140698963 797
987.513993146557 304.07602401517795 87
106.90375058481338 876.4614694460237 581
186.17779181471738 3.910960992102197 440
287.486357127469 620.2119318570146 11
774.6156776847166 617.1025642581967 208
142.7803447000241 292.73418453886245 882
907.4260245567837 252.6241070445382 900
536.5058839364053 706.362334209823 812
429.3638048585595 920.7838892341387 876
332.52692528258956 421.4859643264939 540
129.83913544776203 401.80853426738514 800
188.89544278325744 9.799695716010582 220
572.3899530169772 115.03671974520525 717
56.07217779254192 162.85160992369285 849
244.24982096995674 113.93534483302159 317
237.29078259995828 840.357674395391 192
584.9697365364428 898.4018525448203 442
457.256670815829 953.8823372948895 968
540.5183240932707 113.21501260340716 410
361.18382464160345 446.5092708759205 483
810.0245297877336 817.4919507435658 320
873.2554544962785 594.5613796695078 41
633.2770020938899 787.0610982183423 820
45.26091399502719 368.2076777098141 141
871.8328966184461 7.903124575142084 178
358.1825290449879 244.91607298128147 407
361.7742188250933 684.2149630219686 867
590.7648146912018 441.2468627125871 812
4.734443356997908 298.24040792753203 540
788.4052994387704 569.5151917657507 908
637.3462835842572 282.10003083456303 415
878.2393051646309 367.65580772657626 299
536.5521484894771 799.3151162154383 902
975.8430279443118 806.77942671618 262
45.74197104804356 680.0263775045253 527
228.46815900971907 166.98139076416373 552
75.08791555668604 598.8196493767744 579
173.75276267084828 348.6756382102412 48
342.9041195154451 651.1735825204516 798
18.88680471607507 203.076540523342 317
286.6588789643295 638.7419474530453 122
647.0852485486134 158.20521658913034 184
460.9458046618104 10.774021347525142 287
63.881974452294486 83.45713915676956 459
487.6111841997659 683.9168027842113 755
369.4205726324854 707.7321123293383 755
570.9885378411589 242.53403070498314 502
646.9627693273497 676.2625989764977 61
585.8829955242281 124.59534924114335 423
931.8264922893801 930.4710447600585 354
51.914373126141996 650.805842340793 426
251.91498946463386 451.7893979503338 556
476.31111533922666 629.8944442125089 967
535.6281471655695 139.326619021661 655
230.93865823646954 227.11635037619226 854
193.22882261860676 787.0412504215809 665
152.25240082085568 945.4598630294984 182
497.56884287547575 946.5858373038028 373
103.44391766993932 863.8735648998197 876
91.9326520694338 8.992565425631206 173
957.5858253641463 459.03511629519943 65
750.8363357608537 918.2870810945597 853
670.4069745794054 881.3487909249474 882
257.8017303704766 371.8863588391205 648
811.1230388649223 597.5338999289484 54
3.7628494134159807 102.24363323789699 46
189.83729537146965 38.49432961257082 263
549.3211069403901 881.0407870324782 92
926.4385125659776 972.591319193061 561
372.93880229677865 469.1019959690573 18
515.7553904608916 380.15149148791306 215
338.242938826524 924.8323248702745 646
639.7692948401096 898.3930410858967 655
54.328004221883106 775.8716736090779 803
126.78958526620632 641.0148889249505 987
129.28346906319055 689.2629385925418 811
812.6089880833758 491.25254521057536 998
117.46143524529451 713.0007626215402 555
880.8020651606704 712.8202031827335 192
196.84535615159982 261.1731823337441 563
689.8138571686965 935.5120618712939 263
275.1241450489412 673.7163013628958 924
731.0407514583932 274.09385706137937 289
74.72884763078736 824.0667832870117 670
387.81844822279453 179.581555041178 952
716.5143243076204 263.260634028601 155
439.2589655753202 413.6892317825924 891
230.96487818726396 787.7835720817166 715
441.03016917970416 587.202634907537 569
477.7956715132203 78.0273672389885 962
546.4622120653942 912.3221536210776 560
317.48476362037604 758.5901512728238 855
725.8019509092875 162.97893532671694 877
520.9920342367512 599.6634746619364 192
712.2674224149046 59.00411977496012 624
657.4617471820826 33.93472969167033 276
429.720533008789 785.1942805433142 465
365.3226219047255 126.99110908020516 374
104.46699491387135 590.3905220328842 494
893.7005499349377 617.7548086575083 774
680.2249310086199 508.31245519893974 229
332.6036305679553 237.3497130484883 440
742.6598227744704 990.7764269561156 307
132.6487936575056 257.13528133003837 133
20.082008390754357 980.3603513222795 98
948.1351757879386 621.6833620421094 844
58.94248663772728 409.0662666770809 762
475.27015392612884 767.9777015708845 198
791.4787722828106 166.2005902246362 739
680.4437968632566 575.5577108660735 336
747.852197039148 654.8766848374077 981
671.0036532437504 979.4293681994685 212
461.1464054875317 506.7161688200694 652
468.2535319779201 598.6886235794528 567
611.6724802644111 286.3685860992491 908
938.1722168885997 428.14526049970414 88
125.97165544424848 856.534471145623 95
860.4504834093764 898.5167895146735 423
207.62147372288763 599.9133879606071 474
536.1622009784877 687.3517829637478 257
858.0597502864936 501.44131949452395 402
687.3179295089637 84.8293633986289 429
893.4330782761069 106.99308474173075 928
362.1088556483607 418.5162087132491 974
879.4745369370916 446.58476013181536 319
207.00118397313793 850.3901843563887 148
600.3508262371621 840.3616980975399 579
873.5115496119024 495.33124160428565 362
829.2658691658055 547.3042138562588 371
46.496280834597 116.83940325732489 985
643.9743268277756 916.7370801468574 786
290.5799017398808 789.1780577196566 548
880.0876040923871 133.51089288539674 634
645.7279590787073 396.6995092083577 672
999.628985210726 89.60323300680773 490
956.1469486385923 698.5917548593776 584
604.4359212688692 235.46084336069427 93
435.59894982344815 52.092519151452635 626
519.8367496756636 192.38827124907976 437
999.761022596047 469.7467943754472 896
187.30767567729978 814.1993673936933 30
467.8446780186394 614.5581083733952 736
449.72502602336164 390.2739355526552 602
380.0280641424516 920.3333660366516 184
551.3718947798117 625.8348842421622 541
666.6277553954981 39.292282393999734 342
386.83504459492804 535.0446085891006 401
808.0132938496521 958.6478677780497 871
547.8502480646439 667.6359123220226 414
711.9882371645449 733.9248971339149 926
789.6619953255976 148.47334140689938 191
968.160516590992 193.1323723336128 19
708.5417622173302 683.4053714737815 884
529.745142133241 317.84673545099474 113
316.21013961565694 120.28690073723402 371
406.0784893165619 478.12709053971014 921
129.97993578343448 750.1578682357697 369
969.5807965602369 215.86200676301016 992
14.431772155669599 284.39398477611564 484
226.6351263665234 312.47302042968914 563
311.00495964989017 926.4505939032664 868
320.1621750356655 468.9942818745937 90
353.8738109297305 194.4926646136721 39
384.00509429190055 709.8815862040282 381
462.51196531187156 40.750229682124385 553
417.08559695499036 752.3681868375708 82
851.1297313494321 227.7750787546835 620
294.8208304537173 481.11978356045324 273
945.7512038371019 304.4725039035099 667
250.84433788990944 513.3905468479978 482
532.0677596854608 455.185371520175 798
201.23163487385253 334.9637501982534 823
578.4377659381 267.0290523994493 277
488.5012522303879 743.5763864092468 249
791.0832169653054 869.1636094668306 391
356.6322890411576 195.47552260426505 861
877.7785792179144 772.0435625254825 265
568.8131025881578 901.7675728802888 29
480.37252431352175 791.4548757444053 202
706.8054748607299 498.170756295737 46
951.6469277796255 160.52298463982683 440
261.81596735080427 240.9795581483286 906
346.92652126871394 20.36054323772296 152
363.55481360568655 957.0848972675872 866
276.3362683512359 177.69843187636945 987
328.0937530093022 201.82819119984487 383
645.3919965713382 542.8535824442232 512
840.390057939691 264.3220092090091 687
386.16165143790084 906.0503089316124 747
3.3816309004275347 951.6612640074807 843
361.6974955841346 567.3523640056845 669
621.4986602399342 16.558375716994366 220
865.4921712184245 155.07157848461327 38
260.95772280725606 782.8728972693197 994
726.7013662056398 56.642564662805704 959
170.72868955267396 774.298515943359 876
872.0948678138096 367.27775297701413 548
470.29513094652765 41.03531079051126 961
715.1625875775848 735.6175449429659 528
740.8161366743923 978.5476031550133 877
494.99401718574364 17.161339377227414 242
658.6480248257219 289.681750035788 882
38.166879671163166 355.4126153607201 666
681.0846972685343 786.1014228847905 550
505.14119705498183 862.4541334673772 744
749.3342757917591 445.45193112489 302
516.0900609393171 507.0098637497116 891
988.7526949182397 434.3185585879319 883
825.390437852288 286.1029196912394 653
495.09615296621104 520.9686667789182 253
77.19040382679975 629.4290430466575 977
954.9725754192659 713.9075187509218 416
354.2834301227081 33.79669056123813 429
121.14628351558498 639.2914752467425 470
451.96375715758876 583.7346972246341 848
432.08518178247766 328.44010306137505 906
975.6203632177022 677.1956961778137 152
981.2214466459974 8.341742708837696 508
559.6389637298253 9.786751631761126 185
862.1039850349637 87.80468996428526 743
152.34478957930875 97.23718118605996 233
378.6436117483706 326.0953001319102 745
10.62460851788205 567.5616505994197 934
756.0684478454713 344.8592655478406 774
876.2866313854996 45.228027383172446 633
177.0665993385958 130.55922698260835 851
374.6988845625666 268.47663039137404 846
829.7714751125818 755.1640540576145 97
515.5271635279036 268.27288639546333 434
690.8982849757123 188.69247463460815 285
74.64230831692898 929.612691994677 852
542.0268195179345 330.8516292311856 25
394.33446322051003 435.7246027118089 929
153.48800252094108 1.1994532330782404 560
373.2738353361763 354.8947535013187 614
812.0164514820399 1.395503313216806 776
486.13211615354777 486.7655259852368 312
421.72365769775143 803.3437669673689 681
419.93061003775847 641.2881522889935 254
377.21880751727133 483.6241576061966 914
562.653904954939 496.6169100507142 131
14.482194803322246 651.8044236025034 940
110.7366871256935 55.043184644414936 843
908.8280038882926 346.71675745525874 473
706.3755289463604 911.4631230471568 675
671.7936124487169 874.6512403590074 169
895.5394390488713 277.1480608967157 184
29.2264088118408 758.9657593674945 980
312.65508381881966 145.6263520981278 224
935.5855800929896 126.148177610946 532
739.8296102023646 860.0520735922839 540
150.75182332389835 14.885755788936695 779
155.3578828901292 920.8217816437109 181
211.12979063328262 578.3745811937857 296
336.73235076750865 652.1586002804229 529
539.7506243865847 82.99284387833939 466
70.33329304866743 941.282139598418 636
180.0727401229445 209.56298724719247 450
257.73101194992563 826.1998882618676 810
109.08896993794815 248.9484920632856 1000
265.8891329040138 715.0587282709255 304
863.6425705727852 903.3881828013924 48
335.8088150197853 300.70632225091333 238
545.8012712455304 639.8785275369396 542
459.7906792106716 41.11721464720619 261
109.748293527824 751.098892998377 563
10.859452558855898 843.0681745680449 851
863.4529519571948 362.90656146393883 408
93.39588486013429 136.73042384133515 524
123.25553735124994 828.4571522792537 933
436.82259600959026 118.15793944231456 233
437.6722721987832 483.2858804784791 330
442.4381171983469 238.21490876354378 799
778.9941685868666 361.6069520861561 104
68.10054461092207 784.9063680622556 44
488.87813733372474 872.1290091834974 140
174.53151739373018 39.24235381842767 20
341.3100663641649 441.9802787713406 408
116.61375381036999 985.6313096758003 178
348.56107292715853 60.54318359990574 399
237.74100079788275 499.8419334793074 583
758.5959462424161 477.58173542397066 673
123.05011024872947 151.54097290434697 241
985.6490829851066 476.3147127080634 977
226.51791444403747 128.70944334454416 691
661.530301499773 990.850159658244 717
653.5640026291918 880.0426953434826 955
420.9900353047817 438.95657682803426 227
405.8924105569589 58.435248047030264 359
846.8865492506261 238.16453339556787 359
293.7127027522569 573.5201288543241 735
189.3967751860317 224.78464754839612 350
38.9063503679159 354.9813231780604 742
680.3291898411771 398.07495835275586 166
842.0575161256995 588.297366996251 899
38.365109415104406 367.3328930619493 10
789.4971778484525 327.9565740216863 629
208.37916679597623 818.7195330094733 323
417.7014499132563 289.051663087598 971
737.5974080873215 267.577503652902 7
936.9361724800337 332.6828176399412 263
350.4282825119693 691.1164643721186 348
112.52479926499691 704.4008766394995 247
885.2022108783344 170.13297815752426 337
566.2993121265761 711.1060060477618 806
806.0452413770657 797.9150254418662 115
125.28089789963659 727.6781576103066 138
116.8131614250968 563.6909334400048 776
372.40967157068604 684.9136584147764 15
514.1214685517597 785.4061920328741 930
463.0317644179042 960.0543291276609 844
690.2679881457879 370.0372207207967 309
828.2936387062961 959.1841948625663 323
236.89722013469162 736.1565015750465 265
597.8613169994201 21.737541453044518 114
485.27134435289497 369.39901934490183 790
58.21773302851629 832.9021472098523 113
475.83180706895047 729.4262388305433 739
21.4628298850692 11.09184217456094 74
289.44848662829446 56.400356799195194 987
383.1225890152383 806.9965084154438 244
723.8451647623701 200.8151022643443 251
384.0419965981333 44.17921217869758 380
556.2503997676688 711.3166912565177 135
266.4400711681052 722.7071289207424 221
222.67227741646101 137.27182448720987 533
419.09557799606625 347.59587042470895 448
729.2396313538361 34.38043620363085 467
353.4149235474466 296.0783964726824 291
419.35209707289613 793.616454395067 849
875.4302994528048 126.8827539283206 118
670.3975822036472 94.31225895287987 453
689.6976351780281 413.59733911978446 227
491.3293856087754 412.9145531070922 279
321.10651244323543 691.0466485856724 120
326.2409975484811 192.48077049053825 609
297.04119944270224 274.17356294006623 360
869.4812437756508 459.3298926097161 731
481.18921710819205 786.219209113897 543
482.09911080626057 736.390290909627 941
336.68136529323624 21.962404716498906 963
154.9626083761164 277.7646370489798 226
449.6607452976663 520.9548710414324 404
674.2583187138071 488.5441740612578 499
754.3939950645938 369.3385641913315 202
73.54629967576388 872.4463305424962 266
857.3261177740881 706.0695531787572 523
961.0783975799771 478.637394530294 752
967.3235046124855 481.9289894476434 151
33.570614809638634 50.06280427981602 98
613.5140741616324 695.1831644207774 3
349.319538151795 129.58995329674983 411
801.004931371647 871.677115818962 785
53.47854458484791 43.970446518287964 183
256.59379658600443 805.8526094429438 538
338.07434109094805 34.388701961084564 977
598.7477249313533 68.40127978985177 46
501.0435269394368 546.3322185850601 43
185.80462957315237 160.37510235371366 978
737.2794710080478 249.8490526134296 518
840.6321744398475 571.6828725862512 764
354.19524923137703 219.23957469600987 387
844.498334779299 434.42747170269627 770
527.998259909896 277.1053073435399 52
657.6005912066926 50.53621437386735 847
53.38167345113354 812.1434893436483 6
97.72928284881277 755.0970515515343 555
67.62889246267689 360.155801371846 552
618.8936945347562 994.0129655316439 759
71.62334430492245 896.2473420981524 750
399.2593540490622 497.6924827478125 804
691.1893713791239 820.7751160570521 313
34.3080132871737 612.5731773820968 687
891.6061296171453 773.7107483340516 256
128.2657981275077 967.3743492916535 920
970.4266752349681 163.38957572642065 674
976.1606601050368 87.64126000699024 664
360.571674475302 531.032714816341 392
811.3270942703011 958.3921647980644 47
14.775688635184082 714.7476450969042 491
696.0984121831018 442.6394085460416 770
96.62979622699453 838.0093436059303 806
739.2866215850644 947.3659275065439 793
887.1297019857121 671.8011311976919 135
998.1638845102204 335.4449981085833 686
826.7202626055548 420.6513997606669 857
977.6290798371984 851.6256899770887 412
168.63402296865038 345.0456668662525 653
860.5413518161314 586.1750301946122 955
181.31482179389502 563.3252274376886 658
304.65005872257746 901.2833313394466 92
928.7511981820535 547.2943925980431 754
124.23939630742476 102.12552664410101 542
179.0309051262242 969.8514644644434 735
293.6864728235812 655.7588442011794 826
694.8079230793273 611.456213408837 767
225.9412836007727 390.87931897346806 73
237.2336550902715 643.8183400644394 973
623.5915601710329 533.4033284940286 293
11.862269495040323 599.0218711924431 216
833.7795914912263 348.13027605503 854
639.058584643932 578.1632008404605 326
641.3856615899421 319.9392974951576 476
56.44919095332035 256.86383068694596 412
158.61548554999638 510.54244527660995 688
243.0838431016784 405.16755910653626 463
137.1930519737934 371.0874798558923 199
560.4285105390242 57.271574568951486 782
318.4822718359549 981.7603214173913 599
753.2039516021068 886.3890845584484 54
292.35441333031855 210.90233299834858 873
518.1595515602313 384.5399725566999 711
386.86929015497986 108.05305169411061 905
268.6883229126629 7.529865161636562 323
319.7152720136397 716.5521922881445 703
669.5392059227717 398.6876119586104 567
238.940798579907 791.1331003196149 330
606.8312601922499 339.34694267365364 646
901.574202552714 764.4763297702465 204
629.1448964563621 982.1619383354468 873
968.3700407786192 103.16002577483752 570
9.200591583686247 446.6289584112265 278
857.6667818368032 686.8508540968141 54
986.4111474765278 33.81138985259924 486
26.194889976286607 411.364456702602 477
997.0184499281072 711.4938617295015 894
616.8061497534295 234.2677326963526 50
16.15298478027927 599.3359010991666 301
433.4564504239117 934.0769666634197 950
558.3621713356981 180.00905584419857 264
951.4954965293326 795.2739394904418 352
653.8005205471458 878.949159147235 916
361.96979058784683 75.32395942156201 629
189.88198909554566 978.1641494137639 276
169.48069749071527 976.7984641517095 985
786.1626504435767 34.287373642263084 592
514.7711937212674 883.0525965884407 865
827.6950001717743 870.9840362533917 70
892.3096139135253 931.7441861666634 188
595.8114204043293 8.776665719834265 567
322.9289299188891 777.6427989331372 506
503.1960481699428 780.043539667814 816
752.8686865278478 430.6799040367748 591
423.2055266061003 445.3671051889313 470
345.04259763559844 994.5886058631323 292
383.1183404202069 694.6899872436328 326
135.24657064965052 600.3213526204656 245
381.6827166965531 106.91594911320269 511
675.1574383695125 612.16444492806 714
802.662123348953 766.8965722035747 272
402.90925743280025 928.504017259809 269
849.7027436518106 916.5670240304887 216
952.7313920925255 941.5796887004423 750
615.9481076177756 936.6561318338516 422
247.21464105711988 199.6199118543933 132
826.2223827523909 101.93339335961315 145
723.406473796064 10.884653046350778 529
146.99962477235206 286.64575353256504 42
929.2461386392204 290.06715991248967 925
817.1821001874736 369.7884194741924 443
290.3412890967768 977.5567308532056 882
648.6577465100511 770.8047097726446 281
993.1742042642853 877.0959632891373 148
496.0124061093718 599.4831302767487 993
504.8857398686214 21.987080854113273 394
443.0449551413137 224.8210091076609 184
135.35228249756736 811.2385068073305 681
215.89474638657546 747.6705635092217 19
127.50706278859447 927.7705083312065 137
67.039987316022 715.2506787535476 301
824.2069445703672 19.09409024564257 312
42.26979612156156 461.59620065137506 234
388.2801684617855 661.4244218471301 366
461.4843713926623 763.7407576329051 460
280.9625416004862 976.7195999380936 141
80.52847197385637 249.7303783528496 737
349.7176343799535 912.2405415807576 766
314.0497547614608 866.1258808034136 462
762.833328008766 653.8341478000395 367
885.956081460003 394.3992450221609 704
78.26715027007015 328.4864591397451 996
933.0535484797614 777.3025376709287 156
356.452035601505 315.94326561538287 849
14.332117963475222 915.8669948583216 35
116.0937126753615 202.29289999581624 42
256.93132034531976 890.881356287148 782
108.7055604741477 653.744210903117 232
888.9861241448535 130.49161858081803 228
858.6131406164451 854.9874838278229 296
688.5439233398768 833.3344467285069 4
355.70396025137853 632.8005760617835 317
892.7142681847107 90.20526514882654 943
99.74930070242527 277.64931266319456 657
674.2587474786835 830.3208283923135 850
470.1417851133161 711.112226713883 311
148.7928194568968 321.9591212701279 452
479.7242397148035 982.6434154785574 801
969.7342066699171 309.39379993600835 419
81.04407459591567 598.5419119059374 85
699.8963940306277 558.6888368301521 333
311.6805665469153 623.6127758471777 174
226.3632145733938 495.7074567906602 796
166.22890465159733 562.0707260548476 500
193.30620695812595 421.57753821934176 496
511.3374480578543 730.8974484171318 906
251.04593515229624 294.4251086438928 792
154.5961489821488 899.2648993876403 811
237.3807724553796 51.44879544848469 33
920.1282559716585 353.11048750816707 322
129.51445343155655 381.276780594498 357
745.221618178057 258.31112828461943 428
553.6426585985349 499.4226832999462 674
866.748930038848 305.0620868714338 308
999.826868180006 20.417779426233352 401
610.3319549331624 741.7580011541644 345
158.2618396134362 847.6262527099984 955
400.0890711084565 311.9097456639769 632
751.0771589990799 993.9438621465582 311
283.150339723246 576.8242102539342 392
475.9827504277767 151.63042074665856 703
524.4199025763329 414.48030167191484 916
132.64346259369398 704.093731201583 832
372.0104057592012 505.3256888383962 533
851.3846380120806 578.9951307226015 582
890.6240901311336 374.5831130489232 159
245.9791094972158 90.92223972924451 159
668.901799826497 783.772371410592 704
635.7282053651031 466.3397383023656 751
798.493833922888 718.6899532684239 490
880.5652862307928 311.8402091906092 8
957.1043469594982 388.01141459666064 125
787.2862485578352 476.84457750705 780
692.3131990785616 408.58290820768764 985
767.0586782134859 886.025607153216 675
308.5748331258349 379.8935624983486 640
3.263987761213727 934.887104678932 170
992.7383379538347 998.2726984809244 141
424.73418520272077 777.8630225435948 644
22.463802439837256 918.7861067462196 547
125.94559113025416 391.447266608292 393
870.8787883787667 234.1663267464601 940
532.9567845637724 688.5884981853646 12
454.30369263951866 578.1982636583446 659
696.9860498364891 788.695930360701 206
873.9481780246578 77.94300598458803 710
731.9573520603318 5.978603701940699 384
784.2109774516143 937.4845206742643 840
323.5244532962828 94.01175057647515 498
587.2650211753555 299.0614899312337 388
213.02812507200065 747.0415108908851 53
885.816410971036 953.5116486879334 13
398.58099902675247 529.1676452661374 105
87.65673196131696 898.1352503197169 907
85.50036679074513 778.8896204216232 119
624.5681656094132 299.90916159972716 801
126.2105629616177 921.2420481266798 617
309.0156480016462 828.4980809552837 801
571.8277267315314 571.472558751995 846
619.3644328687982 725.3623364357175 190
116.15971153733618 169.5139984548676 997
905.703303318326 921.9261609896222 883
86.29744120125382 378.9935283888476 589
430.6405329115831 905.1053636203935 763
667.0069849640381 404.5119411299751 421
705.1931275620524 130.65831326479838 825
306.5261612822927 731.5412881494925 465
649.3050701892945 731.6214063549068 410
586.3194018953917 133.21323156382158 309
292.53915076413625 29.391786102826668 963
741.9016314917809 654.523215369441 350
925.1983623258357 820.9696173399085 18
463.77472502361394 760.7875605800394 202
407.81372012930194 916.7405899663963 220
658.2833961215891 772.1673461589387 266
167.63823579070814 423.45391807016716 862
87.82806383115205 330.12970610770685 194
741.3652767155959 897.8067891269519 32
735.793763955425 932.0844991812221 416
813.4741318001774 187.709437869373 385
34.62304978376629 764.8377833083073 937
487.95464790078466 981.8160652330993 51
961.1147298807679 230.5535670272676 139
744.7668245213722 795.6449110059385 120
300.59799772763796 250.93140947395398 284
431.0347703289621 852.6269180439857 924
31.76799926527618 474.83755702936116 856
449.13171731769864 610.6322108196414 155
968.7613503226338 865.2556621780778 549
902.0513932545634 981.1109537308733 30
408.4654738546475 204.14951399465676 499
613.8800208543769 222.00239312699387 286
926.4146055079342 835.4640320837123 475
894.4358985373852 647.1553864771071 203
436.71051335627965 701.6383412272963 876
485.31820532626625 750.8743437348927 551
777.614225388306 834.6832113676165 131
232.59973372244835 554.7823001412551 999
656.4471727323634 376.13089749839634 190
442.18123016244095 470.6250545880399 778
256.55076012130417 405.4526741803982 385
948.5664106937961 286.61923155138703 894
854.4245606289703 860.9958659034249 24
168.090723666797 450.7294069596409 819
116.6635827183785 734.2248443965505 740
695.4631798375815 992.7245209751517 633
102.71180694376692 732.7815676516409 553
438.7616004560838 100.7438956239618 538
569.2104680699472 201.27092235596479 973
936.3610362913876 362.34499855880273 957
829.5117911228268 280.40039938848895 583
207.0072283916411 48.16168903523976 997
329.9741434389614 893.3852127887258 271
75.40006995691095 740.2748707130444 162
843.3791995180127 52.88671002334655 96
730.5708440138719 463.2410530068319 944
387.82345662617934 113.58376517229974 460
337.16804767409747 842.3157652789737 561
932.9353853092294 671.4867449926882 769
782.2064371223767 164.21386494987078 981
421.29146616000446 407.54703362791133 749
749.46175250752 764.7831231481173 359
299.985231541977 993.8449958818362 29
690.5217896562842 497.7197627756019 884
516.1824181118959 252.63535863076925 766
954.227973398995 803.9109741082785 154
647.2804715373737 696.6127314287886 324
215.61103995490248 600.6328806987319 630
476.9093226641763 265.4329277600487 302
170.9601875254525 348.68789535378244 978
112.93596463432642 304.70093554994173 686
879.4385326779983 664.8621573610166 687
632.0199446139111 389.8833981837004 991
219.0643437827534 198.31609283903705 27
741.5610810797825 466.75486844296864 643
71.18799295510891 55.24612718592503 426
337.5160149878976 3.8986438721000383 196
640.7456525334105 525.8692373424024 58
363.726758571735 550.4980498948962 237
937.6320048723203 124.38593069114923 481
476.8535123117504 86.17794609239537 739
364.0098178466585 258.368919606169 560
950.7839590333483 745.6920484196016 383
744.9633485170222 8.502397158243081 548
456.0641079701509 53.03509275085294 633
285.6710531029144 265.62999285891 593
222.56188059567805 540.7875396617454 737
296.82284373880407 360.0568910193244 644
31.79917052619863 185.8242857914436 566
385.04223909648425 982.108368757407 48
567.2629629812413 785.4469336416205 572
270.07858885401305 41.231270556283505 927
861.3325485156155 157.42171306354902 320
539.1811771661437 921.6714921696929 900
3.8596095765893734 977.4179607026598 928
131.04162031385945 968.0982677414412 568
769.1986845735133 240.34986400163316 310
302.9453800101634 73.04668593936792 7
157.3702831665853 10.325957662684516 515
410.72716953206935 771.0918792256651 938
490.8599552175107 500.9791726390603 624
320.2286409459655 684.3639824502585 12
461.87403061867406 264.7441833260825 899
467.9911538421828 326.05053991766096 690
561.1045954121801 406.48330171166936 500
445.5652643035446 204.42707437768016 523
530.5886643620657 816.4102518501821 961
593.1709663945542 637.3943796763612 931
491.6249096884223 898.051766676323 298
296.64379206099534 76.28780371691646 409
822.4301049987808 380.7914925283651 492
66.54843312533131 378.03761929995414 761
102.6222647239996 598.5666980125438 509
762.0674646991554 38.48523363573753 565
552.9546476221769 402.79709221693594 53
845.0767970161965 235.49549496596177 400
357.4140275419614 742.7375097852474 5
567.946646384898 36.94514256770087 127
469.7001481426949 728.0273298041735 295
65.23298719752835 387.3899225989934 920
174.483870288046 11.531977933204264 967
36.91694757718433 637.5044550975548 922
621.8147950185644 553.5606208653664 56
862.9560985559847 727.4682587477906 481
251.6833827550323 110.10406745943624 646
356.51483870149326 990.3995477129733 958
480.33060796681394 848.7358007721059 167
373.7058549675147 571.8124888514584 907
291.56138802883925 952.5552349840109 811
537.9586144277572 480.20826108128136 888
290.44927706012334 748.6645661645366 772
288.40454251425996 590.0722510248095 170
507.09317173476 502.2601118096152 131
269.6649411237746 300.11632974305945 241
37.07473663356542 774.7449708331401 534
398.06719623252974 286.7959621565761 479
360.8848642200261 665.3931500216127 384
674.7610337442629 157.9071567270177 412
699.9322386278634 92.41965236283956 142
750.4430789854191 880.5435016143939 489
755.3245071707868 886.194138667117 868
747.6201955881104 765.5655142246385 828
993.5582734352865 446.76406977335535 677
185.82212756289996 145.27089464731725 379
395.27986367712276 589.7757109624094 793
47.243147213741786 348.9111258731972 704
454.1327020287815 277.22101268414735 698
879.7403426634743 5.93954128936014 276
99.46108078318294 549.0685632151427 55
261.9821455217868 519.3710718246623 957
955.7229747680058 313.4610957780575 339
674.5149213964444 161.7663143305017 11
770.3042870373462 636.0013868631139 670
776.3053565907611 786.0706618127562 769
404.7975013324998 626.2794270840766 397
562.2533622081127 859.8446341531732 891
409.92445173500215 431.02463052619635 341
564.812394847549 63.0486361415864 926
396.6527465408781 240.27609226543157 341
796.8832758763689 402.24025116241955 237
100.80785313480412 984.9380723134152 550
998.2915887101036 115.8781926797784 776
623.4093897971297 385.3207994402903 817
140.39530720286209 913.8569773166835 77
353.26226531527294 210.7546018189904 734
407.48867669981223 986.5691194895828 599
357.86271904042735 479.2034305913311 200
155.349723709749 381.53653393007534 964
181.795909908113 574.1843590442322 837
33.46521488639487 625.8014279903052 465
94.9920751833906 749.3163255860326 545
519.3589479091102 516.8837188295232 376
198.01615712709574 918.5034518357927 595
554.5638247715104 857.0971175001279 29
869.4209193709662 259.6386606361593 798
127.32794900209066 269.23045783545984 177
298.3259282137063 75.94200177674348 860
23.22950517139455 78.1598180330354 782
724.4136939382147 594.3236677303994 840
656.3272274285088 659.0970497290609 844
710.4060498482729 584.9193924152793 771
561.7438716838138 56.980725524339306 517
182.33689007991606 756.1222286958252 697
999.7909217920039 442.00868747213474 631
394.9382492422978 471.9631601561204 610
739.2896666566564 851.8439267522583 777
328.20838686361617 331.75197621327715 199
608.0740924392419 863.6388384242657 726
729.6203990512099 58.1894184242121 489
328.1055364916821 755.3454447146252 311
266.6250428107464 444.6620512275319 838
155.4642338131944 416.59720062640594 33
77.48126977675717 265.2998443823167 432
236.40636569783612 737.4432864751789 751
543.8053972234292 402.0667693783371 369
649.886522394214 737.763771777257 620
298.2080801162688 307.91607752358465 291
870.0450152014599 165.25409882505048 110
244.81032607892428 201.98789615148814 275
159.37032923041372 174.13570626798048 618
473.5789573393946 780.5204838352585 285
801.8082911452639 504.3473787186007 236
325.4605197459769 376.84853853982736 821
807.9265824880267 773.6152987336908 919
666.7811883562865 293.5733128419513 684
491.7359053172455 42.07333553077819 412
225.6647981881833 709.6053466152365 779
767.9630305919909 575.9461317345916 424
171.52173328048747 921.3757973187847 731
872.6090993024178 633.9096209773255 128
113.10089474311324 899.8412311821469 773
681.0264058404742 527.6758386111884 272
305.9615161368253 29.483462952602956 279
878.2777666341884 209.82637907377787 535
644.5352954933134 626.9807136778851 136
46.43709192582435 113.54407663222199 157
360.4776747284499 572.0821526064418 842
457.71873443655886 265.8216757050876 756
63.046182281877975 539.6329080666932 678
449.76608387950756 738.7974653150443 993
403.9796339555498 765.5274626873598 826
464.24042926545883 94.37238783468982 464
336.22698790944384 819.1190045135388 657
336.7746491378408 14.020756010787117 187
949.8046134462024 624.9479541878529 730
768.0327653739045 497.0400945592035 178
608.5819996090203 146.04052045870998 977
325.1496803527072 449.83080519167993 948
722.7684145306378 888.3342129536248 71
729.1904398924402 280.77605249242345 773
543.0105441790073 610.7414098856455 476
297.3351201576989 132.7078873724765 741
877.5461365991029 399.15974944920293 399
408.98341759919566 293.81186663719814 456
121.75896855908962 879.8348136552743 292
35.20302757409666 494.27958730830943 491
160.01914965658315 515.6363325181832 153
181.0486106383181 385.5532450015172 953
666.6105848237229 755.7511398306995 284
374.7495033539011 123.80601934786084 547
10.953082519928437 204.1290459379328 167
463.29057096705907 461.06156689272336 103
394.32956773962877 830.8436453948999 940
102.42628930458653 743.7253626772066 796
107.63215760736489 716.6832386137303 122
910.0610408758914 902.2718370687684 305
187.83776966701794 607.8942996958318 260
212.7726341220163 232.2722907467123 167
444.98692684435593 23.79753611587776 118
182.95779461304684 224.04071942676518 22
390.56251567848255 694.3865417557292 656
634.047739033913 599.1741797073307 256
561.3708853456633 666.1576032541273 873
49.48767681709021 985.1522505193908 977
84.26430315719446 688.6843552185874 429
121.997601462016 462.32008883956564 503
186.9406031811326 171.99235489015962 388
683.8782853054504 710.538608444386 466
380.96937531993035 683.9129702084224 486
468.47272129101583 739.5259470369771 505
