246.7122025575066 827.1725913344827 966
779.0767977016405 93.25468665236247 616
605.4474528135705 7.316324793719575 951
575.6491795783345 247.68148510183906 95
793.9122344672402 935.6010242727194 898
933.1757739511734 823.6909320270631 494
208.12469064018856 897.7967565343635 35
855.2538247891148 194.93333232805344 193
471.4181370972846 170.3049207158195 568
91.79373466924201 62.13463486820081 288
671.0171897469241 400.1259808710138 201
122.98172542833453 743.1489464949808 23
348.1688098749638 447.7204381814538 154
512.97025206773 331.4561759318406 900
5.620041177739732 257.23409783511755 335
987.3444840308371 613.2683767005715 261
418.3133867936114 315.74588111456603 469
458.9071649102524 873.5354998055908 610
928.3144139353022 313.5226752078715 463
746.3459201508847 674.5859649132631 45
498.9084754093148 445.9233185349594 872
247.8342343921406 972.6425634060512 815
144.3275013867753 29.33874938335157 399
151.98803276827522 365.711525645531 679
268.3744304732192 394.99286686607604 497
878.6852621499758 320.3394740409091 788
196.0648695853412 447.49930825165575 434
560.2333745225675 508.58673905651466 7
815.0549093910041 785.7867627127412 775
301.09309717423463 228.54987474283516 736
89.63602632549106 340.82219411542656 930
611.256443092626 660.5766266566034 202
969.5929157626222 826.3803467404531 80
855.7895837719326 111.93905628544121 53
230.55512718668825 432.14487107779087 403
499.24436327445864 439.6985175805839 802
345.74255210371183 30.096758810546188 825
427.12763589850266 52.43352642152232 934
494.15443831662134 294.2503182934172 299
572.8241802110865 428.41952563786066 853
75.03629931733823 243.0695522542997 607
226.53106834190893 348.16939437718383 903
686.9696665848905 861.2002715503081 605
108.3872681618172 574.026182417903 151
164.23536146198447 380.45528018059235 686
880.3819846483826 267.4673797377205 803
117.06433883940859 196.81612643448298 905
166.02464886387415 688.5909581448186 13
247.17641002188117 259.3018556354552 585
72.13979551126593 141.14708107998774 443
938.9290600893381 44.92897032610643 288
872.8783037132742 344.6509929715157 854
472.01232494611287 895.670861649436 659
303.32029044472785 272.1249615846254 751
696.2008776056595 4.1633195698095316 455
831.6655324922715 844.2732824436404 31
678.7417688379162 402.79189340164356 913
865.6799616137652 842.2603972310136 100
933.6575546936923 38.9538765455334 803
367.83215531444614 497.8571565796692 810
905.9569347712222 221.40613573955204 511
558.913790185699 265.73585128821554 556
353.5675370310517 957.3025693416029 619
243.45738489082203 458.4592671144697 996
143.4348488184264 96.74809088969482 930
384.82414912576326 166.19110425717722 886
447.6183231269922 931.105595889087 307
551.9116953947565 853.5657333747134 482
577.8519445936481 598.7193680590635 185
828.871874620935 554.6253072336192 703
540.3681191505899 327.64765903582827 390
596.8281667509563 319.2342812692387 193
705.665658713848 351.1419142558122 906
325.37132358834475 474.1059947323696 845
637.1224433601648 636.1856211541968 28
73.03605928395096 207.6368270009411 270
113.82515362038548 680.2127587967507 352
348.4609734264127 1.5252729752042171 376
593.2468399526755 880.0666585735867 738
452.1805391540933 291.81480832782427 121
776.9318454833749 561.7287023063885 503
714.0734661671776 300.43796319488416 710
350.0852466451625 544.572634421441 481
4.584729254883957 240.22227493063687 660
888.4421692285182 95.42738436617337 611
324.6998623577488 315.54456902984595 176
143.4378221749112 518.8777504726589 40
43.601751875386505 602.263014895008 712
900.1537324403741 707.3634529371136 694
392.8293277464771 430.2855856548826 586
292.5198095030739 227.4891150308903 247
853.3993415226807 160.91315779728487 401
127.48789907668467 649.1218191353771 301
951.8016302246153 196.2453758134296 726
40.22654011612692 912.0646518494264 308
616.2591626356204 398.5182310399654 686
548.9116426971431 395.01622433619355 112
102.59069976104529 668.9926185456815 350
495.159490347739 670.7633253802724 63
443.2804853544792 722.0257925485801 317
426.206534760969 352.0106237594335 232
908.783614158786 889.5809559900429 608
913.6005520091895 465.7861331022382 802
808.9478578801427 271.32041366845647 882
611.0242642617981 883.013227082475 654
154.47982021089223 524.1332724327124 760
1.1311469423600506 43.20280625860773 872
542.1811144312896 572.7805532667096 682
871.0251413912268 705.3563439181963 659
823.0038764772213 897.7695457178617 123
698.1276077191087 389.04590163471875 901
68.59001501065842 91.52589411490786 777
505.3722039401782 105.54502366000973 992
264.5127373945596 224.91764126323332 77
541.4838258826094 985.5815941793834 240
78.76708095166407 5.969345885074029 701
311.7849668685025 821.8679492092637 23
967.1641579629602 829.6441687789048 246
893.4953028549759 645.5041891984656 364
903.0383160643671 556.2321836916784 674
662.6298057899878 802.1241781276045 19
622.5693463304376 674.8324062523556 434
893.7376268190247 538.4252881027568 493
567.3479162571202 542.036639711526 397
919.1143954281323 476.1620536530519 517
456.6690861285925 12.162706441706138 17
429.7719550033965 374.51563574681404 139
109.49228286563329 251.02651291852928 49
593.7034448484436 662.3173686739094 915
334.29972794664064 533.0073011023716 249
163.96477732417503 856.4749932679721 878
254.34574937612408 727.6251101725995 277
650.7312254379274 340.44745088673767 592
202.80527328888243 446.2262775637396 441
646.3285026534022 582.904639079396 386
505.28793408694304 500.38996405286895 124
619.3509860317108 730.3910787719096 486
847.7738849644551 762.3178499037457 529
449.30302225835203 583.0272345663185 938
749.751163660104 511.7468485698218 106
830.8265932595681 526.9528437250933 129
42.23238662697526 67.57545476407034 833
252.28089913590236 900.4612853269784 942
871.3332471730567 267.8159127102111 456
867.727318794295 138.61055417713018 221
801.0185280743713 225.80887774452373 383
225.53871417399495 138.5752464424651 869
610.1253746563431 310.3608958885417 897
451.4210222826145 357.1507714542591 705
364.7462911170457 481.2632400637733 931
281.17173489752787 162.62773560813903 48
858.9859062085202 525.5089769102889 800
198.8228561099318 834.2273599811341 527
174.40903598804337 580.352580890775 39
765.3231323802045 185.595981310811 18
393.9225748928303 695.3730050689265 339
501.9895485018054 940.758092841376 444
799.8585911811306 191.16982839157913 947
379.1594251227153 816.2906078078543 392
738.0215892465062 360.8322673483935 932
315.58357862851847 378.24637121509255 537
385.96690053840854 666.6504745984273 526
842.701211549867 495.52884009333764 317
176.63476356384277 471.31240893930624 204
91.95584795550293 8.410292477651016 638
467.79090337066987 625.0623849159695 824
976.6361668059006 468.8569645107119 775
26.22043721832612 640.9017619550449 586
796.7137185883475 742.9356845486818 646
96.97957007911873 646.0079393942814 378
589.7943901194677 385.1714812798893 855
880.4581194768678 987.5450849282545 812
155.78578261651322 127.1703421208613 977
411.7092482822654 159.65668334751237 25
919.8055932301861 852.7204207984362 681
722.9869752528024 546.9694946924234 51
68.89804920216247 981.1924344430671 73
667.5275964610662 732.5121188982553 719
452.43180728356515 812.8633482193436 210
912.0710121330926 582.7312070489465 835
416.035847372192 652.3306443882998 181
388.82758851360865 842.9114328297718 282
478.9890589201901 826.4639661255399 883
92.93604717546289 384.6845122173861 930
106.90056807847148 796.4004902942604 359
687.296345805454 64.74361448157684 416
537.4415065491155 606.6536176720978 192
516.4670024319271 361.6278698625037 573
408.1757289772887 64.81960098464101 422
78.01117666317114 717.0071766863917 303
450.06993627620864 263.6171459066239 265
225.4145375908636 947.5431595580968 554
516.6075834921468 691.4487895507895 870
415.71835892753484 738.3502843317242 756
324.6691273802816 400.4015929941125 30
847.2622106763308 988.6938730387621 719
132.25461074792045 220.36114580286036 214
104.59691001694826 913.8227731774282 345
428.64071779749315 745.0058374638351 986
112.70345513376101 774.0886389581683 853
219.05475998714186 30.675708751616515 802
694.8133091990397 715.5424711305131 69
930.9815458691952 246.64887921736266 744
588.669679931551 868.065956140446 383
158.47207314677803 923.5973384097358 509
397.5216964537479 938.3060987218457 334
890.8001524692311 657.0710578459065 465
803.8451706196404 237.7128432813771 377
197.99963670404287 590.796838048868 522
886.1155023799054 271.351572300096 606
548.6790574916647 68.30596307533298 187
965.5909194913468 37.82450729049103 781
860.3322506263248 770.6645248317462 399
528.810346319387 18.684123673513685 111
652.4986789132605 642.2110648898672 394
825.6854158562568 768.4952768916023 809
487.3239903672169 445.54870812678405 358
3.1345882964859406 425.52378312832326 679
496.048613359108 558.1058737778293 516
442.4241915000424 340.9586430329804 630
353.52879070607224 791.4942410757432 819
282.47514007806797 887.1315174198609 56
738.3585998147865 824.4463142752703 956
585.5598151161946 654.056470366421 379
694.672295907268 994.376016559606 962
705.6253284979483 228.5194850400375 331
388.4686916066039 62.76450246226073 810
687.1694527027312 949.2406993673819 414
752.433523498461 304.0061045720693 124
729.0032714472281 651.7727480334942 455
980.0430180412754 669.9799116886754 602
689.9174585954279 710.8793959412764 683
884.3858104334466 670.2322273589454 482
31.699051569471614 435.14519353145766 334
889.8959309001243 241.39035585813608 500
592.1825464468423 12.236222856284895 673
733.5064503334232 267.9175112498111 306
925.7254804056562 450.8854375121485 983
259.57379107851176 387.0101600594339 359
827.2979370298311 683.3926667892049 791
76.20010213005234 454.20740186826833 460
545.9232597736324 590.1284967670185 311
670.385805472918 304.0640847611762 638
307.4194396270933 405.7214323976799 329
639.7335569818831 385.9239466723068 785
399.43096709897463 560.4180106081008 194
496.85345602616536 943.8211520942612 669
759.9485507300725 806.99141741262 748
333.42749130223206 201.7262019188051 475
484.9257631742195 4.748264422270276 787
226.4561453585935 431.5455251488169 911
503.52361519900023 457.65576012729514 361
642.0351874005011 601.4591835135534 286
542.6216250603851 594.0754772680042 934
64.74601491060771 7.6982346203147145 608
850.3468319329961 394.38717367346754 816
411.73356555422305 729.8871835664964 129
721.8699390095867 208.31026501405015 348
482.0773012104017 386.5720399532978 305
734.6272026870191 528.1149694538891 549
282.1380270932682 430.8345796741051 957
54.831158278070056 230.19788161035137 406
465.7519233380694 130.3968297106549 778
257.8874796975497 379.37060799975177 858
262.0975754900794 169.52444538773602 493
381.43541449283083 572.7481006246563 928
318.52727279448925 46.36127310882232 883
547.3389646155291 34.41214889033151 827
756.5448939257083 470.40889776775373 946
676.975106161503 737.6943393128125 487
607.1181927400896 459.0908502361148 805
360.6983626312681 387.0540921202773 932
741.7813121146783 703.8382721113474 684
585.9741938264212 691.8745483254605 983
74.5242737462949 292.87414380076495 583
537.3540396486949 533.2353546000907 931
980.2781928776295 528.2645403065471 259
670.1662370181534 216.59916706041804 897
174.49414983661194 407.54380626594065 589
513.8852713730971 214.25395963567095 688
560.5909315832355 923.4719084759474 85
153.47865372051993 55.80313379090796 400
393.60517451923215 523.8297219169596 544
736.3417087837827 781.0592418259993 182
442.9949600323335 417.08184160307627 205
812.8334802952921 152.4154802444857 801
223.45046501329568 891.5474490523175 291
576.9832819386148 748.735086326609 691
161.64476587709407 369.53455359960185 151
124.05750652995096 862.9087641208394 19
496.97681934748505 238.57411118439632 717
171.1196795049783 549.1721738649416 161
182.5370950093713 273.28258967788474 7
725.2852038578455 231.37322548971983 817
941.4811527644699 739.9874013233909 692
416.64215014790864 400.28614660696417 642
846.6923622084106 981.2404762321142 466
525.6767206314026 393.5963774039446 936
915.5942564806745 825.1943421086154 939
573.1512466178606 694.8327219290827 804
267.1700063606852 234.80209408149722 163
858.2625931439195 766.8261499376504 555
610.6999942068063 509.50806103704514 47
892.0712521822367 834.1023002577507 706
190.4041417735083 910.6663643145355 768
582.1752299013417 875.4952963442396 145
893.5400754761706 62.558276540804926 750
637.5342332854995 980.0218330062593 699
707.4655100134379 823.3953540513114 208
670.5825442382974 654.230543692062 832
653.6218794310697 636.133756596223 911
110.24994138073296 51.935156123366525 244
357.8650285001486 558.8755833576378 112
253.69063912670464 203.97087488530485 584
404.8988818885687 349.251514940686 9
110.00778937547796 520.9475436208016 416
602.180460872478 603.5814735077151 667
1.399580220129204 236.67314168643904 853
718.3577050789695 147.65404990349373 859
307.79220339288884 648.2867776053398 313
245.14230412716188 593.3041424304149 760
798.661192367979 439.6413015245428 251
648.3465231858602 774.3624550067893 932
144.85642289145005 545.6276680426267 908
353.4458346273721 394.4499124193237 935
172.38555371464827 383.3844023201311 106
410.16230993588607 916.3714057779314 239
659.3089828879821 293.35230318766224 350
980.6088714096066 825.2583175688719 679
353.7554032319114 937.00557117993 533
261.60342621639643 3.7487120802344176 97
529.1736385600361 813.5945025624028 102
904.4750237239887 705.5407318830364 881
87.94132101991391 864.9302226734833 620
124.70640469807215 91.80787474065156 146
788.9524615720019 614.7754865933038 290
895.5324364732248 299.4289987583698 661
239.90192881493022 785.8157865075932 91
681.1766979777271 64.93262182101157 41
118.25115747479109 523.5453444223555 310
978.330387233549 18.796992319214944 429
962.5779716879368 772.4112910751899 289
320.3192073078666 967.3703567281565 157
978.2643505460104 619.8970600254924 638
606.8428372057612 298.66954463412276 631
615.1248431953072 42.71720144579072 282
484.4954207312028 978.3749813752471 477
152.90262685044286 180.76594805104517 988
213.14800233941233 778.9275987351097 47
148.12405043023713 954.0941356978603 754
975.4617890121169 966.6989312694049 109
874.696744369846 938.3446889124237 922
53.45221993606797 19.812041038830497 310
808.68885183953 337.7103332127106 672
267.3302789806384 891.5747154783645 564
644.857276242826 229.7514185318279 55
112.26357239357831 757.5891378477407 398
194.55589637378046 362.1738589156621 114
175.1223536867035 779.9719889251601 765
851.9175756146045 526.7615114459436 677
393.22415827264456 971.4831170297126 18
702.5770343029681 21.466754431713085 493
901.1542502263401 693.2163089743669 459
125.79412351709773 289.3157731112826 278
40.62861915193583 253.52631227550094 483
874.3225113179467 23.29631934703724 982
25.84764945947593 223.0902198902097 270
598.8596629765643 757.1878917982008 194
404.208187028265 286.9779030809992 562
168.2221894683662 6.838537889605423 226
990.3965918351723 476.6768941449665 401
466.7059108721481 406.86452958599796 533
493.2821633179942 880.300832572305 650
211.20549228543152 589.1811558722276 488
189.64172379526957 581.4610100543578 671
821.1005524849787 714.7643291237955 16
302.745285714075 181.9185515959886 68
325.8452790574082 266.93567430442613 224
947.3761586928395 842.4891228314842 124
527.9721395938221 814.9903722053778 569
427.7510636169801 908.9250161143959 805
458.76270307559486 486.6670823321384 45
663.8540436756915 964.7795807736588 317
99.40577437001663 803.9715291034858 773
640.0738775491737 131.6172629950998 543
512.8933367287427 841.0653321796017 892
542.9288921333474 375.1999419221309 509
248.0240710568583 767.2780401596989 259
737.944590942703 646.8298169267549 382
625.4243872266044 741.7670935566898 635
201.8267348164937 953.0484259070553 498
984.270106047774 801.8871066342115 163
768.3703258352253 947.518666766913 34
303.0646260349479 248.24587996619917 509
878.7252223388898 642.1992375280922 106
942.2540650274711 167.95561497531574 496
720.1924359660085 615.4287090919134 213
564.7534713431813 877.2382596108815 453
398.3800533441948 553.2950625588777 517
714.3535318877547 685.5979259249418 593
980.0338731898505 858.8191648362385 498
546.2389124360743 136.01241579238643 237
777.0941381179241 533.5096912816291 281
384.85475761566255 650.721345810723 306
852.315276197234 3.423854476660382 42
96.89070327979753 414.289841710343 236
26.68267397320456 221.35084227207324 26
333.09148726541883 396.3204708065101 163
89.36471406820701 160.78742241552325 83
14.984749004235853 897.8800775862925 958
999.1735544198627 10.211449954790396 217
900.755082856017 719.5291736972671 854
479.0238051028798 531.4865783583388 322
846.3661152454293 155.63132153338478 908
921.125289514916 426.0681405956234 835
697.0384345502213 102.26035791184351 854
861.6281769854734 736.5654046516757 83
104.67565663995072 622.5264163934061 564
786.5518883900739 612.6605720461655 421
458.7234725570127 520.308790148757 827
711.5037663776288 926.0871856961667 33
557.5007185971409 627.8798868613015 832
470.54084324678627 5.791837873542871 863
47.741949710858435 281.7891569017795 976
720.3946251076303 621.4371381652395 162
90.43977365082046 46.124766102224825 788
493.1237888896641 849.6742211500735 523
827.1730512096799 579.8568989205138 334
296.87853018495247 193.43410064235655 408
366.55434334512285 857.0159934991506 436
898.9971314104577 650.4158709871746 166
773.4998161568741 301.5504411586226 493
486.5985701099592 876.3590208102361 636
265.81905016640604 960.7349115954346 729
491.78576461348086 528.8148958856777 257
318.34168837429223 315.24550167915953 450
28.238482259947183 286.81369010030187 810
868.1420464630447 186.70522363798437 746
568.5402809594497 649.3768424782784 570
380.63236764849984 150.22718943134706 900
128.6712672124194 43.33130796082318 347
774.7520682080864 739.8500185890242 100
702.3238556825253 159.4685783391997 273
523.2017504886422 965.7634214019541 257
590.6068724458815 568.5636963642401 209
119.33149021841827 389.34487610884 136
542.1467562555271 839.741787881738 307
505.6974845697917 670.3854477285839 9
877.6979669588139 938.7061493008154 763
566.661013170711 245.31647992542983 923
443.14959989015676 709.5532641974146 553
445.6852265696374 459.9150381180459 179
381.0088825596872 678.8605380042643 890
74.05238898268274 29.383149823460908 661
193.123817572875 870.337085925111 668
638.8879898289401 962.456429954977 324
659.5686146778363 809.3507235103888 290
122.53025651586447 742.1025932458342 37
502.357935081169 903.6477874811451 549
941.7688984832711 204.61833759962488 65
955.0448885526807 660.6756070187649 393
64.38859911900452 251.68092508263828 41
421.6414195987258 797.0351521442633 406
600.4418156309963 306.2995918598992 314
203.9062127735548 830.4759504754638 713
679.0875156488547 467.75387201929266 250
254.5032785959075 259.3334521428462 5
4.031439952878801 276.85144705772746 340
711.7627917794734 912.0288070975498 567
361.22771900857754 392.3503132021139 699
590.6664870284085 115.28812952274325 623
720.298157989269 831.92913206191 463
568.246610402606 408.4713285271877 74
170.68087837516566 897.9536523931148 45
593.2470495774571 589.7382823116479 895
628.2892725066483 853.2131870596047 576
986.1183204217072 503.97714548995685 134
345.09452442526043 819.4220031814269 22
500.3112349398878 746.0223297285047 82
732.2825152155723 108.65768505673357 650
453.3016053067812 319.8377579645044 646
955.6796086793404 171.3754797399073 25
643.1238186490589 372.1284255036794 917
477.3342293786802 928.6311604935869 697
507.25615595829623 206.27291970395333 422
793.8214799460656 830.4191530189307 438
463.7969626784946 0.19784657559618335 301
533.6038343668699 503.3146362690493 503
252.08334914151965 919.4280920672412 459
365.44691018057875 84.76376707598854 210
710.4027445170044 756.8092602097925 989
42.10388189467273 774.1843483811284 1000
668.9052858393932 570.8946649093973 24
679.9454043584456 185.45109286418315 678
193.69823958503085 561.5419720246209 860
465.61219183619016 860.8289700666478 352
9.66926792683298 457.6026171054543 692
33.489631750754256 688.7919534133456 277
573.6008933638902 141.2015756444639 386
380.30147892032926 603.0704653064796 712
208.277107235878 222.30060153780917 753
777.188668282487 869.3120024915414 835
368.94920422547216 24.28078634155739 61
635.3534006812218 592.1410169882342 743
63.98702282782931 914.6512288569332 980
569.8428095220718 947.8767217026948 97
688.6666670332722 587.7959283755905 845
211.62569352623106 801.2718096643665 888
376.3924112433248 405.76196821747953 318
916.1284350053888 359.56886889273187 317
900.4472811653635 406.32178815316956 718
343.5772246091168 654.673030978045 895
69.07644829740411 499.96969204417206 982
461.20822631344936 761.9956748203302 528
365.59589325339783 408.5073707278426 859
457.41401198149447 405.7965967046645 52
123.60626797292362 205.91420260576587 641
435.8058425094228 252.7181993159362 143
823.1274930796811 92.43245962947444 72
888.4298508744513 923.0262976092667 523
2.4170017231192054 382.9623891554196 479
235.2145940911655 937.2055571332609 552
686.7927982571248 355.39976887541394 112
416.1028303390103 677.1440299770475 800
127.16402927857007 431.73560205734583 652
587.3970291986045 895.5952408225033 40
288.387862645985 243.38328677109055 210
989.4610465761211 860.5702002487394 499
595.39161857301 941.9214444725251 926
512.3797647584328 516.7555466246018 360
663.0592937540715 196.5722173018485 647
477.8822529652066 144.9745389736572 908
474.08324123809876 275.3237631725685 593
515.2656528570101 362.02202118375124 35
922.7991495412891 397.0996679870179 580
212.35954089948328 187.13403796944718 468
661.8276682610418 904.902850765737 917
705.0954802738653 75.74185547859258 297
649.8200480526924 555.734228847292 748
302.9951523789065 768.3802536923506 31
91.15693711698725 792.0377704055536 97
18.041999292220833 649.400538342007 683
856.879948133366 746.0872395113645 810
610.5268240977226 681.798649709754 455
723.5248593780988 616.4636317181247 330
943.881496284932 548.6296294288145 719
189.00154054992956 642.3901134463244 126
260.85625277225853 642.282894201616 748
141.23556514975954 519.4556990367137 427
349.8851812102334 686.6591919775673 641
311.9098814733369 880.7792288096281 126
783.6479770106156 576.2397451117906 562
277.12760186632846 928.1037425584544 560
56.15312703457542 738.5733189349147 281
993.4224657291165 469.04627072468196 308
674.9285592785899 954.7722160861481 457
738.308613785281 511.3088107192956 58
196.1207986435536 204.75982276782 19
837.7679164846968 790.6572895404939 204
592.6734266172023 392.70084700398155 631
542.9356508396794 882.3082209559452 874
232.59121310150442 294.2200835664156 987
592.2915136446754 738.1623080944205 854
771.9090815474217 779.7037384832166 670
79.16978307676182 124.76832239642088 835
395.4690746433983 142.10591878114508 243
680.9939000016813 666.2861013039512 228
509.15662132659355 559.9641886960281 73
97.06747820317041 332.97746195056766 739
544.2401425860969 16.431879759265744 96
775.7198519161385 64.381924118176 204
553.7283530649174 934.5719308441761 948
696.4186977486627 972.8431215065033 813
863.3629001938257 638.6606321204497 596
618.2490054905601 13.141018223801538 764
415.6730643081661 919.0056101898525 563
41.30087119614523 966.5851580633752 580
119.1939419058985 616.7816307128812 95
961.1547253353914 840.8870580166509 151
563.9193196607073 767.4892405282586 634
5.875254042396194 360.3863268149576 710
456.2797632708253 346.73625900128224 208
937.6197926773134 997.5503599187122 490
423.5926330209453 881.8332426267071 80
785.1744170066845 136.12722068263338 644
675.4513676805421 666.2797940077072 617
72.96124168003459 972.3156648284948 980
889.510517349094 157.99910563090748 446
497.6636302929358 897.7570711292815 844
228.03648321923276 207.2616545770902 140
18.33796229019258 849.8069080614778 375
731.4024846389623 116.46279127968107 184
835.124573674325 193.40595990579345 716
200.3552816614107 824.8534237755713 395
583.2284158251554 505.0409216573757 547
957.5023581659577 695.1014757208598 957
12.223460247055339 470.33715112988364 791
331.4689024714874 374.9711145628256 563
155.51954766949007 623.8595709934348 540
32.174988198543474 586.6988741367005 364
484.5842959601048 107.91927069088037 969
857.4234234012549 72.21277764169565 496
603.4531252955097 896.4693104803097 937
959.0805385858051 754.3407791342097 496
646.8401632559911 556.4955113537836 273
784.5892559546137 202.87668131650372 186
344.7528644521536 310.61516895052097 150
142.03449205231777 825.5614939737777 793
116.68673031330346 242.03996611886058 906
459.75048627709725 596.8487224920227 256
261.03381228814135 387.872597824651 118
984.6669919034188 457.40621034582654 760
311.66337062751745 186.47609570647217 484
409.81208926499954 292.43862824101586 76
57.42310931036576 760.0581819962405 443
765.8843193374598 628.7456745104886 339
947.5322712132472 247.91251693243166 894
886.5466078874765 744.6433848767638 519
346.41117018459664 217.6657741208765 383
548.8631255955646 63.01945869129355 990
249.0871967107865 296.56677144516095 134
957.2702701235892 45.8214955354257 17
809.7496541008056 865.6203476349551 403
955.8420747479909 191.98376136102036 368
233.3374689883908 395.19228800589315 844
586.42083054681 942.6472874913914 742
479.11273433645607 101.2665036124044 102
397.84796790490384 749.8730769678142 216
15.379314878047111 497.888788308105 686
529.6450459171548 847.8162326642133 702
915.4394010012343 832.6981240695612 45
444.85960734310925 384.6259195306 533
136.66569015244346 287.833038499318 560
171.98815513798803 322.29459470248656 514
916.2987125375662 583.9214687892791 236
423.37921017435787 481.8527767887931 312
413.2626345772997 900.8242582898644 350
624.0251053904128 260.28716628110635 607
503.08377976538424 277.8065181148206 768
476.5557811219664 752.2363843069157 582
784.0665083699838 821.0103280728225 357
49.37573520758409 596.9099196742336 142
968.3905014782937 76.42559030091623 537
679.9936255436195 790.7692642866442 196
443.37710704269995 172.41600388741318 364
469.41749483443 66.76484336629274 333
192.01690112992776 452.55078739369117 46
533.9456467717365 155.9259925226891 642
634.550442942768 599.4310255614757 452
435.51896520844866 875.7588441647677 341
454.34005590048207 350.6816645633346 885
690.81356027913 552.4149076470628 111
796.7191503814508 203.36491642736542 311
378.27716154920074 930.7598038256339 935
840.9114367533248 570.6551403114746 961
849.5711521956475 504.0252480121629 723
31.23240160279139 460.60329322566275 189
533.6260540755109 557.7446630202711 884
844.2777097639411 867.7084398855334 74
271.9091777483229 476.7506278173026 348
194.20499496456577 471.14468234832754 39
928.8764027573078 495.19839419302536 620
34.33353237169467 44.166452346681154 86
692.9745250676284 823.3574508669394 922
402.84097021937424 20.363147778263645 215
175.56204990662405 13.080711383030796 82
238.0823729870234 896.0464090750461 204
329.87831396026644 759.3453165364419 693
185.4137529024772 224.72521773901389 331
266.9771952207333 228.58039692696642 939
544.3594289291208 632.5785727106285 722
941.8326746964074 102.89718405723403 75
606.9034073524756 598.6932318190649 540
527.3529881459616 837.6114202314515 182
370.11565955722546 535.4797260221673 539
97.0696641391875 315.21924596873106 623
565.0011095407515 248.78333323577363 223
500.07666214195444 895.8743373294564 378
143.71865870465427 609.2526974013165 291
817.7740578573878 8.67255086334473 654
570.1772660720858 887.2079126420585 758
140.11472979125227 787.5944889936428 572
52.03431689219096 809.1206570885136 911
34.447477267036895 445.8854923986432 882
899.5269030699676 689.6133862425236 787
803.7254605838665 124.21826579889516 461
581.3029688183846 428.9800352112262 656
722.4636954378504 909.9620685738736 249
349.66449965692834 259.4539251799025 67
268.70133230213065 634.9747114293772 424
999.1886552102234 305.5569110074232 592
854.390258214915 86.73556871243649 713
49.27914064057182 186.7913042146615 204
171.26022857469613 560.9503752252059 577
811.8979827194281 152.6709469668168 207
431.75929918542823 744.5961272254508 608
264.24935504246605 154.9892157491386 527
965.8871909486902 679.4027172109294 406
405.26106163049155 847.2904980253979 686
531.7658838981561 576.8933397809606 825
505.13182477514715 391.7001097532391 947
963.3137750197254 258.42396025061265 538
335.13125895612603 27.85599275593087 589
928.4584750375426 626.598570931736 156
604.3210352511809 458.8624489661811 650
980.5902257675625 638.0063958691042 359
964.4804069743343 296.8825634018826 854
861.8013059621971 326.300851661965 660
312.85673092149625 42.79389086076013 729
807.801499834199 890.0243405889458 226
150.46931426992327 48.29965603294117 262
438.9137687265322 540.3032598701648 539
416.63763668060216 610.1685875204867 337
783.9982147783631 261.7689340963263 556
611.0745437342074 181.4929663733321 684
211.89449707080877 922.9952815357034 767
586.1667094236484 820.3403532790361 923
190.5740320863456 999.8768248859149 457
46.812038677141345 182.88615165043697 376
521.1871852360736 794.1260478845272 487
344.0215183010076 810.0385149610571 629
514.6095370961361 923.873839344763 474
36.31306178465521 645.8261097195598 281
893.409760256605 179.9422033093495 231
478.79953841868917 749.4788850156624 704
768.3833248583305 906.2969484564599 310
403.1455681363979 60.807482174462415 246
610.7936934914529 345.35763946391296 852
748.6319363028266 999.7868241152399 694
981.36916087174 279.2449532119363 575
902.1540385876116 635.3798768793388 417
926.6214848111633 715.6749981730092 922
550.7723621243368 537.2897081787283 655
50.35452544773911 518.459486581261 792
854.2549675745458 922.6827874436096 711
334.41358924461395 799.5976241899403 669
941.9204715597823 569.7211309988959 147
196.438733064353 387.43215424386455 834
353.6772863874479 352.97439244744675 257
665.6808083797739 348.32042305505695 980
826.0666708431293 197.32109388950747 844
50.198056582438035 908.4677199895133 948
918.001652438086 3.134537815711269 633
872.1249179922336 307.395032820866 319
597.1833404278613 804.2645744142462 398
711.8979271419346 813.3383376731467 151
429.8506799947662 236.52527993039442 766
888.3721936466197 80.93073189408261 447
834.9175599544684 395.05382214880825 569
207.90900110693335 968.8445400383159 81
153.39526555467643 538.2750918731699 842
933.4678658330035 12.7031621685334 953
451.4571555671528 553.3731020062881 505
418.8591059018236 651.6091992742996 522
477.94442757234435 842.6325711549158 849
45.88654941637016 635.9786154363195 66
427.01115782363206 388.76779945207574 106
293.60848202233683 268.46038061339027 455
128.04670276141673 294.95234129053085 130
80.41036016576552 930.2522479228276 237
373.3640679539972 39.47149144981677 961
685.589253682958 236.30979756772064 698
612.4027408464018 961.077970310279 156
520.894595627958 999.9992181518677 298
608.2199550821522 432.7675817551441 852
591.4458786030494 629.0090231026285 844
115.60216956263736 297.4340663556646 627
137.39825048689636 691.6051449847183 497
548.9937047875331 644.7962937737321 571
924.4645697202118 87.24750286900085 146
1.8840095438217297 813.4600741811809 751
773.0607302343396 630.9094146128441 721
146.01968347920413 816.1709414134278 497
790.9291307238896 811.1347521782316 903
433.26605858878173 562.3180155009422 803
20.510966870316615 392.5478989582558 465
874.6516450380738 956.7861320858649 840
683.7767762999046 659.425100529427 173
558.7257092987337 557.1127040267721 757
561.0967297234863 934.1844988403756 516
725.257293200284 249.66227300798982 294
584.3855618197097 338.033998020366 630
753.5388481557047 136.63841328649696 892
581.8718858968607 563.5535888930211 223
94.25708825535717 226.61112867919886 417
260.84624418076385 64.36166116679499 679
433.4668327280977 158.0238518269006 345
399.87454663539813 826.0192994803042 375
373.7423435235685 276.4515163082547 385
238.57994371805424 13.810189321725396 782
656.3581207319829 474.3310561432483 458
61.904850134424485 30.02441418486612 849
491.226420168721 285.4005923675461 604
719.6288154340803 783.1990244173529 813
885.6465032838768 739.0462742327452 840
880.6739006951437 749.3243018905188 726
598.8410784755409 650.9096859356742 377
646.9096082975627 768.9339980195294 710
248.33945368898767 932.5680112606467 713
114.2039056084121 209.66637417583345 464
740.7042562340819 335.2640213106172 542
112.30651729786356 582.8615759825432 499
562.7718144195514 539.5581212527783 843
715.278671160793 964.827305776158 803
919.6878367758443 335.9877969241146 121
92.13816326285995 710.873702815993 426
152.3125876630378 439.45204735055046 241
289.01994132256937 921.1044188379541 583
502.03700916902574 536.8852160511448 301
499.86916770812417 955.0980198856895 130
719.7595980446481 684.7607590721755 332
66.30125581264201 690.462567391386 960
151.25379493602253 26.394238352451694 695
72.454468703547 405.9319485154506 84
371.01622420776124 562.6218236122801 482
398.2156640611906 673.8446366921698 629
504.82297134201315 386.5390243092162 34
806.215410988723 958.7305127884025 67
702.1045510671769 931.6701843825928 975
610.0385586330406 476.3121801483685 267
748.9131829607653 333.89729951690936 960
619.0378821528017 15.857283380901865 338
629.608240958419 183.0030403945928 974
789.0295437495098 525.9772421875961 23
753.5809719694944 846.0634227959998 595
390.2194427949601 395.3587875092626 485
12.11719367222619 818.834842434634 604
981.2746738213658 784.5107429911585 505
14.846168031272367 347.46515749275954 151
573.84066685528 177.19520139009703 258
887.0736492041825 917.4578904682903 581
268.83782390018797 482.9737665271181 983
972.0288772836731 411.4299986791901 225
423.37068516365827 105.65261640253875 663
206.82712262121916 875.4366691279071 235
27.571118400212868 835.2554640284246 764
465.05980624774566 708.0435858645067 748
433.40676208545483 99.38888565292415 888
956.4505714621738 417.0511874301296 420
403.39495786886147 451.9088237013672 724
389.23487156990967 85.5822486161556 240
467.35968548371596 950.1105468011256 1000
228.3046532586843 324.11803638603374 894
491.5998807181735 703.6603953872944 739
22.040054723988177 553.1609987556196 570
247.47779394078094 376.1412806733654 733
699.8029925810731 929.8420248471442 865
219.80397897422665 882.023625642339 203
93.16806727791283 771.3722666629793 664
387.41751769635613 631.9927010648391 251
517.4528416727438 619.8926939873103 569
74.39610648167927 222.50516103663443 841
221.63139018119392 35.98883052336343 740
462.3991723448484 192.14449481293673 616
106.36253325504474 841.7012512275194 572
563.3151067932314 124.79737863872597 964
397.99624000571896 4.809490278677719 241
950.7152196598557 501.31681714583567 361
409.91022326321513 716.0166292768677 984
585.6456212025482 901.2488421794031 987
706.3619533023707 717.5086475394642 2
7.042366205089801 305.6516331493728 896
727.7008736184536 511.60230662235915 632
695.9101429023739 355.2626655820482 126
304.1488865104568 769.2503728473772 708
218.53941394990562 89.14946202413365 118
444.9942775413619 73.51688288357062 500
966.3691719194801 434.926671202152 614
8.188092257167323 390.1579230096085 108
383.4379698269954 880.6212629922557 644
695.1776717378967 329.88781971233107 902
251.9427970911996 3.95347874073948 925
741.9301941623522 256.30059811841454 116
764.1307461788828 351.7060658049296 40
946.4782854944219 110.54929795417212 318
853.6749268674232 642.624750485505 812
938.0515212525736 158.41945383578238 377
849.3715153781548 171.33192737155667 195
299.0087234536527 728.345806623017 884
887.3041230660797 760.288036959067 834
424.72058028028846 588.12461868249 890
82.33851011882653 752.6619454264056 588
759.5147140589478 329.6008583910183 648
957.2828280053736 851.6708432383748 690
828.2363564781075 267.5173724688514 968
307.72813894373854 523.9209865410609 338
638.5431917404744 208.80220342298617 153
353.4996944732608 456.0746092569451 913
935.9848536365608 68.42059686103607 896
707.1774210284796 545.0410040733547 955
30.940617437166253 400.39346574806865 400
809.933806692226 760.3507350284593 528
372.99168053744336 386.72947975647065 217
289.5131512316842 535.1213060042293 331
683.6675267617225 494.6356853294519 75
690.4376342988553 548.7365715470603 956
821.5282274432062 351.01446609029676 668
451.33736608850705 117.32813195135128 858
453.95347515238336 414.89613348034413 784
844.2028488879827 71.46273933355052 402
428.4144078038132 758.1687216530066 641
747.2901594312347 266.1695231363256 102
533.4614898735214 115.53561893920362 719
515.2063684441994 785.8493405938352 583
696.0300014206688 147.10455869220363 441
354.5226406056571 460.79390205350734 864
410.8669052177171 206.17653522296862 195
66.36817894917402 7.092303592607374 899
334.20163818622297 755.4055868291508 412
817.3264894181714 981.2648823265106 274
647.5687949614237 341.58691714687626 394
398.1295392179457 88.36337448574272 677
689.1465882679472 60.322671012888016 205
582.6874775002797 622.8333048896607 250
704.571820095253 707.0531088198767 493
635.7128351888355 315.88314778757166 489
476.44242560286267 271.95503308180656 674
974.7266495705444 271.81925831009033 420
261.9044368482759 50.88565838774062 102
168.2400236518804 787.3310249335811 586
226.94221149143513 343.6395960521392 952
104.58455084636009 173.6544027835265 577
256.105342262675 919.9900625108095 140
993.9083242894931 617.4300423939342 38
730.8490225804999 270.93991186009794 311
490.9762624426663 985.4114860628512 710
692.0971042028326 709.2857186146792 206
554.5923029473198 299.8984236537948 511
945.1459258659743 640.0775640399265 424
484.0426845914232 675.6880803439016 848
824.171408881396 818.2983457258721 294
401.88851673320704 761.6349010086439 491
423.45952765509173 872.9078185624335 297
103.3664720550319 656.521158221909 513
175.93672557855345 157.55424258917228 588
308.6526517578146 358.08096640028697 833
88.13125504905517 414.6726314287388 289
665.4796812951683 808.07802894139 324
637.5456877528142 504.09720067858 11
197.27772947050792 566.7148483237902 153
356.7933488229815 362.1696171415725 404
404.3575365190143 108.36787813477989 283
961.2983416657007 558.5884013036921 747
476.6333354305661 360.23657292413515 638
275.3793752581636 642.7025667172566 970
599.2885849032117 17.52862400255417 190
389.2628206618536 611.4301387632634 178
973.3553229973081 401.54805585169794 597
793.1774340231647 84.54975779775708 456
5.227375288760827 836.0425878257217 576
917.8144875528222 39.83279002441142 535
630.810517723026 372.0001337100133 128
210.66869701736945 6.340313594741742 501
111.79126712042763 661.9305447608041 699
778.8142814292767 12.154430952217465 651
752.0004349048033 970.2448519844758 864
891.2035477081693 403.9991082094128 506
963.9165873402734 341.1765556819568 868
174.45066696496258 372.71954662323435 739
828.4791544484286 57.878725724378796 585
605.5899273514896 874.5464329682842 615
491.53281779433087 533.2546114207847 969
618.143735778397 794.6538129124269 809
711.7820168579743 441.63021894001633 681
819.8639908794063 843.4639167854426 230
155.38925951057615 843.4434983231469 700
490.35364537288694 351.02913349265975 607
745.9927294874342 60.824617642211145 434
683.5557529087957 986.6937598717955 846
808.0209951860787 69.39474672099554 920
572.1862075624459 661.3476185014099 613
896.3626648874842 201.4327802052356 967
852.5156471246147 354.4470105576526 24
928.2657271127922 598.824414555048 18
303.3979090343979 301.48449180852253 876
150.00503634403694 201.11777586143177 553
614.7956031398232 848.1637781885756 597
574.5356426181128 272.83732282135895 602
632.7189233462692 8.795340174833743 204
502.6952159489877 906.2797122362987 25
240.36201363096143 774.2661946243957 206
687.4905982051389 123.52281034482327 839
937.6082299820263 556.7807851007954 856
23.320846830402253 630.3401055172267 339
317.9592732228196 422.71395098888473 715
655.7593820980698 373.39615108034064 237
709.6166548373953 218.6471695961937 394
283.9999171520917 250.99664050870373 197
173.23037253094563 972.2283793253287 852
81.92584872406594 888.2654507889717 956
53.994386287000154 233.61800440114766 729
139.17068061987425 855.5851696498967 398
45.627839326929816 812.0632638025977 404
9.270613956215312 374.9546316920904 640
340.54468798494054 108.81781004392333 107
850.6187070357475 19.831353799806053 72
385.2592463993324 601.4536329427336 320
477.9619023874159 381.53317756640024 706
197.5821713208058 357.6164976166437 548
434.3830091389442 508.83401397064773 72
