702.6164513123077 808.8221330024004 928
256.81779849516664 586.166421830858 830
423.16876027048767 399.9605390184714 552
473.6195577619442 558.4957090163681 674
988.9681985429075 975.0813769183311 535
205.2116331574826 269.8455209127575 290
199.53085705995665 433.99567124702145 858
147.2222310333805 38.825834835575115 28
203.4061230131684 503.7777169032627 776
177.01742281646037 854.6845610056362 752
121.49118401798353 656.9842048796976 876
31.691462374455305 972.1883289588668 703
210.02525801482108 842.9702527875413 397
759.2658857516126 157.23423206566733 169
630.8585960246547 854.0153542559398 595
972.2740178227604 545.6691365497343 330
101.55391271253689 556.9661660331595 979
336.12232723169797 848.1418377885223 194
363.85304943598504 33.40314595804949 943
773.5468093596077 398.31446982448716 834
658.7177691286386 1.2331579372454327 90
398.3325749800787 218.7041320318105 449
573.2688225730546 258.81064001163776 902
986.1897658764425 618.0263306624378 137
632.0261822212046 591.0562835004006 138
558.0357746192815 709.5884410718968 868
453.61992904033133 3.145978762502444 183
882.5156582487666 598.3316659109256 517
542.20243701533 826.2956954114608 777
997.4236625987182 701.645005519896 820
4.567787296813397 407.2814510584305 454
159.12073041907803 820.3659088563879 886
921.42496964574 369.11201188900776 285
323.267571397828 192.05921606903576 231
165.7221393925632 736.7536519345297 567
999.0124088266887 225.47163136278203 953
471.0667124414899 101.74658547307448 650
820.317447022267 11.306390103035469 139
695.4602996234257 401.955321149263 81
279.57978901104497 925.9638536649135 751
914.3962930520917 883.5306476356475 754
737.3871492609969 697.0815375764727 332
47.54312676764483 793.8583049978959 667
609.9568214040271 946.8877054940446 516
545.6871622938639 870.9982455148654 413
312.32596074699916 518.8886157972889 677
261.57464994739075 470.4869765429218 772
56.401543640733244 898.5695732597 87
729.028797528602 796.7979918406887 40
983.7319772538476 802.0816746088267 21
146.28334479128335 369.22942402845337 513
232.24383970417773 581.8451209395071 618
442.00483826692414 769.9027792216527 362
479.38762335542873 372.62451502789406 181
980.0422677877459 63.88041847628156 795
286.9188978874428 593.2834563582193 213
790.5320543176998 84.7869664640758 968
209.74016842309572 782.6613082505054 771
330.81045446131185 183.08081824331757 221
472.59843402951776 401.68491171183007 460
355.8152762151754 236.07373438021583 261
167.09797346708433 902.8858172433777 429
512.1961748848333 405.73515872291944 173
39.33719406487801 272.9018197760703 657
678.8037256196424 353.38490906630307 738
793.6569662951815 690.9093765282264 549
91.1333526492476 344.51238546916943 701
781.8632310951654 807.0310156551425 222
852.6330679331761 920.0555795108194 201
167.8391774961937 375.21971394649546 430
252.2241443561084 394.2168343817262 54
164.0955254717692 249.03153590794957 83
799.1388128272002 349.4809585580968 202
456.4145803406385 364.1573471559466 986
708.7058821864379 943.5565392052337 188
925.3351173549937 512.5236444221747 925
326.083779677342 849.1036781133382 50
72.96140613174207 491.8598518685119 448
90.43965720796798 435.6376818814851 760
697.7005507315366 375.70051099004854 416
482.40426777293567 385.14058327944844 322
952.3853435974402 719.7164971526154 468
378.5167829325686 232.25674244517057 499
981.9131553881925 444.35218864983403 790
446.4908411317021 59.84281229371824 473
40.932662437659474 490.7858088273246 72
30.48370511649545 521.3440493510577 792
989.1123341949926 92.9527217076087 476
586.7009521125581 175.7545662266621 755
938.989181748192 283.36571865524974 488
922.6649953875211 596.5053556459043 762
995.1370567290519 447.5836986128001 237
224.35510099747745 235.22888916541862 72
300.44729631832877 110.4050769737549 229
716.2087201804304 799.6110691134329 945
501.55456420770105 158.96900617996502 29
20.2096732045699 968.5269370192932 930
352.7463751514053 955.9641696088362 288
535.6585422061164 525.3164729216229 12
419.38061903587777 315.9951521061765 11
961.6970953770209 894.2202405297268 561
125.19388461738612 809.447347848322 902
792.0434939487502 208.6015931660562 789
324.7305065454975 718.2536680562122 872
708.9744520542702 519.7077134884541 412
621.1288798554087 560.5532954298853 960
153.50749961023635 15.425246017228389 852
921.0217698231954 754.0914142459986 694
712.5811225671812 658.3392606595929 867
429.0455862498242 894.1846967668952 406
234.99577622773427 372.800136664421 759
7.743514736413659 182.34459052976436 461
317.01512638919206 571.652556154261 100
196.52617730359069 361.5062770164685 490
95.01734591591593 992.8895385733251 250
510.9570485515752 120.96870992318497 202
929.0835974090197 724.7093433452353 167
382.7024276510649 331.0453655158344 315
442.7163278232794 768.9063561088922 277
408.07536403994027 333.5719289363187 549
783.60214974431 892.5415570169797 250
581.4256328176533 427.7272068390966 547
403.5993912643151 952.0437312754086 488
472.91299388982054 463.4191927779372 365
297.47367578683645 913.1564337919508 521
435.4596068519206 274.67119122972804 952
149.13674119320086 857.922598170157 179
712.3606713526208 436.5203081748171 114
772.8607230077592 230.89541834146166 935
971.2760519307499 227.58624386359415 57
570.2045979193457 939.8548438457037 179
743.4315768127085 231.73591600798005 269
304.24865657130226 393.22808339966474 884
679.8318338652875 31.254681638840154 914
372.3713911634917 563.7388951081165 441
48.31869233718966 723.1841787722288 610
129.1109606586026 683.3252262428246 76
177.2454556277603 979.3191743249737 455
967.683902345908 415.4215158065431 787
341.43746510593843 636.6474452519137 388
461.23812766517227 263.93068555327335 885
808.7221680528694 513.2983500265875 149
527.5962659824216 4.281051917115808 753
862.0880907907639 700.2715442800951 786
281.78635280104646 102.44372638495803 486
774.9163605837284 70.91347518469526 834
254.71859464660218 7.04079156043147 435
709.0068982343423 832.8714853253952 833
976.5637066149973 566.9667169273355 117
282.18701433153905 444.23109610375445 707
20.112130096924695 484.21668231589575 498
341.15592937170504 479.40546950356867 469
454.16779180019773 396.8837584532705 706
819.0967150356533 509.16954244391496 897
852.2124284625392 690.8105454885198 476
225.11878790925533 705.6611483896983 42
426.87415879296134 621.4584696892881 64
78.79670186746357 299.44242752703275 421
39.743611338496024 593.4596651331633 928
938.2386383443622 322.8842478638799 235
656.2229407359553 384.63478569222644 722
740.8909325329927 261.6299247545846 785
5.019539039452514 11.412720315550406 719
759.2159080135134 34.702059058672965 225
269.96416700382673 488.50914330748094 940
163.20725241331635 73.18583417188718 969
76.93140371444274 464.6610897335336 922
116.03026351936596 488.23725243207974 922
499.0102689891586 711.9598802733373 146
938.3971003370577 956.9006135797218 238
316.4213971979296 524.649082195461 882
717.0881308723341 1.8438368966043894 417
773.0547109221766 860.4349872006952 637
417.7965079300944 893.7173420046487 928
946.262464056737 87.2651355904236 272
597.2997645794773 964.5911803003945 433
298.9337183055639 753.853115020469 708
357.4534492513073 89.85819129622841 699
918.5635600912692 225.54952163376262 679
704.4524052226653 359.04176146061593 895
882.9001675429745 720.2919417345515 488
587.1621095670274 249.4293761038825 322
30.72146860619185 355.32327179272306 913
609.081884269859 155.11601159461387 374
202.3039735849973 356.4776337945631 318
693.6284897121894 189.5705333422938 145
357.1157389268996 44.42918118426598 982
397.40782556146814 518.5056449375978 487
797.7547486417234 197.55772987963883 431
474.87263620196853 315.16298858186764 398
352.7495872272925 686.4108700524263 884
730.8138279172422 405.9652444949837 692
884.5486177399789 907.053490853875 377
473.78739945706684 401.2912496463583 504
53.64325404834436 563.6347478791236 37
753.8040792357959 621.6398447402831 531
576.9776367653706 975.6157075717462 567
719.5064886077516 787.0068677069995 406
610.0410327799999 28.896020739279884 404
849.8014228032322 698.3112771059691 358
375.60035108458914 77.93139786808622 631
272.83133755835087 644.8613469998439 215
962.8780669311716 206.67512824684863 905
442.27057908218035 282.73055893644437 754
172.46102781030382 150.1713768418823 481
81.9398087293448 286.38580986363826 792
691.0024815812453 492.7140785999786 842
567.5273370478234 664.3658310014131 914
67.07318556749642 487.1981683940665 734
762.5202435491459 305.07982755943044 273
134.1336520660589 298.93255242330054 395
393.92726976388735 878.657317582751 468
761.6094233401549 140.25521511947957 406
281.67197949025336 604.1972457060846 61
881.8458373480003 573.8236128468602 959
441.645087776526 359.45717462423534 226
276.98532767894915 435.60696132542387 485
572.6849134687088 738.5134370334256 682
307.52910695210664 14.442683684932733 122
405.0143547595607 647.70981832462 918
673.5191722262994 11.733815577576244 2
94.54202345354368 530.0490397052878 551
396.3021313327703 61.054766627907654 13
451.41308457758635 604.1894803081059 444
893.1252323801461 925.2969441584274 325
376.43365329736434 922.9537234294212 188
47.38188851670388 983.9010717584504 261
206.86427779054472 618.6442515153207 865
926.6613167446438 573.0599868140448 894
194.902938685516 968.7930924655996 91
428.86441694819064 455.2729369748597 919
62.03806271398127 209.80310367370768 357
363.52444430417484 180.21785354734197 234
351.03835411245933 522.3181414972782 62
742.8733437108688 789.9025485355913 555
803.1378958377013 614.2720402129926 535
810.89784179445 782.6714567482205 189
195.46849901032203 866.2866776760816 140
314.9815708390816 759.9969130825649 78
429.8996666766961 184.10287739933472 714
564.7170963100265 145.06258196148625 837
341.6930261160746 396.78190028077887 912
816.9620271235991 462.06300260812816 962
903.4425614017905 70.6082004960602 638
341.3289278175059 271.69340914312687 808
322.0706694375931 772.6004715962758 499
926.8229987921777 291.96609167300045 782
3.026304199388652 735.0430375598255 4
924.065884928555 471.98150696638595 597
463.25205421824876 247.65673105183396 924
638.3080449807077 294.6847988764745 258
369.0329860945136 487.08692340409823 284
987.4355075806501 141.88763671303306 691
631.8129199890201 277.4532636341345 96
377.4711698088429 236.66817995946565 969
32.27493415513616 284.9681234361926 146
483.2457761919042 695.9873718689413 133
608.2621368108713 932.2983946260777 489
606.959042435879 4.461874111225228 27
684.013753701708 33.28842173060209 299
269.31610868917346 643.9488574445515 994
318.9038399932964 350.2229985485842 877
918.5386666169143 757.2408924369688 142
646.5166539892967 211.29790874300193 258
752.3067847549722 822.0221018508279 907
800.0641995757284 529.1468621401723 919
184.61391973585395 19.83158577135491 313
168.4654288664079 937.1639206592826 423
77.10810576488969 742.6455987170203 557
92.04654471155649 621.474579675065 620
847.3626605550213 314.0254182987563 336
888.7186475333912 816.9431945692648 800
900.2776378445011 680.1167781288224 866
482.17424062042403 343.51639956261357 821
761.4707687274941 474.7987489078148 593
341.79206287727817 775.4939530668922 706
819.3708349908351 551.4104279523656 435
940.3544288294408 639.7534275201762 147
493.8942587834908 166.95509849034795 587
214.3375941231358 728.5312493429176 389
631.2029192490583 627.5374059936656 791
937.3478402902437 65.51943220803369 667
884.5113987964468 909.7637290222006 188
271.1062917008482 648.5557605601181 157
484.5779414418527 114.84834878408856 191
839.8295000082469 805.0920422480326 788
663.4862435968885 447.5536608385653 382
972.6629223333781 475.01213874030014 514
953.6903874738663 111.3172791311814 606
637.8120655097093 657.8582767392456 474
71.20601137537597 967.6033760965512 757
459.96788902102617 414.94146068205026 144
339.24726844248164 551.2927575493113 727
3.641556768677723 447.7343012348124 20
589.9538226884422 383.98111023470915 490
747.550406504966 734.9494790659007 745
946.9995908193848 539.4915477018753 60
797.5849949503936 737.3258159753935 61
384.72523951740965 802.8366647903174 478
562.8078818692879 73.20556196284645 913
916.3838382958805 957.4993747102312 902
117.88471216230123 893.83135180592 831
700.6043254157519 602.4638692739027 490
922.4663908065766 927.1256157147536 530
788.970219827449 105.05288268368429 986
683.3947177734847 757.8527364007546 331
155.05219443527994 535.380771331696 453
989.9187230595516 935.3770149684863 586
16.861332380389115 920.0808866752782 201
223.24525553182428 303.33658508554396 621
685.0838931893464 75.23163748616568 928
816.5928580123104 378.4954512974986 150
99.50685367664857 777.1105190496448 998
664.4279313737347 363.46133445144824 382
917.5499714646174 327.2949133142339 386
226.30183333224176 42.222134465847326 823
662.8066121654775 665.3055611513182 488
272.2174330773354 927.1315126262517 196
622.4127667118348 165.69221035482008 499
323.81401570849243 90.58146469110395 686
181.21467733087982 650.7498324682948 250
720.9162875591239 181.86515930692815 564
352.7634110324991 94.15188925359885 616
330.16372638936207 357.7362294490889 92
409.524590516953 668.4584203205509 207
624.8356688181731 155.718753477046 664
598.4136110479634 365.4268738319603 278
344.3040729515039 296.5917244271249 929
324.37006261386136 790.7695161993739 995
649.5834442345316 664.38573917867 87
986.8923743895456 215.0371687400019 936
487.36609997396874 248.20581387038575 539
796.6205735574648 328.8314356070525 585
288.80461398252265 399.15642564506993 857
864.753739871603 804.7885467095409 816
183.67332609212906 266.3429565306382 839
798.2844819363464 341.08189137210985 333
39.45887305882201 915.389075047225 233
823.7489241935589 622.911308714964 914
955.95318193182 252.32289674559638 230
558.2775009379658 803.6039155361858 851
400.33885182205796 263.28609426071023 142
941.0503476258206 250.51121492325402 514
405.7377759464079 287.5077239106774 542
103.51985834463984 625.7669339004412 962
434.08542685814155 247.126636235957 911
245.41395674321132 972.2681307308079 395
974.501857465776 665.6329968134587 338
360.6550538138911 585.5243960198889 591
869.9536258575769 599.0286514740028 634
402.8832157933487 784.550976484123 585
998.9653360745496 245.40895340243372 315
449.243671297457 995.754548200293 974
475.04796071392764 412.5959479122337 372
784.7278492439868 683.9749781684529 800
358.4350823321245 555.1831071805141 483
159.77913461475345 705.9072426117746 957
130.66103346724955 306.4622898875947 342
943.865944366436 399.6123583515148 229
14.686694627928931 972.2784460952079 193
806.2671172912071 962.9964760896843 937
132.35413841027588 97.86519876903854 154
834.4676392894844 310.3298596865823 892
372.49583090505143 267.6551323885281 744
289.318119054049 993.1860440516391 859
50.38591988651231 934.364640796168 16
781.211114688334 118.50678402130566 514
632.4181290788769 599.1883231683162 162
776.5601715064294 979.2105554602674 947
741.6213035030249 142.80067339829372 69
879.8160511771689 70.36190334644832 737
749.8082063807843 839.2731873674217 254
419.92431933146446 30.208837583093118 620
609.8390840798255 931.3055722325128 219
869.2356908567366 460.9446015213143 281
491.8010701424841 821.0522350144303 123
210.17645391788932 149.08589981877208 617
248.0729579216484 113.6233669846487 687
588.2009530674889 534.4056498444977 763
858.6887875883117 987.1464188964613 654
509.7134498490881 987.140093196316 465
163.5624089467791 457.47133818958696 812
759.6455103647428 905.4991317092744 538
34.59425188353615 88.14413444066017 507
534.0971444835446 74.9567434789018 499
164.4461959038933 859.1094388873622 715
557.6357721564029 955.6822238631983 235
682.0011669669605 292.1182265220463 721
381.210794010571 158.39988805751193 692
139.61998902681262 796.1313091359845 527
525.3389314563937 279.9435474551222 688
763.6351092297392 671.858460134784 849
606.3336360879548 884.2726355771224 677
863.7726316854771 718.041946597444 748
821.2705011254791 94.49193901731479 855
185.55597261861777 609.2818109166383 120
220.21475584119722 405.5781259985384 736
206.70134680468954 761.4676002852777 84
699.4096059353178 895.0403372421245 709
45.53414782256826 575.877546698243 604
796.7528323033706 974.4445501953288 938
873.0341858823119 324.8353337778598 938
757.313779750768 399.3938200955814 416
200.7309743856398 519.8547014414695 517
467.22054197321506 710.8266833566935 295
116.62114790695877 295.0206832982051 30
734.0888028808423 685.2617863434106 94
951.0879880156143 314.88676679063354 866
629.7505528264365 906.8709943250058 191
877.2735021516343 532.5675963847575 587
651.8861550396585 300.4567961486365 129
579.8141515011445 256.6227815527895 412
78.89442246917255 459.96123893525896 294
646.2497737592496 883.4516554614293 649
196.870900321762 260.60614013601804 747
988.9406295174362 928.843096698687 381
952.6091870842338 422.6010717936393 290
138.62676071755243 93.26146562956461 445
920.1414589425797 184.49406890537202 390
200.80392275606928 860.9677594086544 709
746.9117833811093 635.1879118694774 552
942.7792430125947 2.8362950786304797 237
665.802409879077 189.98178696635748 824
205.19982472802843 13.53649977192173 326
152.98452482379676 256.6770908484015 748
398.70654402938476 349.94372074878066 280
76.0680456759234 30.037035720496206 599
555.0192521647327 531.351319836602 319
280.6146958680771 454.4789101010012 269
901.4429470716428 711.5266831543485 388
197.7273275222896 866.7310521957147 716
154.15485998093516 267.6292669007809 512
840.3697066964246 305.7372875330957 867
705.8460719465045 64.68079936934956 281
797.8199862305664 436.9946921402927 569
83.23022734283303 946.2291603927226 540
229.80979031546678 377.8083345365133 458
681.3189208259728 230.03346142222148 76
965.4353721060695 685.9473834122939 721
558.2548458786732 57.531701602992705 254
353.5365944341188 762.8005878758054 534
380.1494185788824 513.1329812342236 399
638.4004180715251 76.47389270164228 567
636.8467516684248 515.1290092926905 846
178.34106824261 636.5348873325778 724
47.89960805857696 839.763157883182 388
684.3493708869637 783.4023324182256 850
415.906411808973 169.5461415597006 92
338.11657184458653 775.2627097016762 338
840.3886111453842 584.425261491605 377
98.97756969609183 564.3652618417829 713
404.84393922311233 509.2101631631032 728
551.2767527434833 300.1921831784914 725
719.7720187191707 634.933327295175 801
558.4512037453728 509.1738814742919 799
340.9125889118483 113.42677963354753 377
274.4363307449732 690.4238894857114 911
57.08313741065163 274.63893882886856 740
224.5564262390658 967.6138707408635 949
484.60826168145155 52.00887924400022 694
700.414572247782 821.4927633095498 127
727.650924124154 283.65267098390655 682
83.52514441759251 111.2653075009672 821
625.5996095481344 827.4398171377308 51
878.7500543830214 431.90936774596656 384
647.17827700003 293.0216627235164 205
807.0687943334907 180.86768843543632 804
923.8883859336663 625.8600091008565 518
497.08261059651414 147.42013685124954 796
432.80576077332887 291.9434349050848 262
565.8994670695703 44.98878476506285 717
320.01945654401663 200.5708685037052 363
135.41012171761457 200.1429303388712 924
561.8576965105686 76.0596608106321 609
808.0819163619697 444.34350649620444 110
635.5318940652121 540.9945836290531 755
394.9980516504349 491.4427717519444 789
329.6078528751926 204.57402765062994 583
269.8879955714283 312.69232492168805 941
268.14073500950366 493.2558368658669 265
282.94367594038226 304.67603053264156 488
732.6531089035788 663.4892529428491 584
290.32285246434355 53.03771892464015 415
875.7767882937725 853.8656180487823 221
545.5025699182254 797.8828180974492 157
669.5300569009038 316.0791967933194 176
900.251278892756 21.68468618736108 137
64.31882027908686 843.0984543156184 614
450.6442837083191 398.05620723129044 191
237.7456237596012 632.6730264553872 983
234.9394316638246 743.8525853989426 947
487.97835543357394 716.5056811267282 180
79.31107906184054 83.05734066385628 70
753.6816857219962 751.9974660242548 772
205.57704352266492 302.7259101845344 30
359.9277818653457 398.83491167174043 773
660.7743822509029 558.3515610568503 536
117.23464516004745 776.8994873312836 531
557.3863171377008 259.15726078998046 606
841.7778510638905 589.2708310310755 275
999.4830779295065 726.6442777492202 880
879.4227443811961 161.65280834660746 210
678.4075087641463 179.09178938244386 963
601.2160403375236 313.24177595194647 772
653.1080028255718 991.5177294001888 429
698.849277730116 693.4735064546499 95
720.1006606576574 169.12357010674472 899
810.0945536287717 886.4962806513582 647
239.91909990590065 906.2613951171415 517
54.73399252071975 850.7607763708875 458
984.5157351577624 656.6798370210624 870
722.9943336645882 338.77920253352625 953
671.1236348424463 906.6169217673715 623
442.82277798931636 718.4326989271636 250
493.4363136022959 146.6428280886609 912
180.7150847464569 767.4807417049718 130
94.43127954761576 960.4567801731364 610
333.30147461703154 876.7602651271975 694
184.14360235278514 760.3051294188061 851
318.123365315467 38.828381089907495 457
202.1764399731587 390.8974054261751 63
665.6925863797059 782.0203002517177 885
928.970806798785 642.3721531396545 840
836.7141596459676 664.5762482337774 605
591.1827960066212 198.30593674542163 63
198.14242062838105 831.0195610728952 986
269.1766973078872 234.4728920150503 591
903.2526920407079 248.91415912539316 559
903.0614782183934 206.4803967195431 918
617.4451773372433 644.149980370417 122
373.2039923082412 702.7891616955783 845
340.13511761788806 55.20120539537776 917
928.667946847206 953.7926217190975 707
380.55327587138987 211.46128615022897 404
385.77458404910567 348.2619166110665 953
388.6677281150689 679.3007296445886 690
490.77963658145586 813.771101660996 682
459.2408722571587 479.9759451444646 239
205.1982511914675 608.520340985165 756
378.98390129748384 197.30007758814884 687
502.68795527588395 565.0009320623445 104
735.7249190403237 65.9538238790236 470
705.6604801147673 880.5884344423993 306
979.4927432729628 105.24059445229528 38
136.37145025855978 198.9193064874548 455
813.4694839307227 339.299370246471 797
909.2882691902458 647.7632430920745 347
438.24850275881835 545.8530440736553 318
889.5876000299763 866.9296381502063 672
328.26798296409333 908.3116370286899 608
890.0196142628424 2.6356686123685247 300
378.62661087024543 961.5535864495483 958
145.45656441924194 239.12512466346868 790
922.2853995123818 94.16489532061057 673
558.2604440117104 565.0959288683721 943
362.98021226517574 112.52604245510555 202
99.6809843469888 191.94660582866885 980
274.54164098363265 419.86013914947006 503
901.1949776656049 583.6381297228867 88
861.0482793780474 590.5988634733382 34
731.3237755071181 145.3541737401547 285
757.613945227343 794.0772263890991 527
261.2263164523202 642.2247915568802 498
798.8215417650903 301.20618966255796 75
567.0261627305208 438.2862433659769 113
154.5369662107028 43.448858048265926 141
762.0027752360354 934.4623588581807 717
748.4850354398822 923.067864307172 259
93.41017471430213 734.450339934194 511
916.6588943321824 982.4619080461573 414
557.4993665803916 226.09280049603754 832
823.9105672078914 514.8330354608806 499
468.1340023612736 455.7952510966533 927
310.7645929568299 636.1133585915516 561
226.48627312406455 175.07002737593947 28
34.63921785827384 970.7427641699026 734
762.1256606012037 467.8206748183177 100
31.772065416157957 413.74122345175937 559
21.80392251976848 896.0328086796028 136
117.01732656314911 650.8066974960119 724
175.98109010528162 560.3824371127121 470
562.3804927629953 220.60464288287196 26
625.223007544591 962.979616739835 321
400.8016420594185 783.9315855289636 490
974.762527518292 951.9006011734072 684
495.31314217149924 611.0955479755005 281
927.1425236289856 302.8363543980501 533
129.73750868039957 8.352932086262754 330
851.178510255141 149.7152303963375 230
554.435233671098 802.3332719468559 669
616.6762208774206 235.40724398714818 558
137.2029053668301 302.4870572419272 995
40.32158890648474 281.92543616936314 607
816.1820619920196 532.6982052641517 626
406.47804722859684 633.6713921387293 250
834.2973716044528 522.1058638883165 637
169.89232967074364 123.9460294534781 118
853.8916084571192 328.352527218698 104
81.82880098246682 323.7376037970724 961
161.90637063083435 727.0735530500207 661
945.1306048753471 651.3997065477885 899
792.8362866472924 331.4097387517493 329
200.66667287070706 666.7077250554229 146
818.3890503413687 505.1227205876934 617
410.69475654734254 453.70172143586143 669
427.8283141608354 81.8181211905702 578
524.6868551658164 933.5120236542758 944
911.9706503560469 44.09972783031113 479
813.8371271623938 604.3955140512949 96
610.9862146007853 177.00337309292692 632
591.9665334370596 537.3049154146993 153
614.641481447601 281.18541599015987 506
931.0597361330819 561.6758987206526 944
779.5534072731355 22.554163375246073 534
840.6661690302568 13.632371804282117 444
430.0352388684603 841.1700802408727 520
873.574094049165 223.22031079201676 367
183.05009404415594 968.7273560179585 530
290.4992732547063 723.7174754953653 715
920.1937364629504 770.4054222772183 659
770.396895603515 578.3550990827353 518
472.7852364005364 8.202432286886108 760
48.81851343459387 978.195378702602 442
511.08390346879696 419.57411929534817 256
462.12065470170216 474.1321430767886 161
380.7688030201607 764.6104160999179 276
209.17670408189892 608.35001748962 133
935.760675230755 729.2150624201167 111
940.1562691953737 189.74467913681792 437
360.1447663829511 435.608714489179 2
482.79173084210623 959.8550762317815 901
15.368969731072045 931.7422726574819 356
542.4296162038928 779.4587023495036 162
906.3854815370747 984.1921657820088 322
781.7963905549258 15.165735452462359 201
722.2252336800755 311.0815058805876 635
847.1473334528243 536.5274186090597 592
63.94237515490908 5.9888769681676335 503
266.87384422757964 688.2845301417493 44
917.9228757659426 211.78317465996076 353
891.7628734435892 185.01239060310903 639
367.22174066208237 487.7260976992056 136
360.9626350202653 67.0707315302539 541
986.6819104418458 390.83315774605165 937
414.1370292519654 405.2300689880687 80
405.5136464535254 889.5900808718718 843
721.7801813322053 106.90051897376895 667
194.4526584021078 542.9052149073922 476
782.356167466898 497.5372495602548 474
314.3086795644652 541.3334413000681 739
107.33224945467845 614.0544982814243 135
530.3793674069045 210.21948963926997 666
919.3137677686817 689.6185137499891 324
918.0364441353064 446.6193933905579 853
996.2192260376821 703.3368842704948 507
842.0592168270148 789.1911000126146 540
530.9031187862499 952.0524645616373 396
888.9060173392458 280.52629216099047 254
709.2988441524448 412.11675937421865 399
679.2529346563496 112.71885514100465 541
653.615442170419 640.1620271520878 75
226.91564672294584 531.4458281398918 167
871.522163077338 341.0346136350744 651
57.56430721169414 484.89381316663184 221
333.6176048636125 652.0912007315098 944
689.6809411832769 807.3060354889798 767
349.0626764094692 357.9379502974747 622
98.94582640389172 758.4909673063869 739
807.4866761567823 164.61058043541087 225
759.4653261119599 301.4545538761343 961
480.6246474625441 853.7303772990322 508
366.4576884613496 438.5844016068929 728
16.20870659126561 760.0584126172644 41
2.67204073390348 599.7045860056113 945
929.7456210875484 686.5709919115212 845
120.68628207192434 237.61182742877662 178
399.3099236133529 154.59709847932345 564
539.0437614082014 705.3183211318576 100
289.2665035213648 821.7058714451322 934
374.1480688889223 948.8576586016891 581
506.1451726784296 61.57846673404943 645
927.8893871366868 687.7764688456793 156
420.44735319495294 172.13324399992658 934
241.75623925685375 639.77482074428 399
298.00294174971367 159.94103390263848 582
474.432957482867 433.8111982935614 122
188.1379933430817 441.01098474014776 381
967.0503133346726 240.28588984413923 400
820.3798639238883 595.3051648358133 285
761.7877873592906 224.1131623669862 212
373.86077594491996 920.7622512736137 398
526.7568532787991 70.79340126844936 893
145.1098661664395 796.5425171479026 409
433.6875709298794 485.36636536323306 489
173.83567475622507 930.935671999469 34
21.15373398861342 775.1724275890266 84
2.545785400408618 992.6526460759324 601
111.36534569958178 16.638244003871485 516
252.2055467462514 141.9664322141042 469
645.2793915940621 917.6809657618239 479
509.31301514303004 426.36213245324205 910
50.575088744927335 41.23464565412893 366
410.3065639641991 742.2273291828263 403
69.60775069641679 614.719990979 206
504.9373492329051 884.5521736508144 46
918.2450702177777 868.1470417446791 878
655.0307725321835 713.2136371081692 684
546.3305067110518 560.9384112032494 844
164.56989418097524 707.2723206301863 860
820.124710799046 215.80489231923673 667
321.54240358278275 171.30965381434936 604
365.2800762423997 792.2136471026762 255
169.14546859949274 232.42403651584408 380
793.7198506637169 983.7985214422574 770
257.5545636386176 114.7622201831644 982
559.2705757849619 880.5485466428405 485
82.85949756609557 934.5325445269152 509
156.1709758599671 854.9043505574318 582
901.9608100206326 889.3321176978806 576
832.4980017384827 641.6480719106646 328
287.92743077778306 97.56610363744312 922
69.00283952886954 641.3306269895236 56
898.2556532152421 831.4478480954892 439
308.52833822220373 214.70979482151097 543
670.8873186049603 729.667267074675 699
95.19093173326087 156.49523949917221 682
170.5925820722114 315.35598405609244 556
452.9267692282205 113.31836319142275 956
420.8295739640985 714.8677461490703 297
141.72298824936712 715.3831773616747 565
374.46151340301003 695.8262849878872 503
46.27375250162391 740.8674710754552 826
645.6026708940958 526.8700193453092 976
761.7689354464547 701.1433484961259 230
192.87823523688442 657.4238912045214 907
553.6674544501888 504.4443334269857 334
722.916629070897 546.853805385454 5
618.8491853476319 274.7171936096158 596
160.22147721378522 150.56937678143666 126
531.743617881107 629.2371591432059 532
116.09729097308686 779.5235441389808 869
841.6780854934653 917.960786391952 461
561.392600926155 605.7626864451827 883
233.0034406793373 448.6522715968646 673
130.1546613792186 843.9970294604137 817
876.3794185849077 832.9636920271515 522
178.28932771902984 794.0895249004965 762
884.372194480456 442.4638318584414 256
174.17374035365495 349.34322082253067 693
520.0318552881866 485.0926108157383 106
113.98476886369036 574.2348571109502 713
537.1469927683222 418.0545990140909 767
296.42305057447203 679.229790427565 397
648.9487117070294 789.6996742825801 731
95.24332622447118 718.7470452059334 514
106.01696554339723 284.3894885833923 358
156.50676366263906 34.60806043049403 623
176.9961000649134 310.8861024153665 281
665.5532601184677 566.9116672437299 654
135.55741680299093 374.88650454882566 618
687.5071372007891 975.0614446442987 614
365.6351171976356 490.231581079267 406
158.26528910797677 536.7420262569462 387
725.6121986593736 4.957502761282262 720
515.901437864357 650.6377715224825 616
771.7011359491955 287.24496029218983 979
919.9859134565354 215.18896480371296 115
295.6282860718342 963.2015707438235 15
829.6710497006648 366.2785535723327 769
221.03537984376743 589.6701891720537 206
244.23335585313956 967.1507001838393 680
604.4817702828467 842.6856400997069 207
483.1784471833523 698.0857405541137 843
133.72948411586637 959.6155638964663 621
272.32406388108944 664.2787253991056 412
966.6705264170096 314.57971925874403 239
612.8188653233307 164.78239458612853 986
433.055497061598 300.85667012521367 698
621.505967542745 660.4833641385704 831
173.66346313089142 150.32742149227374 916
650.8329105530546 866.3740819986299 514
531.916838041685 493.0803850221843 200
57.23431995789352 89.81499346278765 807
562.126853862937 176.58597982736657 407
327.91953162801633 699.769183486327 472
701.0826375744863 146.35551863384143 606
860.0519858647235 605.6727485334635 412
343.0360137967251 545.6938277737718 607
386.1712132383368 861.3290437264242 209
632.1098332098933 137.72489360963834 411
703.8084183979878 569.9955654912407 999
538.5189710757838 95.98845205747375 796
326.2613774367348 855.2843202347603 657
197.0685864122087 739.8076604787107 688
122.64966119115806 866.604342486293 150
961.9172570072342 61.44418089183623 188
996.8905847240189 83.60206435176676 702
62.90745082213534 55.06845355519274 226
783.8035477460321 617.8182475221838 246
966.0839559740833 431.56526833520115 185
201.26762082396343 843.9382393607733 760
35.74660139326402 298.19337305738844 362
874.5162142225839 52.07031520634775 582
951.5420475663528 946.8913024769887 346
763.6059247433199 113.64483899015521 868
181.43599833014113 948.2902167679331 324
814.5997046788754 689.2073528841808 867
452.2021028580526 787.2586362321915 718
157.85594267636716 914.0675493193143 966
914.4221341258512 73.97387921690124 550
540.624700036295 447.6634967222435 927
675.2680066536539 15.212507419131605 861
453.2673779407841 269.9893875712931 327
352.32713826162154 702.0650318510669 185
570.719632503071 231.23451304492414 105
20.136168711253898 248.19890575179716 439
312.7246758151151 470.0555336981473 430
551.1140138651762 253.49831784264964 235
506.7187907802332 605.7897725410637 367
331.99565345265813 714.5675857501253 437
63.399147556901795 891.3109905935669 835
250.26012687482424 519.0262044733289 837
451.6043798928777 760.1376684106885 95
413.04260792783396 337.1784211625034 932
106.53293941913766 606.9804840877192 23
157.70264721896842 113.87907675564801 785
658.1334853340903 121.77097420185679 532
995.1563388558774 801.751432837879 543
610.0263020681036 684.0565270753675 244
431.4794018416923 383.31312427141796 34
248.73096158427666 427.1180182697278 130
869.5554610181621 953.2494370595734 889
462.56998542629935 126.15321542356106 55
266.0962264884388 698.3259507342846 688
869.2712257933824 980.2851867748433 577
392.5264877884478 229.199096228635 670
805.8549721357282 239.68973436192164 849
112.80741293274387 471.9879099443287 805
615.0828708480087 538.8049373707535 390
626.5361389128112 617.553824426764 887
800.5391642776053 994.3074332425493 254
714.1812604190228 717.5675214361477 498
283.8662140956873 961.984476991077 599
941.4611403130172 132.7597962958611 758
634.3788452004334 740.3632026651201 553
961.4702024968354 594.1451538195652 37
316.73203545492214 532.7116798147883 224
741.9143098946682 159.95054338039793 731
311.18382143659574 72.85452953979687 842
605.035473245365 494.1871495494119 898
64.67718923386711 747.2663994120086 468
118.42010752883559 631.0938410681249 308
815.6442135348485 304.454283451551 808
202.03872170794668 908.7874077687907 64
183.76451734735767 382.19385557029295 31
85.63417254496453 653.1919802545134 39
332.8944312098313 193.8015115990127 889
907.282290111734 731.5590267718597 97
994.9539419150582 701.6260583444812 552
304.9113489018217 878.25087436741 214
842.546652181728 793.798688720039 898
634.6529478794948 637.8271554810876 175
533.5202811786247 200.62199826236505 373
921.0522948023798 198.543340265663 595
321.73137697517893 923.1037730319239 121
700.4115109519864 350.88193549195324 510
351.6601158005419 27.85211107786123 368
203.26484023220615 553.8749987019656 808
824.625666536772 513.5609584939283 432
495.7417830315505 636.4654876318026 489
246.44918229725766 564.9809399952698 906
888.0212802476923 489.81849849660716 828
539.9661560519098 638.4300361442447 389
77.76955982904421 213.97647235603634 219
154.22728979875566 206.1589819945131 539
347.18095739549995 563.2936782179149 414
258.74307727315824 630.8805955983282 745
418.5039807740222 353.13502041244027 216
736.6954365758482 879.3998219313382 986
730.0272066389932 391.2176814224324 860
558.852676892464 414.652005732707 767
900.985508332325 554.494549793816 215
622.9869753692037 752.4681744992929 663
211.36789066150595 885.3347790440171 897
760.1736995965948 140.90838410776118 263
0.7204652246338705 225.35548111626747 586
843.482944727389 872.002878074568 518
239.53922825642226 827.8754002968484 155
938.6054089734205 349.51490858021384 406
106.17719747356269 515.4231904151449 966
171.39983867967734 383.00469046812015 801
20.514527605976273 908.6125401548351 465
636.4791243846685 724.9443583222483 878
810.3704939834316 977.3241274674871 140
329.53114986498787 643.628684132616 744
939.7246726881953 671.0705650941735 310
416.7721833104239 431.4765545099013 815
129.64395044812093 688.5195165305541 619
934.9402577693235 156.7721107818979 905
268.41195566894885 296.7041712912426 887
922.1372123117897 817.5682453979268 53
382.40278069311773 971.3215975772312 731
995.9769092290584 526.6596998026085 280
707.2935952124026 460.0229067716126 319
167.67668883379017 327.5546026387777 467
917.3567461930394 772.8703754774643 885
178.6896429566299 327.58407402873934 855
391.6867859538472 584.4376192512362 250
943.8066753795465 710.03480260483 901
501.7338238061245 785.281040609234 56
42.246090622142354 99.25220007989344 378
833.2231036399792 482.5885970069298 991
632.556945578744 267.93706866274937 35
713.4328691938846 255.1767052652322 701
100.02138312662545 804.6357963049247 552
505.93298979749034 632.0990831151976 550
226.24744060397862 348.98906498136296 629
520.9260289606632 918.6063308094564 119
779.9997281514563 343.18888304948916 110
144.875093292118 761.7057465291923 190
808.7160172739475 131.67841817690828 446
339.79348010108356 143.55844664459582 158
380.74414940797516 189.57892758755068 2
263.3055551708495 311.7474232642441 696
172.53789171643942 464.95054104888067 254
21.352096523381768 891.6151881220812 534
257.6112761402033 10.59699318934082 556
53.79260154176957 700.7615381578164 606
880.6596917737528 981.4675729123716 234
256.05649268783094 570.0354586365079 569
839.5227920796359 655.1465821307833 351
270.2406930263298 4.7586934050370955 452
616.8269547145834 544.5486841502699 229
102.73821095079283 691.6721827879553 203
916.5703105490285 880.9981252827066 957
764.7502950596091 670.274590637863 359
609.6300196924072 650.8136854028461 749
312.20842411036034 460.7345435057768 314
847.4108806400188 927.7566340930769 256
503.68112594922775 471.73516761028424 277
911.0241853018315 878.700176511616 712
209.68448275603313 958.5653139913871 549
905.4600971327628 635.6397503387649 790
329.67278498400276 645.0451935161431 447
39.244897518204255 208.13968239200454 349
472.1245176440919 193.37928930064098 399
645.7096552943012 409.5136472703541 869
758.9538113919358 592.2923284109281 380
998.0225564931034 722.1128171565404 604
997.9602412730534 877.3259019569845 656
987.4876481265139 432.08783628847624 640
64.2662760124002 587.0857566219613 489
638.5689796652065 465.787026240708 657
440.23956242316945 48.23194420376253 332
787.6566461688611 948.2974427184207 542
35.23874009861483 429.73748693571656 925
332.08688150900065 782.9277456745687 772
207.70628390169298 546.6286696507797 523
228.88443374884326 230.35273561761238 501
985.5305842046658 26.59756032182925 22
681.6450756924951 724.3746013365981 728
693.395311569576 107.60561343813124 397
984.4681674863483 818.4784745697042 428
539.9383130132637 368.6871408561173 120
976.7468107934066 780.928732438395 759
777.3368911511055 306.3440123063208 156
817.2678987084548 992.2441455930501 713
377.047737454819 688.677752445304 878
591.6966785327678 88.32352150926226 166
998.6361702944687 891.4950560064518 852
7.578245635854408 567.4130327874146 105
92.71390385618727 533.4577705730514 765
861.6868468877416 180.154185464233 397
78.28499684343937 140.70160436098078 119
427.9735793088737 665.4163438985398 825
471.5928047451361 941.7719015986172 814
955.5477249266467 230.19596577840696 859
685.710561755077 477.764407686279 890
44.029630889994344 120.06298230333523 558
236.09011022681347 412.9886517263475 228
808.7917999659816 127.09580351120442 179
553.4403745770005 866.0517318918041 902
819.5155872258615 804.716693203559 211
830.9586158140587 661.0275221109806 647
737.5234787821779 444.00536996489757 567
597.7018429230275 429.97268346845965 180
288.2176649236684 593.0539943728195 520
2.680915864170852 907.4369735225088 256
722.9341212298832 407.5964574807821 191
577.115265210719 368.22781844517436 609
196.55412982799314 518.4678540645276 832
872.0936762933153 458.7569610406782 584
507.11369571634623 201.1657539017495 376
349.11948718635523 381.3680587697838 587
665.943019748185 649.5338700312067 903
730.292227210777 857.5963118265336 989
319.6153127046818 432.66900142730026 798
671.9205436091613 68.57310552453022 279
409.71118572844813 627.6204210638912 993
873.7610082837143 371.50609668549686 980
