365.59752678581305 148.11033269622186 902
430.73090325318555 461.78802067384385 628
990.4965444650798 277.8361938257922 388
933.8569180255824 835.3800106030081 19
492.9004372243835 197.04595844924776 926
326.6018670047408 612.4690325595179 602
560.0566621292785 85.56302634490831 95
507.69748353553604 35.512590387988595 472
647.1414208552009 122.64214351621749 366
55.36745038534796 849.4782167683471 710
436.62120658898465 114.37602731486929 444
909.4372243055712 336.16438007828054 424
438.2397525942563 906.8858118197016 989
73.38773720948377 631.34241857598 930
51.56389205102641 653.1934500438095 309
362.84134748689377 807.1038209679273 108
758.9374786552683 212.7991483134487 783
584.9811199996996 495.90656110275313 536
48.88691819981483 643.2029042934289 205
482.7719122070119 821.0032252580143 144
484.7760511516305 490.638899019017 147
831.9093072149294 481.8950332792138 302
881.9367678280736 503.7744962267172 542
372.4541848522569 906.405338731961 481
694.1290191627077 103.71993488886567 924
711.7782354753701 297.66489121803306 914
526.5840720941846 308.9914236571957 768
668.8122924258778 222.06117615033173 967
666.9770287298982 89.80429900825848 54
669.0718814337683 575.3814772376264 136
852.9557838237093 870.2881461159683 67
623.9339281226715 49.32949991868008 616
367.0761101741737 63.71545637909903 740
75.6515292445834 133.57822277165909 157
434.1007757013372 200.2775135312196 502
522.1078981655778 299.6925616341188 222
821.5812430786242 539.3265920815045 361
709.2703556305745 435.29330043392036 863
458.75671028826395 838.1809272298975 872
256.0268659090613 624.9493325102155 314
350.13230913262515 473.211820824357 963
308.15709966126 72.87599327455263 860
492.9670110286426 286.47275194519483 704
566.774466154636 373.79878885921823 249
257.6461127741231 293.5808062294396 637
550.4053279846394 119.1803357583664 705
442.0753720742545 650.9420807889117 427
497.69827680417967 185.08273411708865 359
462.9796779985601 141.13696811679833 503
919.2692383293872 971.1676803689609 54
864.9052717806362 162.19999784829065 491
425.7127393903354 298.9230938856823 587
974.489964888293 894.2091938033535 642
182.85653158589156 58.44266810633991 912
469.91323855476753 997.5650117513811 344
742.7578590229593 986.2213868168079 406
667.0144432091182 532.2894966785932 516
64.3297072059913 175.67005359308607 61
409.66441233738425 827.5402960126677 923
651.6042629322004 276.37360533149945 299
828.405247465665 833.1200665501835 964
167.77441470840327 948.8631256693302 526
535.2113301022843 239.02234227119536 975
557.3541013097184 696.0443436905837 448
951.8613281050121 625.6671904406339 595
264.81894495613955 137.69196879326284 396
945.1071761025014 538.1445752279938 51
357.23208964473594 847.2312530008833 264
402.1904741458628 157.0205116187401 937
512.784942945972 391.20883890386114 125
521.918480551077 634.3118897862634 28
46.248287788307366 23.391734262397602 631
711.7265454260715 489.0457928121392 687
6.282309475760806 290.5460498350746 348
114.39656382875152 659.5991244334842 458
837.0885605608597 353.3874039716376 917
37.78949177092172 133.70306987119685 375
933.9250846896973 824.2418003037955 972
381.9231892452425 313.286622340082 770
523.5049140733195 637.0820975819626 57
643.4942286168105 227.98927650142286 390
150.38155812968802 705.2797126719049 923
944.9792355877579 680.2145471195851 427
657.5866022605676 983.4164309766198 616
285.74061457132336 913.5854083359432 598
359.0386797208529 783.7329146671668 788
773.5093575029664 131.64938963158278 829
168.03662406912844 122.12292249490741 243
994.3569510475279 507.49460660096713 286
242.76896152529403 821.3984685078441 784
36.86219853817918 444.42133459010245 204
757.2392554388691 83.02544083469022 720
240.71761814881853 626.0725345475213 308
605.3106471244135 619.04490436914 408
891.5753909254429 509.10210991006664 491
327.25018378572577 549.3307396052954 522
208.68669836774944 18.364204199590283 487
219.37387201405423 206.9997875090164 75
991.3876860991537 922.0905092623265 277
71.91479617334006 204.5628921450713 234
565.820072215282 886.1019360404871 246
308.7716603809968 363.4669849321287 90
380.90440788151926 838.3793162222531 390
888.5344206761173 665.1957729411804 20
977.0372984160006 711.4403884062126 855
908.2958422655474 976.7396988335914 227
894.99031826705 492.60595188974656 927
298.3708265970525 859.6733681166802 410
932.7300012970368 450.7939547339228 80
146.85932166081105 45.839340144208094 883
383.29562317060896 195.150760021359 133
363.1587299097084 116.6694173149766 556
598.5891363827 864.2943358988565 41
382.02496068404304 177.09365801623932 623
759.326750736451 611.7979893599569 975
788.685443827358 681.9375887654816 436
925.7450391104253 691.3670004877496 927
892.4176051061398 668.682597707647 163
640.0781986657652 581.8478250722321 927
465.54951520732135 422.0368820755095 44
871.9115258665972 459.24188935268575 118
177.56405569532353 786.2564221761658 517
78.3524926413135 930.2951541091564 645
180.42108163849525 190.98658339667972 519
840.0079046997164 444.5016706463314 60
552.7874416237144 948.9314882605371 146
673.8377740135377 584.8753786870878 83
286.2483229470839 408.81057407656107 800
952.9052991248283 398.7770767054363 215
536.3894602934644 486.0380385407727 608
928.3566324030947 119.4983394070238 992
579.777176982518 186.64521932509993 816
887.0525173501717 397.045503716694 928
708.9891939053892 313.9523631405751 203
116.17474370383319 922.4238305802734 172
592.6735953615675 462.4061121062069 951
201.35942798214157 85.50822945066727 497
508.7054991857627 95.57385019659593 568
939.4620889525193 469.79862210819624 582
995.930444227072 696.620773516939 932
888.5587652047498 232.70170267684998 811
964.2900656159768 556.7274880798193 677
522.6756931436172 886.125844986148 717
237.9176149443284 335.5881809875887 824
653.5309881172514 250.30695829231885 265
544.089969879628 418.1805385270252 397
110.63967326968427 106.07425329045361 391
707.6590352717238 873.2902136843945 390
517.2367690742861 338.5341020013296 578
992.409831978005 500.72290105419404 885
627.2718068822433 103.29085262146276 98
692.9317504522161 220.650804157571 520
737.7801240185115 706.7075780947903 599
655.5230131581498 4.989833077565287 107
22.51590263647718 247.30587045618003 752
366.08301178808875 114.9290281678711 318
682.5380057023838 141.51794589947175 816
467.03713912601864 481.7072336131045 788
651.7546241278726 593.5431877946208 234
891.4421861110544 586.834087403043 206
28.072017144019302 882.2670521140511 463
912.6736337410229 361.30075299105914 789
330.92259665914713 148.7459649368037 276
821.5295313127272 709.8879910603898 824
779.3045683626908 474.76025583893 552
102.52528440226727 777.9648498516498 110
868.1171376175573 287.67592847490795 329
976.8236456916021 990.639411278534 656
160.06336247001929 422.32964842395813 331
374.1187519673913 933.1729116766984 11
972.4708361504373 21.51462866992715 947
993.9886807074982 998.8211563624592 401
496.2617517539035 67.42572808673086 363
401.16467598443506 962.6571948520974 375
997.685055192914 149.5623516687812 70
905.672813005094 617.5399682337293 103
574.3881435603862 791.6767567707062 998
494.83831651807543 389.19870870379725 38
806.1594529965639 823.5090009804769 775
623.9581888666869 284.6003339977452 141
782.198969454553 151.76560221624115 771
637.8430582487829 869.0629121400691 579
798.5820060683077 383.2813889271505 409
137.60801773919638 314.44635958022474 164
928.1881484221734 91.32614680428442 624
842.2768065143546 800.9576798842443 866
456.6874703447202 836.5901245748919 958
585.0195318874078 700.3925881748504 363
260.08725531855725 958.9345313582766 423
86.4627918821822 888.271238175535 470
745.3408789925415 174.3558970061253 311
500.0040370834332 921.4180927754403 144
967.8492067135123 62.409352163130706 912
884.8588868250774 280.5704726194173 492
226.7966994630165 499.485171332795 604
441.69743458197144 766.1467980507927 429
415.8387174982011 775.0258699653014 437
799.3257235685462 780.2955912046453 621
938.1057046138604 837.4670652718976 620
591.8312638688149 468.8508865631028 371
517.1804847327103 75.71526086008684 81
626.9382354614563 909.4994739529362 58
169.599794338546 537.2036742941634 50
381.04464050563126 37.1386973223784 731
580.3113380719265 600.5741405441703 336
298.57452311975527 15.816206995629578 752
737.2368514464932 74.98372899055028 921
932.287938556838 428.4332740568326 939
164.36616033374463 418.43002298636543 854
163.92298783813064 824.8095575674915 456
272.94526404973163 963.2816173142114 805
870.9398147420934 593.7826466941777 965
350.38954342892646 464.0691596175524 257
414.1830514762679 941.1644695455823 4
536.2594164853202 655.7232223210216 810
973.2986742225394 778.6939073848412 617
164.32075429620485 357.7801029712722 333
636.3900968997463 30.13108248102747 742
287.50825221440755 743.2072093201226 608
711.0651334986804 386.28291511762325 899
111.57199411010244 480.0362457748348 433
285.6050140691074 277.972854528987 139
605.1994143819682 709.2032613360964 652
270.11056777631546 793.0043872908053 757
740.341280309851 498.30538321520544 299
762.8411373277236 911.2436372819739 63
283.20943344826554 420.417601725506 388
950.2870723606422 349.9500119913582 240
913.8633411505639 890.3223050112675 149
895.8149835153307 894.4550383148471 215
663.8763709992777 777.1442447933317 972
22.15942423707562 989.110587660055 525
248.21456454696457 9.346746107032565 970
541.8097731753843 300.91002601623484 80
433.8146535537641 229.94416857112486 839
92.98814128320187 38.80061650488076 430
483.0169517328603 549.5531206450204 962
657.6250411786062 694.1880964231447 185
215.84335555647306 776.4429441121591 633
188.2236650879715 858.9327309513413 223
551.1208713279859 849.3029874178945 718
225.76279130768805 617.6804729192232 968
561.614866746253 559.9788272729257 999
655.4277573213681 502.1011902702749 248
618.8058911236366 164.04614926926874 901
822.2533701839653 319.8324756137907 555
730.9957002845855 69.80906582889467 293
109.7517265188097 816.6791250704695 869
777.0586975575937 794.7041772893427 919
483.0601014350281 405.9195897196507 223
172.1041727825584 853.2064530206096 111
441.66646582435067 138.70089891316428 57
401.4396548873066 266.1247707538034 872
885.7798824040678 595.7164034102736 702
395.5747402564189 482.1431722501287 104
742.9770323601593 496.71043737663666 855
67.53169799790393 318.71055468121 35
743.0802539932262 668.0927590351237 502
407.5737569203537 168.69940246726202 293
218.87741196909516 966.0132333476073 714
863.9623614350007 153.306425285336 978
68.76062937913885 737.8807294498715 460
353.82318078459474 764.2790966956491 907
540.6227555452732 80.53842053948279 878
438.5138546992362 332.13256461747244 557
517.7159789386416 383.8687253380868 256
320.2067133952406 178.4980856730789 141
481.38758562663173 645.3986677293836 369
459.8678570928886 126.02800312811324 604
214.0009780411426 303.7772155405764 570
728.9847483163155 605.4925361130263 356
372.50824547372173 528.203567102169 53
779.4937110081439 122.29061522693907 111
515.5943385242693 955.6332246254811 879
311.2901506712954 768.5944756336476 21
958.911122590633 492.8004837214932 560
248.6372558757486 517.5437807080517 595
727.9600112576138 26.929944471005605 890
99.04293577769508 707.0562427812818 380
149.1409861989843 700.1458720031936 844
248.57355941918757 146.30369028550393 624
665.8579775892945 491.2465350822216 767
410.93642215731666 219.15885540394063 496
610.7403847067033 445.9353975257918 449
166.70105815058068 918.4289769055249 326
326.6879323058151 675.2185410442104 89
993.1474764366167 986.406569421719 97
494.08696592910184 121.34779613174274 823
30.804418082396534 108.50997248143057 585
815.5838975875735 160.98992298098068 355
377.3145138046652 939.4039016494046 811
528.8097607554753 54.81079044379244 553
239.91978828756277 88.85956939298656 412
84.0449518904356 441.09102759468334 635
391.1948347603757 260.1013383247166 882
500.8612408222971 565.7440297791694 876
874.6906324467417 119.47801837408711 137
619.3882357184999 270.84657354899986 112
624.7022013178635 937.7801264910087 467
561.8740611931922 369.00750626331234 817
339.5120932682154 921.6528710423579 114
914.415410879729 329.25249796008114 1000
567.8640356643061 716.0454859430711 382
250.0064434694178 175.56212725428134 554
498.77547632483044 951.4810045958119 947
336.1446291050144 468.18000091150856 807
724.9935064359541 510.6291586810554 221
334.01489429589446 100.698888810135 569
583.5158670411529 169.8326407378532 539
554.2792932504046 626.0053484881897 938
140.8282461932804 336.09133471464736 178
154.2063612302118 134.12939540295955 659
620.0978798198271 61.92477714301425 364
313.42451227798705 469.21541909563956 978
556.8492340638534 805.0912551833329 120
938.1159222910856 124.97243636445987 377
842.4360504509835 516.9962083745576 828
549.7351608875331 109.42209774639944 419
58.54017388970234 383.42807382861423 170
591.3747573817727 318.33362897772867 426
236.59793964563636 423.3021270998556 267
362.71829751612694 982.9621034984334 162
109.7677087414497 93.29943521067929 750
964.1721418427951 800.3472554543071 111
805.5419644382102 931.2679823869654 760
728.0037175309146 904.4186475674082 367
673.1079768123149 801.7190024167985 123
306.86433782822564 892.0375148870738 483
106.99814258541463 547.9723648975765 20
130.19038514614445 962.6707580025521 336
30.18390060843967 548.2848974379339 843
688.2620305391504 538.2027519869315 694
9.820925202735808 171.53903707397845 733
814.4730258027587 967.7423176761913 645
289.95277854516064 162.39518885438585 682
606.321004131836 657.4263131438573 181
750.4880190509941 372.9556395922377 830
355.46558536031534 348.2423964859376 160
480.533331981113 496.95097599683845 381
976.8315936660681 475.7087645338736 437
89.2817311390569 589.0015657120792 738
353.5336908299269 299.96039733236023 365
986.8879578992799 415.59971045043966 333
706.2879022665144 683.0741218217906 103
240.23076436153846 321.970634569835 345
693.047748872938 244.9179901085291 633
525.9356464711495 83.7322579439046 510
386.02227298623706 923.8080495185359 934
871.2156268220481 575.7934220219647 509
932.4207313896135 608.7590880922667 166
13.46271390576048 497.1654438045563 577
457.46392708462434 723.7632512603124 76
473.4083144848622 571.3622779200396 306
327.1146940842391 434.89624664044004 849
627.1433194889084 815.988875747036 394
512.2795296523758 153.15252978633043 705
626.9525072944721 345.1379293742954 372
785.8625750823093 823.4779111610964 816
497.98797387229155 546.359825797464 602
841.7263687594157 442.4328004249375 701
657.0491888773091 562.3615534424054 655
28.829981189809395 836.4586391544851 178
312.2352136421053 812.8145906776897 54
12.963043910999229 795.4274841988953 635
620.0687420916137 930.4748233338298 463
792.7854050356658 628.9901055971937 763
770.6776917612546 639.5765069137789 276
937.7562738947843 83.47773000555325 632
673.5281300160738 988.8125002097088 749
982.3088151155214 860.4050964480078 699
375.76691510467566 528.5298177709416 220
763.9810045465792 194.56028500464683 57
811.0013185833909 592.4281458250234 3
150.14521404126867 908.3463159593173 836
448.0028431995995 812.8335831333517 931
421.3215595443607 690.5628684368248 53
833.7963032607782 877.0293421694889 485
152.0196369744077 300.67242967461516 503
313.24221217816216 439.6092661357859 819
477.93071914344085 881.5645374285757 742
469.2641403115516 38.920632118347065 720
211.40385868794155 519.7731469119717 273
998.9676420993987 643.8296564165327 746
854.7112121741584 651.6491630402962 220
296.16971463749087 946.7564177039333 793
66.80297544032221 68.66017344668518 792
453.74023410439645 862.7844343205682 319
147.99897697935492 557.2524793369589 631
110.40124869078439 734.7384678632745 875
449.21292119438874 299.1225469647848 412
377.4740206023433 22.2897265437223 497
486.32396378764963 793.663602494207 252
866.313850489528 666.2374128325907 943
419.7957873970177 349.5583953857408 121
381.06679834536925 729.2351680785615 811
207.0081860859645 607.3472064571672 937
309.23664324430445 530.8581881615476 391
700.0929121678367 817.7049317600993 536
156.22372244873995 125.24870814940769 962
999.2783248452639 451.49062517620786 961
381.18468216258736 280.88442859593164 500
518.4147212748306 719.012711223604 105
739.0710764610151 440.1423988321499 738
612.5811676582381 101.26827298833774 163
904.5296747502293 661.2806070433494 600
602.704504285676 151.93554720382562 524
287.67274591336735 681.1970027626448 29
234.26675453935343 49.07611239547305 265
481.1010238756942 908.2071097469886 159
266.97552413601466 583.6258322795109 347
586.249577574642 562.977168157813 769
803.1196547847788 175.8041489687332 18
404.53539009711017 932.1759571347162 954
446.37644759341146 421.34376731302734 53
28.754243080711728 905.7407168852961 656
711.4152406803875 572.8759421128947 528
268.4990929678188 903.0823894420272 392
516.95393010853 7.4793160047160745 129
27.125757975660303 797.3716247956687 879
223.34987193286238 666.5734656254775 852
912.8304254671941 883.229640814663 132
962.9379413304744 639.7784691959519 129
208.25219255241723 37.765794198658334 791
18.897615179738757 883.8097277205787 21
419.41238444355355 219.99836439354505 821
317.1695838935338 891.880850211545 478
160.62786547933771 752.8243893183883 124
625.8367844221082 302.28615400941084 724
686.999002808657 691.417262742017 54
445.96307222729314 494.04054221531214 795
173.57536193482582 2.8732817412276956 507
611.232355662156 436.2137364845614 634
11.45451767861083 702.2421358501966 47
141.97669878899077 25.89165786502601 946
56.900389978399524 547.8559573625757 420
710.3932352101616 511.56026310401484 447
519.4435802996661 526.036835384177 181
274.2220264297185 684.9623518018478 161
129.85428632490738 590.9450401349562 243
25.668604481720703 614.3384732242979 286
33.12849508601556 570.3746439191019 143
383.8819917987767 517.5029536847981 882
965.6293637204237 166.1901333015594 143
161.15731237694587 490.69594347905013 936
602.5510733455773 289.84709475777703 210
619.295357302887 203.04384722543233 653
949.2619665070033 737.1930382861526 639
13.530983074222402 745.5774157195286 911
569.9717548601559 116.6101184514784 856
699.8591940058619 327.74629092897567 931
968.6431914954603 91.67998366684982 552
935.8659824271626 274.67634409867026 297
449.504318675087 948.8777472839051 552
454.3401781541461 834.6272184525701 558
186.2092481181765 414.61562979521716 339
928.8078762583202 776.8832114371803 23
979.4177840890915 171.6406211788515 399
451.3737822670836 391.1386160933057 898
774.1870765424325 465.4921770718358 523
319.7473422431623 453.7330277841897 97
461.35317225261207 470.36545577860676 39
527.121981597851 733.8887751741237 689
575.756299519926 919.0345910354877 196
680.9368709977633 569.5819218462228 592
857.142008730971 173.61062002185167 570
475.68815306665925 817.3217366557469 94
884.0932861209735 978.2627017930868 740
594.3289925461471 734.7720600791814 664
175.67059611773718 914.5415235446527 424
423.87942968901115 482.6300822454937 621
58.04380017059818 588.2667691356565 303
981.2161425266966 947.8998106531268 208
968.4150765869491 718.0738260487364 601
377.3410554304522 810.9413798941906 105
10.625208881764214 869.0093248551143 445
367.8528914253101 451.2415874296318 64
256.2824508957483 63.45817399925202 478
131.35930184023238 495.58048655936915 206
535.7753960438555 464.08670574598244 212
282.420853076506 835.3708905448748 478
50.67706876435174 869.8604353377534 433
372.41550915193324 282.0650317148007 640
440.76542131612496 632.782564958538 427
994.3508337744231 781.3609544248591 561
507.8289197424657 696.1185554682346 880
179.12661309781808 85.3003822409355 384
94.76793923281157 996.8250589135216 573
625.5066566560205 865.2076133512991 849
667.1913094634094 956.5928027579042 815
759.8827762362909 191.22098973476187 77
558.3068972063434 691.594728259482 629
550.4594240094893 549.2590096030663 379
489.323667867309 169.16538585657793 631
62.52426249835119 727.5339227839476 429
156.06965767518443 246.41167545280672 998
139.42609810454587 837.2196467828882 413
168.4796213608436 679.0605352270869 488
89.92854406131157 158.34601800932035 485
771.2465482358126 305.7763922993583 484
750.7006250781163 168.75186331313918 438
908.187058769249 490.9672559757006 690
393.5177219087521 742.2471875831427 16
398.66831995521034 502.4703032621094 318
968.2695217220019 833.7801400479747 241
83.15931502443009 302.12716930677806 401
52.141648758317395 976.4077029969726 137
992.306362681288 723.0624671865016 866
782.6166500304543 363.1200909332768 30
74.43848910278706 784.2721376896084 235
303.8382577928457 284.3169561398768 141
85.62050846870129 438.2358817455442 732
987.4910386065219 856.0802483223689 359
199.24265728898126 723.4354673755842 278
198.08240513218166 452.3960996802179 390
43.708265470682406 738.3298499098951 897
436.60601664063415 643.780727309743 66
316.83927782398024 140.58822529061445 154
845.0814014758471 200.75754110828137 613
578.5160181949369 333.0714340421305 260
151.10039597352775 478.00539880017624 545
116.18273423962833 303.8495898941197 419
531.5852964404103 309.33293744576673 765
765.7132606433573 205.86748312672242 176
842.67167696785 605.347523545694 87
545.8155656700783 702.6308610481863 992
560.6482782664043 480.6449163974832 897
914.2209996642752 723.5691109777308 644
247.94927270205324 363.7934926277091 361
473.6877824997495 978.6154055138452 347
27.553473944784912 887.1075925493843 773
250.81232828881173 414.36441545540015 732
603.5701006262644 784.0654420101804 885
366.62197176701414 364.9288165951023 269
82.0809278457728 246.0977818114911 958
475.3409164632201 746.4096017407586 234
423.65729206963056 91.14017493581473 748
894.3014977921503 106.02766526985397 818
758.5620174976718 685.2004314450137 160
328.1720607667521 245.6491691141537 35
692.4167601029386 705.1768300119273 398
806.6207618308406 686.3845744433421 663
64.57753656670229 796.5165174409693 588
797.0959645321212 582.9046320567918 862
605.6508895880708 89.6455156088225 488
979.0792380978105 876.0187512399581 181
802.5546942292054 774.7338893283555 987
933.9987925699826 544.1246346881547 110
838.5303357465791 657.1272174085705 51
445.79204663565054 811.7633716653982 645
549.2721324976663 164.79049758825647 344
650.6363769574126 817.7701318343691 596
17.334616800945835 216.4314521341839 240
500.46668899837124 260.4554116763554 338
471.6272720013547 158.53726233436416 865
792.2675528371406 557.201368173161 973
373.6162716853801 600.8751994184728 642
417.18309140373367 959.1786134470378 60
400.9494767835471 668.108160768879 714
617.3329165168992 375.3473980797719 598
764.3460277815838 545.3255785874333 383
543.7260373983062 630.9992829371048 669
433.0718974928861 494.7050854741769 267
391.4779610093675 306.81604393396475 121
812.7696827977413 824.8284056301172 976
616.0519023682588 350.7390387300845 627
222.04576587678227 841.8250731659518 483
890.2256967901834 686.0573669203211 769
732.3134011634002 663.0619339329874 582
411.3743606926108 404.76579539044013 469
210.73000561003397 876.8216943340892 801
778.8669725455568 321.5603102826966 235
888.3961744113853 546.6773375036346 528
140.9091635603442 353.77130455941 271
401.68740314471484 602.2825821858589 447
179.64079561856883 151.75106363904257 930
237.8267553024719 991.4023105321347 682
769.8163218859162 805.120861625352 627
737.4093484644827 494.2912518798911 528
499.3268242405724 323.29120661128195 731
941.8015458345969 327.6404405828308 488
279.9049954726416 617.4782704905173 799
115.37305897752836 350.23613674824094 30
979.3482677823231 638.4039786460158 432
521.2282137760685 600.444962324281 486
825.1792162391516 14.312417522325816 837
191.64098312804867 740.02708869893 43
51.81410270145237 951.0790038865125 569
450.4352194485281 431.0019041560461 952
414.60379647354586 97.58103195834377 877
150.74688937651015 427.4330575908473 740
459.08471992065313 573.9395185847121 231
320.9134019345274 412.0156573865833 867
737.0927691739284 76.83724894019883 233
972.4339642381253 450.7003117582252 928
440.5229653289956 65.90008561446126 880
562.1409009690652 34.44210862472319 770
65.11154434136846 324.8711557534144 59
164.7194328607646 31.289634011334222 757
671.6967832198637 237.22134056504441 854
556.7448891814962 62.32098236323147 241
30.724021253579426 566.2205836169046 809
783.1789493442186 77.22628314804992 552
670.4148646038338 743.1031064670335 730
8.066519984653242 368.71966792853607 14
659.1634349278285 878.8513268112034 32
836.3566687885445 978.7225360901047 561
109.78934335818435 870.7890335066631 305
839.0171727894362 76.75313976408438 191
917.7877386929714 370.37475659010755 692
940.4034166438868 263.1845211624472 926
381.7383450976902 165.99254918354723 655
730.9593609124371 440.1137203843876 983
730.3937451102711 787.3454186928117 623
841.8877190097093 509.3749090801762 661
384.54363348821306 339.8465041221268 409
937.2195657398877 363.46175297471973 320
252.23759683948234 294.8805652571421 408
22.16224310683723 212.83484843510792 321
542.5385727191743 573.1352738086096 268
919.8591155170807 78.25900053032586 521
333.88618461520167 646.2056718919495 4
781.4550511470383 723.8780221495533 232
588.3816977066728 410.32153934844126 398
393.0581597539795 899.4500571505458 431
619.1048316633529 892.3056469994463 289
123.74982504925325 335.49838272359267 739
735.3167218542849 604.7567491474523 644
609.4511963156813 46.708112644267445 880
726.5856598303998 717.1795247722895 388
254.43122896477354 241.25071095201977 248
820.7731391839151 997.363255872796 206
730.905719977429 671.656349499105 352
272.9141055050978 615.2996387864509 889
88.7723332933823 815.0235758031274 794
639.0687819445301 841.9107373680156 108
354.5924370048908 434.55288486993703 714
317.241970319736 431.1602768620363 911
290.51401679393854 96.40002208024 196
857.1308039982238 848.4966340780757 108
285.87671514930537 500.2901810406736 16
354.4624390462768 33.67902052152638 999
69.62564608682386 750.7363103179098 840
11.212610670681688 365.26527694676804 901
212.5877631316354 184.2390497913201 347
210.23003991173005 204.4406079998945 836
531.7367914779327 727.0546370595004 23
59.44739921093212 281.5520911731516 406
954.0890497580274 797.5913209918851 243
263.71787181470273 644.7299464929695 53
62.60074112280212 671.8425376827889 996
33.73933135162821 541.8385318149443 590
258.5627827447943 485.56137578470583 852
895.9871694465124 332.88723032634715 550
171.45847424416183 5.332051920586389 335
291.694899309784 662.7105214220267 709
937.0662446866639 766.7259052834103 325
36.50999201632899 602.2321848573296 167
180.89791557806612 860.6755285984582 697
540.9783188508102 215.0982582650075 314
610.6262376957746 984.4596873451432 894
60.135768658517776 529.6407301294532 163
483.67996307239105 114.12716941555622 400
364.72377854781865 935.4329337611973 910
365.77098818871843 939.2178106885214 396
587.6257541761092 143.823384948525 950
473.1174237194434 506.0249724849599 450
297.87526837555475 297.4870984346762 281
483.33218121924494 880.3641729728721 644
931.5028333561039 699.2125444235417 338
440.8074505818432 584.7141752344827 827
152.40623298863966 400.07859372619833 867
172.3896715083666 751.3752463798227 741
697.1582235513634 861.9736863747079 205
329.48293891905456 406.1270952692293 479
171.02627725069885 400.03989218104283 449
665.9474292412186 331.8252758224641 242
125.44736997754713 489.8243947038079 931
181.85999107835627 555.8717192615168 518
95.60239443985219 744.9399827408861 614
947.379076766625 880.2381236165648 245
905.1050354315983 211.84791203411345 523
528.2728392662683 367.5920054224492 273
211.1357533275997 262.03727569764936 162
156.78821961733235 783.5492876573363 717
258.71793195709336 500.85298667881506 102
67.24239485183348 157.87349313234856 523
789.678709219153 743.4674574464484 893
968.764471035964 237.79364280422976 241
341.8681505781353 817.152669301806 651
204.67493757644073 297.39786280489136 821
791.5728805449572 285.14976746625706 709
109.51496353975432 365.1801630523495 126
93.06992163062633 928.5591499213447 144
133.2175902426299 919.3571590469012 75
542.1202744673844 532.3677111647689 21
88.14281125557343 100.61811681321842 43
398.354328190607 363.1457503436999 847
148.11415074120836 912.3331805910989 967
358.3849207964953 386.60203562403825 835
634.5695536332829 937.8363334760799 587
65.5901398272769 309.6014308910289 394
230.7154710122461 742.2163234079154 127
753.0073071186873 727.8631765974018 967
750.9796286213507 244.64192949305718 431
460.04199976256746 236.56383399091885 960
186.90868132266093 667.0300882157244 154
105.94992434202322 806.1412158909326 934
791.3588240480282 327.34090615911884 3
850.8028978745742 146.36266468382576 188
848.0237731039734 132.85737278340548 849
603.1559718469712 768.0367983097002 692
890.2120784591905 326.23797743363934 594
926.81381367185 964.9353193787481 570
913.1798250891356 804.2202647758193 795
848.3018870235405 545.1746255009011 78
578.5611024400228 361.41727683463876 492
686.0432166179413 715.6082092486762 137
541.0522981905559 291.0078627522035 986
116.60817000561607 615.545541469431 842
508.5536155414824 965.8653636629888 517
681.518171028217 692.1981313857921 858
214.94400885569476 879.1078087002294 908
831.7553077170032 426.4154234503418 218
589.5173230544599 13.355247639812662 876
437.573988168661 78.91051527917593 465
20.55018224140559 771.7149526198871 25
327.1522388759369 261.70593124399835 709
951.0508114836875 809.7763430773599 959
420.0061277847154 346.15760831495027 991
611.2842019157705 432.9357206315744 421
207.45842020566542 721.2327150345726 564
175.34905603332584 761.571473688103 677
140.16690555267974 733.3716064590616 486
48.13309295727075 165.74391145717902 759
563.107975111638 763.2136606215092 164
894.0032422170033 278.2444732302781 344
519.6694810023128 532.7389407673598 157
263.15613337532153 636.1801812514319 984
707.5623179975021 521.7275569035403 104
885.2067176780996 195.23646845513676 467
621.2932347470332 799.8299625536288 271
357.9773632977207 157.54902666781823 890
616.780018920021 433.09844777411286 122
539.0691549181078 627.9763020015325 368
617.0434115242508 545.9259894733432 782
88.40064629625266 528.6836900458502 584
766.8940959858755 753.9695183622172 516
779.3117458080952 45.302093302243776 16
47.9117324518632 989.8940008645558 256
54.915449860371226 916.723019458151 944
788.4616697772499 80.57711608440654 128
588.0549686370435 958.0137748631261 667
561.7194492448031 263.7830746005053 437
676.0474216845527 687.3459926951539 612
641.9774657962515 427.1910231183266 287
766.8149749198383 893.5999910950187 294
128.7371928663429 775.6321961521038 436
993.2783582392834 861.3450024206935 68
572.0417109962347 716.7238763069763 118
316.38080305118865 640.3531340324674 150
535.9180468951033 167.53446865020305 260
183.87372029687455 13.228390043406367 181
601.8054028844589 73.12024354316115 793
199.69350445011514 353.08472566976366 489
598.3804624123821 278.56624482417726 68
783.4348892951448 183.97317012540714 184
578.0403921598461 854.0785955882187 802
689.2111259044065 691.0759318270062 538
899.2289102614718 196.72808330706525 422
308.7902949464229 783.4642605779651 315
790.3319079085649 786.7853346252529 697
250.71161247538043 977.7739382217461 74
452.76031523337747 205.2080601864662 30
779.4875639991826 745.9234648988888 831
673.9896199258279 245.31848550571235 274
133.29118042063848 945.6491117627187 941
876.4662156902459 213.12181576533985 33
514.0334334918989 230.05913431914436 769
998.6842801480185 126.54914264607264 771
217.75244339077048 362.06536197427386 828
727.6957628748362 386.7055594055131 182
396.94129588922266 550.5482837796567 743
933.8493523934893 736.6860741129304 891
59.290151674929014 204.84254317102167 281
434.6610200357419 878.7401978561745 909
262.11160145727683 108.16305929792614 364
363.6182611150366 269.3590282113312 113
794.2988723140728 31.893016617799084 598
805.8810151343916 914.2370479721029 699
234.66102739396777 883.0459661708261 95
116.77046340107744 689.5285853379502 461
489.92881470062986 926.5057530061938 381
911.2791288262371 246.6950015162538 315
824.6853168382019 397.215746299695 907
341.94007820424775 926.6094051323703 886
741.4205358658002 929.4001553424138 966
676.6966384507903 686.1533574699658 608
625.1109933313927 151.2918861153657 656
244.1944066635524 496.373610826517 610
531.3031542184449 260.87996347865163 310
211.16763766392788 560.9512376788216 826
938.0398287704041 610.3149664493086 311
931.979600456205 660.2621450676078 59
380.4964435103333 656.6916193429415 928
123.88487754341459 383.98392664245983 644
33.72218973918817 512.4026857874621 330
692.250282137258 539.8244351975995 918
364.90896785680184 888.6227717457978 128
236.20806625249125 992.1049370094772 351
510.6740438759333 692.3577496943215 698
285.5198081136907 812.1702913068184 742
300.4718885457177 423.678269459953 116
207.90300730126287 712.3476561152694 135
532.4472325888194 581.8227608607205 979
649.2910985775171 538.967997763829 181
559.7499669970819 590.9415713602316 464
277.9174581739805 469.4031944002377 236
436.28008017124307 336.0057714904491 180
829.0259787015848 642.3531047131574 446
578.1196102918922 459.10913996343015 801
184.06970232063424 85.80175777192245 681
920.3566594223626 180.24349890886603 846
276.2005379832696 965.7864952189957 989
529.6746781084099 636.1192819258204 642
259.05358465417027 317.4932120589604 273
209.07122541917067 297.31995363736416 91
674.9005326894746 375.58198607550196 732
343.54738936684214 405.69932538593787 597
905.2629180712156 551.5867880053229 85
862.8348134552364 690.8705447076806 132
223.05168794770037 149.41692602553502 967
999.3933309413342 53.92261218631988 52
624.9333639585105 93.8729987636463 174
623.7448909757818 247.9870051867139 319
440.44150512008986 585.93634868495 947
822.3381137289771 871.8114350918237 730
949.5951271921899 133.59610873364915 360
290.1195482093205 950.1908937341116 158
471.56044791043314 883.1731995351552 103
321.8985561407718 464.9102985465926 88
501.38267118152334 917.7689409510718 120
397.1317000469143 78.41355863813115 699
660.4887575349234 723.7683386276075 899
347.98017802555745 765.3261794412057 465
323.05076802294775 332.5148445904623 207
43.79165409263952 18.18313818884487 184
823.4108644651293 124.26863392195897 764
686.1494826262533 49.86611127833373 291
584.7199458537705 343.7014092826307 327
68.25933099219827 120.19428679421596 19
141.23053963744937 49.91339546809925 503
471.06508216625167 939.517107724698 679
298.4564358518858 813.495151828211 931
877.5442217312973 921.6968562922879 790
468.9555595954445 35.88586834240937 211
16.621172303458167 333.2679127754753 702
165.7214107345395 489.9099538350495 357
861.7513884547886 777.7508870508459 597
885.3672565228005 989.7389571143084 229
447.76006708715175 329.11136096441464 302
860.855356283685 661.4337730222547 572
6.289406139762366 717.3323921824411 827
494.2775579467067 142.80080140743334 751
227.01024014104632 944.9516375108888 45
153.53563287889983 455.8899630216874 123
206.68072692832195 17.27487493496127 766
524.6923066195371 646.1320691816155 192
419.6222041401908 322.4839020623478 200
462.159813305433 631.2283560127147 626
840.9829785397566 484.82923263904576 30
148.6741950367444 583.4137544563151 606
117.98393024513653 405.2983576962658 397
595.6958311654379 204.50512211294603 290
333.7191792777039 430.9416610788952 197
820.3548479012143 751.6442153446128 298
527.693779215907 285.0407185998065 689
882.6312988377363 999.9420913618869 444
77.95626545405321 602.5619389538363 424
659.8716628597225 559.814304511816 160
308.5857741286202 498.80270805005944 849
379.4024511039943 351.1654815008085 798
114.06697562231439 480.4586943867328 591
327.8202983392431 278.175102603725 903
294.63666054446634 883.5323010953135 661
467.40765965088127 429.51478391526024 586
95.49981957778064 985.8458945675674 226
240.24803787003947 709.1910440491912 560
202.94601237857367 191.2066337236914 459
224.77379442502098 33.87649236468515 486
382.92512369662654 978.3441950605625 158
766.1220967045801 733.4942061594568 847
368.71711823087196 724.9360337326488 925
810.4847197463428 172.59159412694157 237
790.6651973407317 531.4135414670196 15
845.1821853783914 743.1076580296819 252
223.82244989323485 812.5985686190087 439
8.70948840963881 550.4798232388924 844
375.22933812528726 768.3474048518198 351
996.9509224302141 534.5867443543453 854
896.7661820816677 40.30075841361469 783
964.8657260524715 213.69780953822593 404
967.5193717106628 190.64005117424654 90
113.30201534058581 775.9794889522451 200
753.6652108964738 28.62386730041433 254
418.51613650171635 842.232837496011 261
790.9531180998773 902.066600167711 713
567.1573999685877 885.1470759982006 981
859.086612127315 264.43166973901265 996
699.6231102605047 247.22803305569317 868
846.6639645521486 204.0722057239813 760
46.28016891172593 305.2020451495283 801
798.7269825938157 655.0455384463929 350
766.6214394380972 842.2127696367561 92
318.63573451670493 338.1961700809591 504
754.0454721572436 735.7955188764744 193
527.3184309957587 713.6472068995263 28
510.0085705372758 378.35656169100673 33
49.70414940663592 82.40781930708852 4
757.7050231958352 192.26958607584498 954
919.1949816920531 226.03346834140015 951
608.1937703911651 896.8190569509417 527
325.94319296726724 157.96994075496818 456
708.1956687127895 783.8219486640398 897
590.7038401378156 229.6801233921234 512
194.6502588169252 769.713701886981 449
889.6932488774809 322.5568750404524 261
483.6749787863508 258.02149536078923 625
940.6853843122968 340.32088459491405 127
567.9291937870913 555.482977759075 591
316.52219407359974 530.1948767004868 510
171.884045320297 495.14453453876484 637
215.18427870959468 713.7419149698335 846
738.994073956514 881.384737500081 900
105.75382774575081 546.4925371894577 963
210.46207308186948 188.44393238165281 438
600.2275508125265 599.0102597093233 38
218.17218083529022 80.25383536739884 100
371.5999056146501 937.9587299501856 551
430.5259990644408 376.93948266702813 107
207.96410539817035 816.2182462418053 541
506.2434102834029 734.4703749405061 655
923.9989481317822 246.74035371321145 706
994.9055889749585 184.69057965057223 695
372.91707487139035 755.3761896194146 987
722.8392582153471 297.31381676354863 305
622.1211162215021 542.7049428347841 408
989.240528007052 4.741364807869797 590
270.15273689437834 336.308453150452 165
731.7969813306739 372.62728212423815 35
815.13092299156 80.60571445903165 30
285.5916186300473 39.02339224825124 983
181.8548170160851 499.5829075912356 604
855.7657497032598 303.74156765671864 848
462.6157617969753 242.5103136156308 396
549.224052814682 175.05541225795406 934
536.4219043157121 399.96140967867075 388
321.0231447407398 408.5419030247055 328
428.18428506520877 635.7898487123272 786
326.5799184447422 69.67827433070472 441
388.2305891315384 683.7995968086559 572
934.4370840388524 304.5777047526743 808
254.1708029283568 381.8648058836093 345
549.5056849023381 562.3863980348557 37
828.7199418339985 131.56650071194764 21
356.68874576979647 640.8445519658525 44
782.4920628994246 528.867389954885 440
914.5788662696108 385.94519183896483 991
643.2847095636039 393.86898919244385 300
559.9952468905791 888.9636979545064 230
295.72233969134453 338.1231053471576 83
594.2642511893664 722.3513621022721 991
237.51074449009346 848.8374800382276 755
744.1291140356291 739.0965200946878 684
644.6363346521167 363.0170844346552 830
186.71238182906447 84.68642699733964 87
694.122369302691 237.41536645225125 834
137.7829174585654 530.2000240002395 673
59.349075498774106 65.93323157543884 877
304.9267344944936 470.3799991608233 750
191.1494260744604 911.7169285356248 15
394.207694813721 418.20245404800073 163
207.3403022001159 697.3493341965707 936
731.3174244109472 901.9414685675557 149
191.581310129609 248.6565348311315 989
92.19041656568072 675.3230328121558 497
962.2624387313895 858.0954445913454 495
125.92281974346686 230.70964045482077 223
132.65544095677373 447.8112116571843 969
34.263464349982065 212.18079857727713 807
71.26298349596361 545.0498739178995 457
467.9922530030284 381.1558493927907 2
938.6553028327605 99.98934737231724 643
616.7307628085721 523.5759116627514 79
171.74282108181015 603.1318964202196 381
602.9370846290092 568.9499451240217 557
821.0805079213711 238.87428613366546 382
18.234348875751927 780.4481151104148 347
891.7011782403767 922.4456908848979 861
856.8554434374563 669.3030453567995 547
909.7878455415632 453.39985243588785 422
