431.6041588748747 894.0539076507679 170
372.66447021709115 893.1037983068755 905
494.595994073199 396.79236852586797 480
658.9521062844519 447.4762182201325 462
961.0193658433369 745.1290654475998 246
724.5350666112452 919.8532304809568 811
568.3149457999734 686.7134612642617 671
459.6166206615592 414.37599211749443 976
502.12208944085 813.0736676226287 268
96.0717610430778 733.9923489234621 587
694.4859776477596 593.2704728842451 427
398.41626668212115 403.8888644091062 830
366.0402323770451 221.4944877734979 822
314.2302255723902 801.5279226738222 724
9.935950670697524 718.8460598529479 664
914.391101506916 295.4845556893001 693
401.9131013626094 511.30292143405677 147
618.1790582869074 689.3955917723337 977
113.89981670691296 349.606526586839 203
475.0311014863159 984.1745307590484 392
936.4792058645389 758.4169115020181 773
228.76189642603805 900.4581346676628 543
501.1586929467211 447.5543495437115 64
767.3414160392871 550.9393129672668 860
537.0489352135495 409.6573679381104 739
476.83482904846164 105.85164951972826 47
589.070926235616 692.3073862258036 223
187.61325918193273 343.22270259334107 647
309.9476596409771 379.39674072411054 460
243.56840125756506 874.060425039251 331
168.84421453134112 485.8903667161103 999
273.33208186964583 655.462987728015 35
304.949409640876 331.1226358675716 497
958.3208803703387 842.2717021970639 372
618.7797400078837 8.452215286243959 311
673.7320590835276 24.564482204068263 193
265.36305804374825 515.2243291595265 497
606.2736315222113 963.5514384481568 429
326.74101368945384 853.7023940423848 765
90.26875995799134 763.3568742630496 980
381.3475594014991 182.0522727428986 513
441.6770853849814 66.18582483979473 597
780.6847328604903 914.8747666979407 46
658.9560847162826 117.93823995573915 984
258.324483788404 758.6740028659813 665
277.8327608419638 877.8737644183203 433
522.4658801526758 669.5433363197291 40
419.47540685367323 421.9781308553573 548
106.13650224903881 21.103888110212353 815
844.4168653892965 636.7994827613719 976
450.61778226575177 7.042055710783313 388
663.5237848439892 643.6882471457177 708
84.90698178123712 892.6199684946683 406
706.0681682962262 530.192253976663 968
439.83974975490213 342.02957156847833 952
514.8314541028515 398.0864374645956 190
141.2496254251323 798.1141696888856 546
545.1323068545837 350.7026352874667 315
960.941716361485 168.4257813815413 171
984.8175282774266 634.6299189342949 6
659.7167280838919 165.99482371794005 912
565.4017610763034 233.147827137695 299
434.64433904672285 39.83231398309472 724
815.0863631306795 301.93374614570035 364
954.4121117392359 431.81895268401325 122
140.14792197801052 754.1448312347699 795
152.45903128718209 201.55233799228577 558
28.28701150707169 924.8802731964603 750
167.75072586008775 697.4256369238884 613
28.866723060130496 739.1031812201697 852
423.2590521887155 57.57262873946567 508
309.59070924329603 216.92980428109664 967
961.1666125524117 415.4185810209429 877
538.4628006767833 12.35837282934682 151
656.5085756462349 903.8976226817266 615
810.5464859605294 250.80469391710702 960
182.6933666608428 767.1417006676025 800
940.6226888658014 881.0027330962484 466
96.47725142316932 62.51696717418975 395
540.953457636783 417.5379349742378 150
314.128959257337 984.5749641153457 263
582.9115113175262 233.33513384225856 592
828.8063785056404 618.2175992835962 88
54.40241564101811 631.8205619632763 346
134.53017745421337 594.9422702753213 971
257.5865281823657 575.4304729712554 952
170.10058242154759 450.05159339716425 823
906.1065820520944 954.6910491503652 845
69.86114685388178 934.9434700201562 181
153.13680346242086 323.4695460468102 780
914.5365150688225 599.4208390687741 10
211.28419873379568 232.14765215151388 562
386.85468924792553 517.8617732182753 308
777.5389198832052 784.7994149987429 409
573.5855298563781 650.2406978199026 540
750.9821118268486 13.92423842724455 903
29.559351388298126 282.0201418960211 532
708.7129829337969 2.5846284713119116 17
782.5987892125432 521.060791518619 267
366.7116980281271 641.5317780665147 735
786.8002107235624 692.7531312063815 180
730.6899049866249 681.1129855836132 205
78.0090699609094 473.9184250918388 425
931.7694666947004 430.36242667158774 105
205.97949509525182 318.81932370739196 22
154.48780612972746 121.33866177541175 982
28.826998034916173 521.7716342664199 35
958.5699885959572 597.7586267654458 485
601.4607128609229 640.0434277413897 578
966.9594591120373 109.51769577112769 698
144.0673441722179 849.1767998226666 488
281.00195917722317 622.8170439282701 262
228.71893652777976 183.56086933801728 895
935.7846112700075 482.78269600121683 153
503.74374250408727 222.84409861236566 891
871.0619740582488 472.12248148211233 393
736.7203900325475 561.2489567115913 626
207.02819107902403 338.94784547710145 268
959.2183866742737 653.1963329635338 742
134.1739915938307 326.8738260238134 552
54.209502067325666 860.4150174454724 486
586.8721775598236 777.4436633405659 46
849.5880590926992 868.8729690275464 757
142.2634993038966 405.452149682769 536
475.9577146129854 873.2555908378704 294
545.7561045043361 885.2507346489044 349
619.4268073206539 546.7087797350265 267
812.4068778300466 449.4178313655911 965
894.3336771194864 610.2389233427425 146
621.0134363633051 175.10344471127092 724
43.79709939490362 892.4551990875846 888
933.1229412944908 907.1335515074584 818
762.8373436476066 813.4409304173928 238
310.54915235973766 209.04171507514403 627
367.1680672072385 353.2475880024218 522
457.76562960249134 949.5068703419373 28
337.4539114269721 786.7913248530957 241
819.7281305857364 616.3888267988335 909
657.8925200057474 416.14104743673875 869
141.56222789327055 817.571325259732 282
605.5728688670793 804.2232318864908 578
534.903057143521 550.1570748850705 405
950.1518870159422 828.7921130352422 865
31.8619120067164 400.87917513277483 406
801.419972324832 131.47624152683056 72
900.744352321099 994.5229736343001 794
240.9044376892011 858.8414984880358 13
74.18633806728658 76.56862931579111 674
870.5841044170725 29.857908333104753 78
604.8758228139639 681.8042620178395 603
361.1319413207281 841.7428831276789 433
645.9656191217077 222.07918427360508 559
306.52692485215283 875.5510725913076 481
856.6242813063027 535.5268709725475 819
861.8131237896707 509.8934876902793 800
86.29413449079092 753.1875257169381 546
873.875888954475 40.751711566241134 317
983.7560092934544 842.228349327797 770
896.312292987129 106.63780865951023 893
972.6176659788749 347.54738045290065 366
855.7728320011129 54.65566038136882 108
566.2016618510352 258.064289058433 632
340.63557336430205 95.86616246736324 80
577.4214519199197 224.6544525611486 891
120.2330492939283 129.9267440398535 331
945.7165286113476 456.2868623832745 916
188.39616888332378 889.4127519189735 290
252.71193329015418 912.8102865173545 404
152.22199164577967 901.761369453169 463
915.3584288568592 573.949433550082 533
208.72968393029333 245.68221793141907 373
783.36505333847 815.0890211710592 693
583.9796486968494 745.6080414519048 209
294.11194590148307 227.676282086397 384
130.50649511876367 798.9294670745072 115
273.8749499557647 257.9492054119328 52
959.0095518181403 500.3971202994625 374
480.94579391385986 329.51244686123835 973
931.8179198904575 559.370673822868 526
665.580969471159 300.7724735156679 512
561.012581735617 359.5348297878649 830
145.20792445610974 702.6283140455372 351
340.7276888226444 146.31806154823735 64
854.6664857649483 778.847487658423 117
94.35531564515199 806.563577292567 514
601.0641839720859 396.30972039316856 528
899.8585915904268 644.3695635246318 722
387.87508964942464 442.2848734850102 399
7.518295810995723 877.6578752671435 206
551.2723466218504 648.0819008127991 227
873.9315328681272 699.4714093403085 502
820.2500240778322 343.999484357426 614
231.0767207137324 817.4354204080195 55
866.9805053814536 575.8742789029292 60
767.6022401415235 770.3947921962057 549
767.0315448351336 6.393106115273994 186
269.9269144888378 608.2946329608419 285
621.9312215753647 727.525982277226 796
515.8021038475424 966.4903998420845 529
909.2031096892192 282.94871030338976 842
32.20884822657044 236.78162136938187 409
900.1398650974188 334.58774882298025 507
751.3409174128824 137.41836373642647 41
247.15536767799605 887.3311200785186 661
205.75919265124432 446.9506615724632 475
286.31085603793514 515.8782041486426 923
172.65696649006168 322.3699313891516 350
19.340151535727323 842.3097531902628 748
202.45053548025015 927.4522304499794 209
274.9604038034543 784.8388694214955 84
837.6680391533748 494.7867117848244 202
990.5083648668353 15.336264739813199 312
147.4365564175395 830.5937690677384 805
518.2906511228512 625.1717487319512 33
732.2891303793112 93.90319666325541 809
954.5347563151288 772.8313862518481 161
931.1518802166929 420.5154195317589 506
505.5043457862014 540.4759013511127 687
234.86476102509002 730.1457642678965 539
438.1420346393038 849.1374432629415 121
54.565430736013724 472.4282161056331 863
177.84052353467916 190.4522784158288 849
184.25276919297383 105.24666570105823 742
375.17680146861954 81.23692397055626 631
505.5169719205931 157.34553427698762 524
45.77658749567559 981.7743881511059 983
604.1466797643163 54.34768376714572 193
954.2206755807352 669.0094713789416 556
905.8443798387931 446.6536231297975 46
785.9956100552987 406.7678066726684 682
757.5565122594006 954.4304268060765 193
432.9976102750391 642.6596227162756 367
193.72872179806734 585.0940209461306 256
498.70924925487003 753.452580200739 67
179.84006544190046 790.9225456140077 123
77.30313403459654 704.8533439720476 747
741.4005184291924 233.43202167608968 417
615.5034224343303 634.018010903065 389
922.975060910702 408.55645065159564 496
716.9970208529127 212.39735516675552 294
827.3551498137497 33.41286651996877 721
780.3739051570072 85.46906596867376 222
337.29789459139545 824.52121739766 954
834.4035576264218 570.7661884367949 676
392.607026378209 117.96313355375376 273
587.5822907765078 99.92317639332693 439
657.141364864646 126.98970269737985 438
136.6381338804431 90.56090971278951 797
612.202130936591 863.09973741756 89
171.16859930660954 933.6084991479753 290
886.220094836641 14.632945242971651 981
541.4053640364284 258.91761576637464 960
345.0876521889978 411.43445182335745 257
848.0434606652751 453.8161537244654 748
113.49113667536415 328.4224749883532 83
521.0413179694235 341.626037961783 413
327.10600017570954 816.7609613411553 674
776.6230605392899 987.6869865102799 746
71.88311327616847 631.6245758315731 773
692.8292293243667 409.35131148113135 129
189.96044039970917 374.8689573995508 230
163.77154065963018 168.84899672277908 328
913.2781116410259 675.1915504534846 599
521.4098342694625 338.07323529085073 300
102.9973219727478 21.74913268646572 451
363.6539785335524 748.3506339532344 309
950.8309139554461 502.92008939529086 483
454.0042728402176 830.6427477600331 831
398.20071920862455 714.2989286055398 9
180.34836432068002 735.270141790515 112
270.80294805687964 42.917589298282934 714
686.1259631267765 690.2535185776145 689
446.317632951612 221.73010316572993 529
519.8226828672244 314.64145557696423 510
861.4388481003275 536.0199574548187 485
121.63266262081696 306.9784008159179 881
898.7501073939119 629.052537072166 186
56.77471862420236 12.34763570405384 109
400.1340259508874 670.1935976322075 185
538.0041852085658 989.7404363128319 125
136.5275121965548 284.8302874478242 685
930.9159240996023 830.6509913722736 237
123.61678912058926 535.8469024673252 930
624.0724697414482 255.38730828637924 208
141.19088164342065 906.6268889429731 46
712.0677905383366 505.63199376199384 433
624.1454173303441 547.7770887164986 995
451.15776811073073 582.2510234215736 777
361.26243457839047 733.4947709425192 326
35.979928285754696 581.8207108394497 832
887.1153751213701 723.5990119248205 853
815.6228256631364 782.7825730146794 912
448.4915927876275 841.5351661840598 154
99.03165483204835 128.43097782445912 70
349.3057680137533 466.4263066393063 240
204.93716536712802 12.916747834567532 731
772.7220145205204 83.90547239055768 614
665.5709155087287 931.1146146636517 455
265.03862549562285 80.70414337776721 442
210.2585547032526 947.1082844174747 473
574.3065375437593 475.9203961559113 482
489.011475836114 433.1039426811299 94
561.0142517147023 57.94258958188359 902
796.9546634160389 48.435928375158085 900
451.1809612979789 447.55681367384346 254
199.00462086882564 582.5300583428196 399
693.928958813721 530.2121392876729 783
814.5944018280833 522.0524072413618 522
116.03970301074473 318.3536100680019 258
56.338752477991584 732.3912848561093 931
108.79794713650259 652.5649311567736 925
926.9500100191304 74.99591725741294 426
137.66430514228557 879.7261269398803 256
680.9298547428733 654.3103634728817 67
627.9694596649879 187.85526323988887 115
309.4498732950849 224.55894203886263 172
96.33307266559643 201.24937316086599 440
477.57518220184755 819.1871881741929 938
975.8046171273647 592.3159523828186 685
902.7709775069693 222.449926224488 461
731.7506933558739 72.48183955172594 372
523.9137408947059 9.379471258435856 703
712.8832931393617 905.7565361868996 542
948.0097050276648 18.343591744204968 190
460.3283923482346 196.3452242823659 890
763.5661156470404 863.9086078788157 558
772.2658128182509 632.2245671880579 689
209.66784778661096 576.8463106206266 290
714.7384975893447 207.16788675654618 80
443.6919888598523 548.5448227085735 731
381.653991374866 60.91863662535679 969
163.81117876349816 536.4518017792386 787
479.0576242092792 166.52689626566809 976
795.3866011834732 728.6434225468219 311
144.27138388289552 21.774602626052907 182
407.1930506431672 812.3069487818627 327
393.3461941136794 757.0999141137761 194
567.6827595626434 516.6023923728964 671
326.3108202258559 112.56415898935768 712
28.44209635691819 787.8542605151251 283
738.2727731512224 982.2462105215562 132
265.7562144313349 266.51457919234446 184
451.4202033508118 938.4198856866354 814
52.59550698544946 103.7331876380948 591
797.7716715935577 355.7161840471921 91
922.0087746256353 689.4527960106362 330
691.1611643040701 737.4613980633424 5
764.2162469597192 278.75612840813847 377
455.37621740213785 895.1151705438228 327
368.5573772789712 185.86975958783393 204
137.72211036024618 725.9244401554255 437
681.3938365900838 429.50747051944217 864
20.503166121273118 922.1312819099102 377
230.07627396695906 840.1959479496311 885
840.2987436986867 841.4765423473277 1
645.3549210218258 869.1569760333883 294
416.4024638770903 483.7017784845391 857
584.9818635722447 986.7725061193557 524
467.0477503952165 749.345562543213 734
404.47634703587244 964.8834801634858 184
981.4324319503331 260.69183640578086 258
853.1882081572481 391.2434231483317 89
671.9054674571569 745.033933920093 155
131.20539340358528 749.9857927704101 439
546.6311871119394 553.7261050478604 208
516.9602289208079 763.961664337306 871
625.306401834937 15.320256328739902 840
932.9278715771086 118.37841166277308 293
773.2651959163335 274.7322668636551 140
360.0379998362324 346.15622031545536 307
507.9832307383297 991.6732525521614 671
720.3715443034943 569.5566311477107 23
896.2399487089348 460.71680349440913 240
691.2750452651361 763.4778689243997 78
235.40938247505906 447.41126225750315 149
273.8327586765458 980.5592857650796 657
285.7895807891274 227.94343987879307 98
226.33176427577905 760.9410669772702 509
304.02045685750454 748.9372036982861 305
698.0321563483026 717.4113056771345 939
811.2309960799502 327.8162049439662 203
624.5432052597492 888.3847919818784 71
931.165457233762 465.6668958900131 681
950.699559136171 659.1068907775463 608
659.8997397969845 707.1903195130609 266
160.42223246705646 485.13293976012363 44
65.02727287104426 537.6524586743733 233
417.83238610658947 736.9757363765823 221
796.014558302139 441.8719682707897 326
309.00747898686086 530.7705367384369 470
958.1854756094773 433.4782667085788 435
7.169896020481126 916.4450784658482 892
156.38273300393112 34.677128089564135 86
605.4063655677779 953.3075779422418 323
535.3875023686994 597.2933495471817 584
703.2134319029133 905.9330637066282 807
74.13599709846142 153.54541336315876 92
581.6348352215773 29.289624983587448 253
585.4423789865792 910.6347418845902 58
918.3688970814318 235.92856147132002 580
64.90990717897304 282.9120874582003 561
51.9630600022265 347.3900475455589 569
573.7236240241672 849.1213643881358 488
473.49628579568247 299.5870368568683 356
784.4501270570294 3.6980833694901794 683
734.4837691268904 77.31714334598117 954
573.3375408682582 684.4012388021786 409
396.01515930739373 281.0827217737979 52
330.06826719474157 142.1615326217025 351
764.2803746634627 308.7686611737284 934
958.6021990697692 869.3780600388704 349
720.3711544425958 626.9309234680106 824
489.4982998977919 280.5011319268903 505
471.1885502264469 215.08754156912556 941
920.3132503757294 236.87966032578157 267
277.71434983863264 775.1740107713471 684
259.8891518037236 464.39447281879984 279
452.03204778109983 32.30666063848098 737
230.03090692130158 520.4521377741625 423
299.2639085064651 355.65326468072124 425
944.9517191167705 355.09631150642394 880
200.44774471746928 5.343117194753333 829
499.32057326100255 652.6679223393966 718
973.727929553488 955.4279384057636 182
629.4166063217206 793.2544608859889 36
896.2329006658631 562.8711178057097 358
374.13530188471833 69.65895632565788 881
576.9301057931871 870.2234363727681 176
907.42339403669 508.29868657254565 749
6.164169823948296 157.21933956912858 437
675.8370808813154 973.859146332256 243
12.75136842081681 349.2654966693418 665
658.5508491596289 395.6500872417156 365
894.5237993604263 243.71108572598754 274
853.1333095401671 197.65400302948123 877
289.508438175857 526.3768212933171 174
224.64619016495402 364.5124818793789 108
442.15583616827837 841.7920399013449 471
756.4566302611527 39.101580257494106 313
655.370266559113 605.863842399754 218
887.6726274642338 721.9563421364984 460
221.0630912830721 31.300663024407037 353
9.69452267100246 745.2788624450236 764
177.5444559662267 466.81000588382796 662
371.29759451779296 23.636559830951143 888
966.3148068214584 720.9823285134329 116
790.6697697326468 582.7646497064956 711
181.24796538443377 471.30281184418476 426
628.7299756444463 864.340113144636 439
893.5343796357531 113.13020110128357 467
727.950028513919 467.4293456173432 828
77.25147050566939 120.17236072824511 572
340.4202781256338 873.4251717231149 17
232.44699820459059 867.6825764389079 758
408.696799703987 773.1367563510136 539
463.3292825311898 410.66958512500173 46
540.7018487370934 416.4262383611218 913
543.4084022771958 148.9569656049301 767
28.470411554123665 267.76912241452186 250
39.39568565369478 446.0050584353894 669
509.7993978116321 270.1062591900507 110
854.5375998516091 559.2393116482589 857
883.9038500952175 910.084737155583 509
171.24434221159356 160.57865815590867 684
940.7180600659904 606.2750194358699 125
111.74164525915941 347.9741353099236 4
700.0788668935254 528.6325016841013 425
632.869069917433 429.2928034349348 55
675.7917009876853 867.0239286668258 234
103.72372432654397 361.5159359687602 801
63.59171516930817 719.0862565086373 629
245.5182561940934 868.967817119575 683
973.8480555633846 473.74253155870485 614
61.38920356888289 340.4648704004194 832
111.2396702470878 372.6718326149087 963
91.68923141634599 126.2277819222094 402
125.7948989124954 280.5972885753073 516
290.19571347022776 925.1251713697561 954
806.9270198661434 854.8456500302063 442
736.8838110490967 20.554133007231414 412
759.0263316902971 13.237081518105098 544
713.4294646999218 14.784043788284462 867
878.6858532279415 492.6774741433649 134
807.7755555054651 398.6357452191639 302
372.766969140478 232.85544497287137 645
615.9657766396114 136.1420736544776 676
452.47517104391056 780.4574333904144 605
329.7323321928491 443.5609458017443 373
440.4982651955478 292.5529057872495 568
199.9114594440341 945.0158179314176 82
314.5631283498778 649.0628457028317 30
966.4573962313656 889.2835909175642 230
763.8932551717586 824.1068677810936 44
844.1602125878663 55.54549332769787 384
573.978999195049 717.2381772848536 949
722.9485541045801 342.08969907892714 695
516.5983574687343 759.9012020514867 673
542.6105962843636 487.01278911739666 161
387.41882790614477 478.59466207092595 254
333.91884929509985 245.4430125636976 98
13.458408737227924 650.3882998279943 967
161.94553852647132 450.31437043274445 69
755.7510586600588 841.7497331665177 206
480.4666151476417 532.9793496692931 167
288.5644966094436 837.4694101317496 495
841.8132174095964 27.729043536382058 150
946.5075248547706 527.3086295138081 592
260.56573988829376 75.60530719161795 255
303.723902409599 836.8116915679434 397
138.90899800500267 990.9736361757905 49
34.71173762606406 436.2893979669704 602
158.99011661286912 46.09089649001674 38
593.6451981019187 198.15686453309678 522
819.0601408283508 511.0701018071867 758
668.2698372236508 295.33615562171343 65
781.1521484171387 473.82834070007186 178
54.887053372275176 266.0848711490471 179
623.0623093912059 742.775546117799 964
218.69714472977975 199.6285405965279 306
142.7498677176162 142.69089643170395 841
669.1718337944847 609.4060876143913 484
624.6338972145592 857.3973768538619 69
409.6976523997744 976.6197247425815 401
418.7931993760042 582.0298454240166 66
584.9744177879261 850.3210941984165 763
565.3864647167057 895.6707188840583 287
403.6228758357696 236.77831154233542 998
988.7524203106509 119.89946083105218 444
792.4518619665366 744.8983876981646 374
816.9915308875716 878.4442162700527 297
422.1811233010262 494.98129358749566 635
75.9096144069672 319.0334220004225 391
788.5550532737569 228.13521405232328 553
922.6348861209865 757.6376275238767 711
358.8170775366366 399.67623478272543 67
343.5642422300738 612.1411491728452 203
774.1687953526742 764.2037740978403 700
66.36502921940324 152.59321910246325 459
374.00720247623775 128.75722951958969 482
373.1107662849824 91.29927854004882 159
177.75081871714104 707.7429940971431 934
57.066334375585946 289.9287520850562 164
622.7560200108328 894.3512764032005 496
698.7146317391341 871.8625976088393 493
644.0146528820829 591.4118595694288 407
921.4995788519317 539.1025911052021 418
625.9251790443843 773.9489693738344 314
968.097265104832 578.9960310877032 503
297.7316521752489 641.8768122422321 221
794.4426262086832 288.08570813208956 196
504.50443617678144 337.3011759399763 698
917.4212714066248 497.5138507136906 452
356.4416403378924 495.62258194967814 994
369.8098448766831 909.232419286261 883
439.69950784176393 284.3482922345326 602
622.5025488534823 275.51378731221996 439
992.1082878335211 147.08405107726352 471
18.428903428341247 266.7937505862772 88
421.4804783172208 83.9661776335895 704
809.7999734781444 137.8693670266231 359
119.42064683499976 482.45024617953436 204
344.93272368646876 990.0831723248691 357
141.94215896108432 19.856680257697157 917
218.02372895147016 226.94770310599 106
843.4186789198772 682.7292187033602 504
836.6508710349154 824.1338298145571 810
150.5377024030563 664.9898812843096 651
171.75762415955666 944.4760222905675 869
141.0828268885248 173.59023828750276 859
463.01625754721255 674.1682336465313 833
571.9055008603729 853.6669968048207 762
97.89591613581194 303.1564160954099 198
290.7472184754887 969.0973878531839 21
199.88496469446758 312.1891587113874 28
410.93733958685783 780.9304134484329 609
522.9267423291943 919.303199985248 922
544.699732231078 223.88741789606635 995
196.9767578834951 573.3018495616952 961
135.2635414322383 524.3818156202184 569
343.99037278269697 213.19895580941096 627
804.9433903897434 549.2400692087662 16
101.29336336718076 777.2909114711794 266
692.6490186377803 823.7015036272088 438
54.51348214879126 893.5770640025793 203
720.6856111796103 128.09408950013935 972
321.725105000487 911.408747151739 255
382.9022367605133 793.4321095649201 200
300.95093803938056 861.6509710192101 861
296.5455689559839 443.4103729630774 222
118.51980482658809 730.9806534826121 287
211.0303053175082 976.598356712866 3
953.2481314985348 720.229905778722 538
485.209332359659 846.6568393705655 66
940.1905194516838 947.1972026435595 149
309.41146394410214 341.0469372700504 64
710.6261002849127 948.417060167924 541
50.928150019657224 99.31551112154679 715
265.16783842128734 820.8843320152735 36
228.42505385378476 920.6107569058819 457
19.883904925117267 47.488528319381885 465
865.8570989639097 51.93246747309932 604
769.4898239504105 559.5522819450603 215
309.3970558031689 421.0360570311472 191
820.1764400315494 861.4572553775803 830
998.9033935967968 452.25430609641484 228
355.1424201811916 919.4599561448257 472
355.11005592272573 280.3127658940532 287
155.97052180364358 75.10318620299216 923
702.5216996810286 20.92926244954263 370
964.5101066254714 25.345407820220988 693
270.04806949208137 965.8655404978388 61
996.91103006511 258.29383206911297 833
40.92812357282061 791.9832981434984 204
781.9578972650537 214.92363104652634 165
63.090589353483 154.03665294548742 427
682.611034517356 76.4151498879485 372
982.4492857338856 838.9775298966113 232
840.9429134557322 793.4093001256067 175
151.80540339654704 562.6975863136371 529
734.6107835932497 772.2393020223045 19
48.55008625969837 481.1270301696318 634
995.1992982646022 374.3059317283616 446
522.6069228495122 91.59023193117011 550
879.8926806221534 83.23604857190159 653
89.4912287457974 976.0916412879202 483
735.5147480877912 992.0068830491084 24
894.8191365818464 314.8491522046198 714
832.2845620889528 623.7597950460148 337
390.0698994547208 267.33169305919193 107
440.3517769428987 716.203467567144 491
724.8122084947196 357.1496077246957 772
934.5418202923728 908.7128348415614 147
425.63379701508694 829.4448450720262 959
240.64908372013605 299.6298857196552 727
983.8028084434242 281.42605807217103 945
168.68620615988806 591.4812014131672 560
953.3610230301531 611.5353761475122 152
169.22542995207934 649.3213203514366 151
613.6145749470351 797.5134082272823 119
729.7879693827886 899.1523551458693 891
50.12672268067686 254.12268870428855 936
95.015029809565 826.9139942262873 794
104.29492447222121 328.5247116199196 906
214.6698025333067 60.47556703054979 170
0.7177814897469936 60.073748029445206 315
439.4262530483993 350.05303698116484 522
873.4109463106682 618.392271077296 779
808.9498085304931 964.3014163662698 400
142.0870210872084 299.6153835587276 200
356.02844071885187 764.8666375624542 184
855.7493373821792 335.7793331448012 941
175.42282198384873 135.85943909333199 880
528.6025312074598 454.0188289489765 419
554.1437961517939 312.8030117432651 530
612.3550033906712 470.96014925961106 25
472.41698071844627 354.962617276643 842
644.7732312744708 174.67788642496996 652
822.2875656827598 681.0018191265098 843
589.2503542803588 243.07702787706796 68
774.0603702313376 919.8781536030156 536
826.5569492374217 577.8363035057888 267
418.71030123485264 382.07947637594896 843
61.981965040739276 20.99999585262413 373
157.3562179682786 15.808917294379832 112
859.9273086746555 591.1435155845536 207
470.13191678997543 28.68035872142416 396
324.8878056376089 611.4977093259664 345
832.2949384359931 956.6302286579295 763
292.4156293151153 616.1967535100773 888
222.35697167693036 558.539430469599 202
820.2307693516776 817.1976316326476 989
278.51378234762893 189.06647869416605 280
921.8342811253355 816.1534644904502 96
336.06488093936196 225.49488159490295 280
134.46447830266038 43.34094300547442 277
684.8671918101197 721.5824582277845 369
368.0060255232418 256.81270352490105 648
970.199660460415 943.1962483729585 529
335.636353024052 722.3329020879099 896
326.05286956490085 458.7843127499797 487
27.874725477462615 320.8474968426507 470
963.9828453706156 238.62319140601707 648
929.5874814232899 65.58584734001182 958
57.288786698809325 750.9147373148812 822
412.2553833524346 759.2560146866975 734
974.7097715566143 218.61924557434475 6
826.8722370871062 684.5620506454536 808
22.982608355236913 475.298689377062 472
464.71456937192943 873.0921018228518 166
422.0326492911849 451.07489726311235 94
846.8618868393854 911.8983914400683 194
594.8843997680092 978.7242065325627 531
253.66584119865155 794.4729618959495 676
56.734436030225325 864.482345915564 904
81.05713463189423 801.7030179000855 314
772.5488367226002 134.88169578490772 128
853.129169520386 4.926276455855527 896
862.0717541509458 433.27007277414066 605
994.1958379939431 77.86407920784055 545
384.3577024198731 613.8020388925733 932
739.9050464763386 62.68319662132371 484
854.3749304826118 258.77673679387334 315
781.6665712893708 908.1685681017433 940
922.3955552106444 601.7772515890485 837
493.0365102256684 578.9607744181176 706
992.3668555514564 127.18405280398038 825
828.4059449827463 477.83203886097226 149
538.1678313933436 213.93909352546126 247
653.6323950589342 131.38534144747638 923
801.4301093488072 735.8380106739534 98
17.174985126305998 284.1150665107043 466
578.483794028028 52.12986191808111 788
155.3153651716892 741.8292140179971 263
53.08283592879992 663.973311046302 542
266.4212369281871 720.2365396009238 398
446.0155517533573 653.1457594429024 13
323.6799115112253 7.873885513681955 515
532.2104284008656 240.2686252712486 953
773.5932835336187 475.7985533590242 497
182.5335304624367 285.8639143718804 18
316.18003805792824 499.3784587293725 41
101.31315357014626 103.39980831153196 663
218.1374276275492 960.5261976173248 895
747.4238040843384 14.568487224102643 947
693.2639312119192 176.36283359377614 945
266.5701110570329 619.1967045134954 266
518.0116294526587 9.1186583083257 114
969.3854861563284 587.2656163650706 559
55.254496973546786 186.65772538331328 375
285.53789581152034 87.07094343734224 779
165.6283824707334 680.9392309915983 872
546.1505016947817 213.64913200493075 251
448.1197582587378 153.32439257154508 934
130.52007187974525 568.8395759675005 528
667.2498041063061 343.45223033154684 253
612.2868322707512 794.6377519064145 524
456.0276469999873 732.8927378933483 920
384.20255063492783 618.2816387305061 816
995.112052804741 521.9948310939061 695
120.01598746961906 576.7240551731894 117
754.7834530411402 555.8197188454503 171
806.7779232741642 242.19015784742393 315
621.1153053201288 832.9833048203474 384
914.5813632225647 470.0987615588879 273
343.63425858546594 941.61361653968 799
240.55629669684987 257.6684205092111 655
793.4680170560218 890.2264087364084 342
430.5960993473874 404.1573758932924 898
680.5930236934479 202.11387031204376 62
321.7471034323146 437.4518576012238 946
971.0129926037964 73.17914183826402 605
647.5376391400055 579.0125730756446 205
586.3537938153037 491.9236732581829 209
379.97404430906266 322.1377071249094 295
358.70466537920674 321.3931050846979 735
299.35190641079225 128.9510126018918 253
470.47680932701695 670.554992121044 93
683.3360533895467 585.0371136158365 644
209.84784121175704 562.0483620216158 277
825.1590872335931 264.84829200432745 527
758.3993143437408 814.9386612403565 696
246.81088917752635 945.9874483153503 995
541.2559848337377 683.8356767334635 838
16.372782148032172 492.27820042733674 184
63.68661843724599 252.585965043855 814
171.24610380093907 43.914222925220294 405
244.47277971614866 302.2002894320401 85
299.9491382273031 747.7660301342271 692
471.72884157630625 883.1409393329204 169
17.3835639777421 886.0490590452829 380
665.9057345867606 374.4918220878745 291
844.5961581098588 19.987802227307007 759
849.0088039676731 15.16027347065696 299
845.4221141615162 811.5485040207591 351
973.9446263911328 343.33113072899545 293
607.6624508639212 795.3214084122397 537
984.6681959843096 276.25272135629154 155
635.8585728577643 620.5268820300438 934
460.36176664354764 912.052113805637 185
501.39840795319134 510.4980045953155 696
287.92837157702354 399.75506589477294 869
833.409502181402 780.3364995799432 631
597.9138203967636 380.88115596591956 716
552.2795143780693 613.4289706869108 439
148.31720000643668 661.9230689570373 38
30.905229786774235 850.1077296881916 62
885.2152413037039 200.67922648494206 203
56.34187531319701 337.3186160797178 32
523.8535242330229 46.60993031302596 321
287.38573117268993 970.6321831262909 24
267.8973994507328 379.25789419807677 264
589.7909238214315 34.597983539262465 235
40.13425421995886 200.0867819591564 224
648.7740721914972 813.8193187340312 562
727.1661968665013 71.44575570670165 147
739.2461909819739 99.21346864232339 69
575.8983146589 680.850717321297 423
652.5445298077374 893.4225459313656 616
603.1765831283925 183.5031974992004 696
286.16993629982943 434.8824288531069 97
54.43404707477095 10.365482028445673 297
711.1814396362811 59.641747592618756 781
260.57676546766606 820.7498630435031 79
417.2016047100463 726.812190555028 333
175.1121814909883 589.8307104613631 247
800.2923566574697 121.96638768822187 28
676.488947923936 355.50892259783615 489
671.9840302843428 161.17209448879322 613
925.2533376860227 177.54549651878338 947
803.0678949634353 275.9892976557825 276
8.311537489575137 43.72564741747076 458
404.8723826656089 281.32851008886206 465
574.0574545028664 763.4751648815094 13
849.0257752151148 558.768917497262 798
346.99962951198404 670.2352941273215 267
665.8681900819463 507.0110491426274 597
42.309478109101576 869.5133134846056 791
335.03766856791015 752.0952605964281 602
830.4712288126317 163.7379567759939 511
426.21105548244856 373.32798871071657 574
206.434236033348 93.7509499464847 968
292.16569271494643 350.22510891693423 559
540.8639536214645 279.881517297172 557
391.03589897624335 650.7963780212253 402
662.362033538758 622.3297139558873 323
187.97812315501804 794.521037467254 870
727.0152570472106 336.13250187331613 589
832.1926194288404 246.726700200812 272
760.2704025097419 939.3498406427946 396
976.5935322439865 336.6891361499973 224
881.0792554737467 456.79432899419015 460
951.6499582594312 513.2121208004392 130
355.09271455059445 245.36133725105336 765
855.4596015001559 132.35968971325963 907
969.3098820942314 788.3494176796801 725
785.3174297163782 282.42789083527697 370
62.83833195095889 38.47119372690999 316
729.1497705178728 955.75857124594 540
119.59486605097169 629.4370793204372 437
522.7475393111057 660.9435077881537 124
337.38180015034146 370.70166567130514 379
49.063413053670345 674.1194330823923 193
529.7561422588009 70.76020941973849 554
137.54603468168747 277.10291187587023 543
350.57639259836236 804.0982647813241 619
836.018150139263 496.7504874779368 549
534.0592364798397 843.1571027499997 929
327.8342252133465 288.1596680235511 489
644.5122362272764 651.1810210919716 181
800.4277650096042 295.24499906711 751
574.2415938455499 272.45434887356026 447
34.99807873563287 593.7167784425994 462
934.6336968489715 534.427137296992 138
485.50527271692766 417.3199037413271 355
720.6006797306287 50.07126919769911 377
91.78634664559138 930.1191956143056 334
769.0395966372851 725.4655058214008 884
275.7940720115574 207.99632831994307 791
727.538033665972 50.07253163842718 307
662.1438209475324 228.665307865749 996
986.9490118286969 709.0235972677162 1000
26.065729422497963 533.2140691405486 725
179.24222878120344 915.1283834778542 85
690.8731577776745 248.7200649419775 322
667.6445775828529 888.7364998429814 784
111.49631432707174 760.9970437770701 132
661.7132795717256 18.266938829388902 530
381.54908551497834 461.13686316856507 699
521.941690608234 271.12892549145727 832
920.0241411715508 7.52251355758371 452
694.5092449915849 647.581091203135 275
808.1559837164402 125.26905735726478 303
750.4212753725882 85.22907315230022 390
609.9433023809114 279.6616362819461 127
814.4569079033528 854.5325281127726 632
665.2286922041353 242.22797930604023 688
162.45684918622106 703.371930825257 40
528.7831403826489 606.3200503290504 347
859.0206851576497 673.445160624348 42
990.4556507300383 523.8344272734605 560
497.157997160745 2.6102099119889033 6
947.496460957788 9.44908836772318 319
124.28168616350388 522.5132125091193 162
933.0418278483294 168.69410597458045 180
311.0302516837102 364.25326958357397 186
24.97779774739395 997.2229138557675 507
988.2977566969139 860.1549521521545 107
259.82088835570437 932.9325682247396 278
489.14953644086734 379.01966119986616 446
677.323574751016 580.030066433207 967
544.271848108825 745.5850800204523 185
771.5348421215157 906.7698874720531 884
523.4659427280927 313.2618297169325 255
442.9287497164677 670.0788738776316 332
571.5173240322981 333.64443142767067 30
91.1765039650475 403.66919220546947 102
213.58304318804966 262.30793588908995 347
413.00182286761367 338.6044921335014 740
741.7041599413475 175.81515976029095 608
668.8850010869371 620.007471776539 900
760.1473355949175 335.7417881474425 678
657.1023026202135 621.4290613691932 102
204.14719384046842 693.6870006560279 851
2.6779124758986583 398.6359808296922 903
979.0246447469275 593.8095296696795 343
341.8665205296846 727.8118750027121 156
743.5943718075572 495.52157897613046 208
519.1582581423842 739.2215150944961 135
73.66861621888987 394.30030121556126 206
761.1046707812377 561.9546831027671 757
719.0959035692385 815.7582268120713 144
32.4129464085936 192.24262885904176 788
269.8910608097257 122.60653036529678 701
87.57083117071029 55.9976840727604 184
324.5605650264437 532.0132215953665 63
608.4839060952435 213.420106682086 73
617.9275746801711 172.7989640362143 91
616.7939045721057 274.28033541850573 299
319.3685611889982 976.3080830154184 820
589.9744292943848 541.634384152962 515
270.30215854172656 695.6517063588665 54
568.2854217775318 558.5245352202008 461
838.7512892953663 674.2615722845765 963
225.79261379691062 463.1161492490398 63
12.165715148972245 281.30214475961424 549
139.50772700593404 564.870634532668 479
206.94199339009256 595.1680525068458 555
968.4922853191697 212.84660314987525 269
485.45559972641894 955.2158419541357 178
652.7064732130959 821.5907062800195 19
854.6009054796706 520.6531713543122 190
170.8717937322305 811.976491889284 955
605.4004156620579 385.5889132741276 843
38.52628269559477 16.20108304689294 642
805.2772397348564 95.99647580128978 879
342.18131680403343 798.3518162108566 481
368.4743647285489 414.2433774448299 686
226.040481917952 270.2331298130344 512
691.0288142833128 776.686541872309 289
144.92331944513802 956.3535082230289 859
424.7069322630146 147.32359402955242 181
103.43706881592018 904.8154923058239 983
948.3575064865781 909.8125600280714 950
852.1749044570166 907.3476422244177 807
309.9482735176511 415.11291127462215 352
89.44969026398297 896.2549227216457 591
618.7615769684276 998.6290912350818 623
570.1360430997855 575.6626002107774 70
59.47890962761082 856.687037261799 161
923.0882811828293 613.2251623607063 14
432.9650002520784 989.4968676268279 86
803.5926725219454 770.8581779039877 394
157.25047748308097 430.14246647236297 347
389.0565918521727 624.6051338050138 222
973.5727125737621 437.18160207309995 2
325.4008749317764 112.87672185167841 391
593.2259558851972 275.7087761306437 567
891.3418655511931 326.03547514374554 904
748.2355611436057 703.7329033732848 899
358.5842647291497 749.4873038151427 680
683.6702059836718 174.34493245198556 880
43.959349115964216 203.8505247949517 189
532.234498345336 235.00871077183626 235
558.6984820755316 639.1632424760351 468
285.28011668068143 680.5253373165074 889
533.2518810924622 979.1491255039002 991
167.64025867381162 952.5024998127922 996
517.7766735903177 73.81957431970699 388
30.90990154675255 810.7404995714419 555
558.8206338137985 25.730240047220242 999
789.370250889837 938.5780427984438 868
694.2136381341104 883.6788434228982 73
898.4956941449751 723.5218320309485 873
751.2430252673292 843.6415302663303 58
50.29129256725107 944.4881026734446 554
184.99698427152723 812.1282051002701 823
680.9060767344203 276.9642512518288 189
371.09824629130696 827.1983674000309 234
110.61150258586582 103.57839077194564 569
525.6743524716127 250.21151298663202 227
206.45384287083345 146.34354095603973 91
248.11048322710994 357.68728807888886 826
493.34387944517164 183.84646566628493 926
769.2740371608184 167.69959879653473 875
640.8496028892921 760.0522457130058 304
625.600001633342 171.20470331847514 890
131.57107044891637 965.4256823154918 77
878.0478709114494 910.9047889223046 543
202.5993972658795 972.0736526295331 650
557.810974021793 318.00306001943835 162
776.4118854691999 88.85758246507424 675
29.439596811706934 173.88358997646912 737
113.02365617308485 790.9754559731676 19
702.5855672065964 139.31959506176705 543
411.63509778667526 470.9101156425536 697
815.1214620880696 742.0612020352571 662
867.9398170862113 110.04127656621176 866
369.3739361551178 821.9646503746635 865
695.4444899339912 892.6758649453608 417
770.2158059062389 670.7261181938738 340
