789.6408518286918 65.46851144344379 277
709.7869348444835 992.0641613423658 279
799.033574084886 170.8188383630771 534
946.9076082932653 182.5601897696999 629
946.2408473228988 404.11042771409575 829
789.0984323869375 546.9475188927047 793
766.8869275063691 887.4268993126348 756
389.24221087137647 884.3740475791128 143
184.13564924591907 521.6407181509919 966
562.4156679514201 362.8988322124708 993
21.551840618394102 673.497881128207 695
732.9436638155444 53.41551542206291 252
16.457134906672664 882.4681510216418 528
326.31116606363355 363.0555197697037 469
465.70268905706325 236.11728112344943 619
746.155269758827 108.073713011962 28
728.9500519553818 534.9680631227826 708
440.8094786879415 889.9195892786048 721
142.95174484726203 235.934421540823 4
982.1776594377326 864.4062622676942 297
984.5425246213093 335.3777199279564 451
759.8313324888595 993.5381537211116 44
138.38281548311383 82.71843515921896 726
330.6923995900436 33.69111050338513 423
8.166345207555548 134.1669683247888 898
879.8277993942664 227.35058753919256 988
863.0351090975297 437.6311467166728 409
501.1529442640187 91.61770265006398 413
312.1043852438774 62.67273545666918 780
676.9602822073031 478.67060832042085 902
714.5180446320867 982.1325594230119 425
895.4231841743263 24.942795457616352 754
665.82898674532 958.3405661394597 804
369.1308208521228 951.3878344249072 453
371.4746191176099 239.49323303894099 184
529.0875210292077 431.4240694396185 103
325.6629901696507 205.4972195444995 699
315.37994698279726 41.05526662779224 761
191.64976291301917 389.24323201967445 673
881.863265069648 81.32828231633925 122
71.86888695891724 935.2449233043399 118
84.96220445312541 786.5876052778804 851
6.889074519807026 112.22935140349888 845
703.2935382140358 413.2519009330454 62
24.516305849512587 423.3169048279313 956
937.0200927804565 925.2865973492279 32
239.31820239266287 98.53011864342076 18
339.9517009990781 749.8162193940243 928
577.5390138152941 684.3574807562242 877
53.50130240970741 12.278813912258046 262
788.262677552015 141.93627734484815 321
891.1168168600855 379.1927606542155 444
755.5049590554754 945.2610550496838 733
481.1979819356849 495.41196838052184 861
219.2080354179029 489.0963606409812 527
491.02183040540825 276.0696738783028 224
818.3954080221301 259.93946406395776 972
491.5661492204463 334.4803377067277 537
379.14747867931186 892.0490269992843 599
996.0127124385192 753.7825284186667 363
144.17283961920256 244.0533094936913 343
556.699279182574 194.2923257432424 602
218.99485100713989 278.08958488634073 492
672.7396399280315 407.360719769141 329
115.22758069991423 375.4894542225491 681
900.9337610923418 884.5664347460943 179
847.2389417931568 458.77853136903803 709
852.8327773642266 169.69291550062528 840
674.4121772340055 769.3467688641056 298
659.7914987396316 616.1794431829445 942
145.48716412461104 578.5351933488358 918
849.3951136589504 650.3658580525861 642
854.4737086745062 125.05440188647977 278
947.1777952665884 739.4485506034817 268
541.0632246697505 508.6970245312994 468
872.3741471892929 658.8658456514341 399
895.9977863619827 170.91902585202178 500
271.7674590293054 387.7661174473213 620
286.98457567672295 120.8488355545816 984
617.4388797150517 464.9699529586413 279
309.55187004554375 147.66486138163148 281
453.7180179156972 214.4202753943587 384
636.3379886800955 861.6453747499361 22
681.6461264339116 391.73801150525054 305
832.3174915061079 399.73954992712004 228
889.0177801395954 825.5633927477016 493
190.5870982676544 109.78806669588081 238
728.6090413476232 961.2003475318372 320
936.5091420023273 207.6807891232334 833
176.18485450685074 77.62230122863568 514
695.2809217084545 436.28087771540527 122
318.8764376192246 607.7953344678614 64
181.13134311789813 806.1399354114571 67
246.84878105653794 590.354356894109 985
643.0267935747478 847.6268297020333 794
611.8524127123475 129.96460825735056 657
220.33469617103697 841.0667155640713 961
529.3614206734246 369.8613408660786 611
684.571267059877 411.85163728724325 680
250.76310399451395 124.32822594430104 425
563.2757753591758 665.0958322787695 21
99.443500378811 379.42662428374683 706
535.4948928439933 838.8124322729836 394
140.57867232856935 410.3386221103409 551
171.16467496095177 968.126012371218 429
267.8582927765983 409.1611382413799 740
520.7253260981992 288.8815739504367 112
846.1297189723429 281.61759943934175 996
402.44043272691323 925.2530666147894 230
743.397070328242 514.8105632793046 976
354.48712399965797 96.8050026741889 837
102.77809804059812 133.35863061862173 43
583.9198918838033 580.2655866059916 591
996.1702058827964 677.2697668135886 522
464.98554182262643 7.292822124790543 776
962.0053432089414 648.1661877518934 132
740.360060734215 692.3463429954176 942
971.899966084289 53.52470965433975 351
175.78901451724138 933.8475425444025 498
618.0327271546674 525.8871678272731 927
343.2711895116243 331.24491545902436 137
675.810001242111 425.0822523730142 744
573.5318989998208 820.7763407330478 826
642.4245167448527 855.0473194518667 2
556.0684982798635 347.0345198742919 768
19.82936009056879 294.9144557300747 278
653.3875191902276 190.70971117407777 634
255.3250861323183 350.237002286376 327
894.7413196460898 318.79913401366997 771
456.662832526117 967.4862855890251 226
472.6518251222296 223.08565154282778 939
618.4847851871323 527.2025186901487 467
456.9263621824371 817.9862556277975 177
203.59463724395954 905.0524395067722 258
596.5532842755858 62.88305295130125 398
694.662822166736 822.483395195853 965
127.80637506025228 226.01367855222486 498
143.80151028166733 799.1230656937387 884
802.1840309707336 721.7894980847437 347
339.09276803780085 335.69023696960863 287
150.86758869471228 616.292052099619 257
982.7311992560781 643.832056310427 610
253.21483662344292 129.0091717827758 13
872.6225574511345 152.13074190182152 910
155.67017243268134 173.53042951376784 731
780.1828358365511 655.8014710379261 834
766.5714817848428 806.2828793110746 180
851.2243612849794 344.9625627912609 178
324.972604417751 351.47966755081575 629
83.37403589360292 516.2047791308812 267
937.9367918871907 545.9219559209649 126
458.2431282829348 78.92675687888695 672
369.90423890555377 451.84147504143357 832
693.4596783067639 819.2152683428827 407
521.4630569397633 701.9013853578247 421
981.1717952893036 779.8825817875669 151
855.8674870851105 42.00625113812251 253
914.18633854659 547.045255797398 877
244.15387057677563 575.2415128988695 396
863.3150098646366 749.7695582099501 884
886.1908505497847 76.45714700973605 125
236.88348409111882 166.72533239426014 240
744.7480860155883 993.5690771023574 858
486.4394612693751 276.125998460511 155
374.93922008138736 286.5591392846778 243
9.18605209740253 768.5413643963345 280
39.342567483168665 19.36174085238862 280
18.08513975324033 416.17652063909713 857
703.4664012107103 195.8872824073803 229
846.8170534950407 631.2738958166117 581
619.7702290514009 717.1376594840444 250
756.595355202691 571.5308186789055 212
802.4369830127184 951.8920891571421 229
182.39660049541095 979.9743345328907 832
361.27885418425944 741.2300081424775 691
152.8866873935255 697.2537715818431 740
671.3302285811305 382.40728945393465 201
497.7118143372616 531.4131073381244 969
694.388434804189 69.78546193458668 201
654.1711790601149 123.13190283231246 725
435.9883142703944 555.8138057109276 502
860.5102813180271 765.21500487721 646
355.9190796405074 611.9648445517435 464
327.7624921956325 606.6721525931711 719
745.3030272180196 147.56800757263144 876
513.5528190492365 560.9153232584185 459
644.6496936240562 635.2507403206688 516
217.60312578591333 429.5484525573178 60
597.1035074858407 114.49321818395586 937
557.197404417083 28.28035803403761 516
161.48991116958533 406.35387101963516 212
82.38730066605271 593.4193926710777 960
397.67856953109293 971.8258144501716 90
819.8969740612308 576.790705872082 262
328.92096244283056 669.1687451978135 449
929.2454643908924 353.89656821979264 62
540.0163525148945 35.512992337105146 183
48.155214834816775 442.30664136884724 235
734.0018658292844 938.0002673604077 378
657.3910214311027 173.10974145306935 582
717.3506253263607 97.2729928289886 237
116.21488229752063 584.3373863654303 301
476.54411969269916 487.24263090440877 519
399.6517411273349 741.8824548508002 718
963.4250146400967 42.488441062062286 452
38.235079002141624 278.71106940308863 15
172.6156469254123 998.6002431059276 495
895.862426242069 974.4159538620484 597
195.0766666604795 599.4940810958608 642
877.8458928741807 614.1720989211382 266
651.8272501724111 158.68787675086728 379
99.79752621841875 764.9697702824383 769
632.361461014871 373.20416071962023 240
205.63381572233342 960.5255519715279 163
148.62878822458458 203.60196576765222 174
778.0913399367307 195.1055336316452 74
5.118073864584183 91.27935248353947 628
638.506829191913 810.8244643497007 610
45.803521737570186 675.2661070291739 365
523.1146669283339 565.4310248396494 87
568.8380872137867 434.4275028852249 615
122.9135454326894 141.04433159712093 124
744.0338467462999 976.7269652670084 948
800.7337204459885 741.8567212589883 394
389.64333849661205 904.0743931177167 817
548.8848691892457 373.1847927726969 907
474.4368942865431 471.3190039789462 871
665.8864488961132 630.5837833039961 263
644.8693499577886 305.76326046472246 562
530.5818514916025 410.78664080946015 298
288.15408585306477 567.0734520191163 25
98.54794667553202 400.7400559226473 379
839.2958106509582 154.45707433238988 559
468.76836644598274 633.4042542350572 675
837.973306869342 107.96824952646011 821
830.2774049510132 285.3184813909382 169
560.0731297757761 333.17497736840164 411
722.7240132006372 590.7143799782363 513
733.6006565601521 333.94441193140545 864
668.983909834763 323.80544565683624 487
921.7519987812923 47.070559322835436 821
658.0893172424743 304.9517106131124 304
526.597319176064 726.713504715162 697
672.0884310393271 769.4843737636038 173
787.288037727848 981.2729265604293 244
436.5394836680959 941.1528782696424 373
821.7477998169464 512.8225725696725 501
918.0069247064748 540.2587446179897 469
643.4292657763862 460.9826804582712 513
908.2092232327562 370.25731456908295 981
118.6397533409116 296.3741376070447 956
566.123486289558 781.5103427786636 848
748.2918210973987 713.9949947617829 400
940.9699482661222 18.621780797285382 549
156.28241195248805 479.2869215149824 386
789.1024535963573 223.76877471372492 404
546.0711592794884 187.87375924413007 733
469.38557364669674 43.614983087675306 148
936.9914774363141 701.5705167252512 298
139.65173558318068 904.5201676304648 827
719.9157500754241 752.9046110822644 231
10.863967892520087 292.13948572684734 765
195.13592432785387 326.1941875573733 462
634.6014341851577 890.511761885379 574
882.9319482512049 887.7592318484885 887
356.58928583566006 792.4606606515143 728
891.98360304754 87.55859826452628 672
222.72466960131788 510.6165667232934 700
313.82146116039934 167.11677842859075 940
191.39975076192295 952.9008580818302 86
581.0263580019854 720.1450376457267 802
207.25287269911607 130.681460424785 642
398.0004033220953 99.7499772909598 898
602.5158539072434 469.5497026380695 561
972.2860110604456 768.6154501143285 801
364.31723983192256 337.6954656801341 124
394.6962626220939 406.54403773854875 575
519.43849410229 1.3966876967729247 743
135.35618327665 33.34678262431778 139
515.3443855460208 573.6295698594959 804
72.62265870667028 449.3495137758977 382
491.5775243086158 235.3010492973394 957
779.9384268257198 900.9606034014936 662
447.03584163486056 805.3025519057654 853
784.8134492046213 859.6921444016999 312
84.55886979506644 991.1225637142097 462
744.752098766331 930.0686769839388 930
678.0708440396695 576.7723423570393 214
193.80314571440772 613.6987860838195 646
205.61742804975447 136.74580761622178 414
726.5445504579368 158.15427323481467 121
353.489530786384 930.9348065227533 832
133.61282220290704 9.832994387737216 499
370.2756738498013 832.5611129441793 61
994.834606213265 797.1945300169965 424
608.4102324167932 988.5816185333335 417
90.51723423914049 499.85787493800615 641
934.512763773249 13.735912857389842 434
882.8875536300297 622.7112926705662 629
894.1620980846316 123.50107009741174 846
79.99057316561198 67.87109942496339 235
232.3746625585822 963.4822800942129 803
184.96105318230184 996.221369229946 569
276.65130248244907 659.6071762405408 795
644.4211929426426 273.5882096314024 596
922.5315229558339 531.6721698220929 349
644.2627019753485 20.402174237524328 907
277.99912193819677 319.94048219641815 888
807.1506400480888 291.52972375813755 240
648.3788355734798 584.0621332712665 379
636.0563999939307 404.7409425971036 190
530.9898891209453 945.8062878740704 891
280.14899512081183 616.769245407634 397
914.480797525425 464.06184203674536 288
569.6583017070532 667.2967364461688 16
724.2611751614903 126.52253696397409 386
831.1863876912842 948.3324366318038 372
884.9741250408647 348.8132272951581 891
794.7941931527574 473.80761458666586 484
15.738554541785522 147.92813578664666 120
943.554294812874 675.1403515979335 661
775.5139570882311 749.1980463899013 954
510.0780874552382 756.083993676263 57
600.6251785291109 924.954597511322 924
199.69600830331103 197.00757783746337 109
265.9855637182963 759.9764097194352 311
114.03091245395636 78.56109876004358 602
794.37703777313 937.0240148828216 981
243.41495306967965 49.672665844982646 166
331.210731441021 755.1067395346066 756
733.0226914606819 981.9689323823724 462
238.8214132838976 803.3832985939956 745
144.82301292142296 106.63696161516178 188
578.7444103282229 240.4782452631874 906
179.32106469966104 757.9310476642523 395
346.26582741407265 118.85618899456207 405
55.626706443145046 313.41078750060905 707
587.5191765452922 661.6153607763081 164
839.8943934769763 916.3692997675994 917
393.70341387190365 66.15965584413053 366
163.47202609366985 730.3632157852492 605
938.1000080734183 736.6610166736373 940
613.9074857403025 346.518724527427 548
96.10160817992963 418.57725999890994 131
156.57671436500033 800.024153807552 393
15.19010418467792 691.8944185618803 384
246.7964124914458 345.2010270001721 499
195.03266676196586 659.5672312406842 396
930.875054894301 401.4289862626772 763
40.40003746567089 17.897821751941436 669
642.4466560730216 498.95763999616173 237
977.2434247810904 331.5824513402297 52
113.73922267541681 582.0325947664527 51
36.39034477906311 229.2493081168322 445
456.21050766835526 68.06776913081025 920
864.5565334612694 755.0417276843632 523
518.3259175302599 708.695379463837 546
105.0116400764789 706.2184472567075 754
343.5379724732596 875.3476511150122 453
788.7348057633762 468.752657076148 251
379.9304603880939 33.41344392472179 651
141.148489539639 883.3596242998304 547
54.73271194241824 981.861435114806 333
171.13485117389195 545.0047522689014 668
118.27328445282225 416.96522940229266 611
139.6229236211457 279.0869866453071 870
131.1671039890987 626.3151947856765 168
886.3276814880599 229.75564977979766 428
924.7237422648686 756.2893411191362 430
506.3270843545784 215.094693935183 496
821.8810582264098 446.17524506233417 987
315.5747207101224 101.45983461730957 861
760.4049402576112 801.5114937032032 712
835.7872285253688 539.4041707198519 213
160.96974143889497 110.77275153226873 207
690.7452414030989 822.5904866553758 368
381.371744708371 392.63649340765005 537
435.6376351183486 734.6603088666083 507
778.2952578505603 585.2214494983257 274
520.4807809121065 762.2842325077045 465
174.91127579749366 932.0983777679777 437
791.7782448952537 942.6995376171508 133
31.029974884346668 243.6245554311468 341
987.29108206465 114.27292328234617 209
276.57021785216716 645.5207736044796 10
520.9086898307329 547.4371283747756 820
431.5466600131338 224.08608994947897 989
45.180323944850606 296.1075120997342 623
637.9523198195036 620.5332245955938 869
855.5255294729136 606.3978574252303 747
455.6397653999448 238.2218199164291 732
164.45179819839774 969.0227833748035 433
193.9667029339711 224.58947099046424 230
692.4334564558318 781.2574028492458 390
508.41264621654835 258.4041332988676 820
162.53682219699718 60.522960292444196 921
189.38175495832954 238.14427365959745 796
679.0550657016014 712.4727580340074 984
838.8937198521039 790.542764986503 161
975.8525779066912 908.603531512487 192
905.1460504239344 400.7866812140134 888
895.6680538832962 12.141910771761522 394
763.5731279452966 848.0706616233123 564
755.5164998710475 863.0140585153737 574
50.96144956700199 495.02909766770733 732
533.4780972819393 324.14019481821566 164
402.6495124832355 634.2140158735846 819
31.72947800901438 662.5416150563999 758
445.6032681458397 420.8285190782404 368
523.7184641518267 279.25076314019105 772
594.6869221346678 102.02853780445986 103
956.4824649617548 898.2717260133087 841
394.41314824160287 49.80053389056227 718
740.6496917879934 928.8099206975919 761
680.4829557827674 22.80693297068115 61
491.05901951536237 953.0210200714806 141
795.7354205424582 474.67664539692925 620
616.1653084863594 740.0633818645706 614
700.2324254324517 430.26120736894745 192
72.90908316315236 971.3661154176874 232
819.7107767240253 21.65901825288219 1000
631.1065806556162 735.5396463012436 776
821.4262803505445 954.184273531867 424
791.8900823317471 893.9298296938181 610
796.867787957557 811.7917600584792 977
522.7474475858788 184.87822078112305 465
614.1478797273589 872.7088271781121 100
149.7273878324733 640.9499481657098 812
546.6265719744214 646.829714295851 248
447.7580253831667 491.50270969062916 413
405.61027217910305 911.4178425484075 681
512.6588520796743 114.88944314681294 925
124.05746057387267 593.0951621504286 566
800.8910597520824 869.6937561602564 392
791.0363665726228 593.1883072385207 119
812.0111811505818 720.1371187765968 251
983.4142344472273 395.8062233848788 610
683.8362692274874 741.0438372354131 618
61.34547105932897 408.1939835255104 648
868.3560886960202 792.0045427338007 361
599.3655869011982 678.9591576077123 963
348.1845222792547 847.2826318624469 452
532.8619663311831 986.1706706153882 467
987.231139085341 206.75052148069017 266
347.6314281069204 442.2484363016617 970
565.3762769260971 526.6385090384083 974
349.50276281529705 161.36619486183056 759
356.93136219766876 882.4005889938294 657
383.69485988689877 329.54667627911215 237
625.6243075729334 515.216559126695 848
873.554470471436 44.23154326326206 718
466.0659348565758 599.0332834470328 712
120.83524687730562 795.7266321249667 727
381.0592939512314 748.5076651856045 423
840.4697084332948 99.33805520667927 173
266.52757398360075 975.4544745144972 259
495.7104039315944 951.29094707943 107
966.9003187015936 15.918112329520785 945
268.53510894926745 617.278754982906 485
237.60735603163187 160.1149889579706 537
576.5824750031848 700.0917854459506 485
827.1272727284683 655.3167056124877 946
169.54874698191026 339.89632233218435 283
766.8544545927808 985.3199619400098 458
482.35192581201335 894.7753178081421 669
470.8692515983037 621.508640952157 883
599.6900361994273 183.2718033726074 325
895.7656683667361 37.27720745159901 655
404.23497142178996 497.38139340064936 978
105.67531693571352 690.5759708584409 84
869.328243062012 282.96900144923455 213
472.35178301303404 412.2244692479277 79
87.46615948376113 975.6551737555809 858
318.18088608290986 741.056115740339 577
966.4410676060692 948.8610713677842 30
9.186591901610086 264.5436837138543 656
738.3437994888956 558.9365596658699 445
861.1824078319909 942.1651406625726 584
672.8002416462206 553.047884923713 561
118.11173399683106 966.4188624630393 653
770.6435770139914 834.7744813590067 783
717.0222373311302 633.9714350732779 441
437.4700190433932 874.5879882706018 955
942.8832100679333 706.5767757817483 105
954.9414397431855 30.06519919613182 520
305.897408083345 187.5686561825184 204
195.07528517406337 570.0229515835482 828
777.373914804483 334.9043745605059 938
540.4131316163167 668.8082887496776 833
203.12683235276074 221.08831465437905 129
507.77444012759963 812.0294032336793 486
578.3637593152874 972.7017257923849 386
707.3678941238378 968.4798307522633 356
653.3640311499813 603.3871949387502 370
747.7430343228305 324.1840155640702 661
620.1543793028152 314.2458670997599 822
698.488489084173 158.56215132538875 799
274.4300576438352 250.5647598480716 763
249.42745727567095 781.4745276649453 441
307.8721986584033 690.8310716228192 271
471.01555242818347 819.4800654624123 767
730.8742234942737 406.2112318277922 228
551.0895551401211 636.8907175844142 968
403.13934258227835 220.08443776762743 157
24.471968640189523 689.2568818051162 827
769.3087653094293 37.74408749907132 629
968.55922818225 415.2114183989495 540
138.13194160562438 768.4834561864783 381
659.8487512063055 999.3188644091255 397
377.3016362238738 821.8659078972722 247
791.5629045572362 9.870866853512794 890
982.3266497823239 507.6776238624038 420
809.9922728627249 444.20944035773056 274
834.1683809119625 114.52174646160695 716
178.72314034963054 382.83883585333353 321
665.1136312887594 497.7333201549036 552
683.1878545456627 788.7979300843242 744
785.6324657933786 109.10251814105487 137
589.2701539130693 926.1724610356499 264
155.1463651289795 100.75800982336769 15
841.4706584248794 318.57610228305214 311
699.3352265653109 815.4109705299494 97
284.13187819731246 198.58570288198263 606
421.08167153449483 509.9581521309129 627
495.8653438848141 400.8742513965048 738
638.6294659124753 534.3584352727415 208
462.3031393178425 94.19039368761727 511
408.3916758065481 401.4582672813735 518
154.60985981359255 444.2902245974164 151
289.4737750211438 22.91695576776165 493
368.0078458622965 548.4459967592222 352
973.6566410361298 465.17254101297203 517
986.3642437134986 919.5083372488219 121
586.2558257242027 134.99634357133849 418
81.4828131035421 953.4724274603843 821
456.55846824187796 266.612774025046 854
596.7773325580233 905.216756119052 54
360.011272453978 548.2756874476066 746
537.1629755971024 575.8273103448826 148
872.8700748395883 842.079615414446 862
716.463314967 707.2845844033328 571
126.41638030810675 460.604945679449 905
404.37739847032003 942.5043724774051 316
268.435111195337 889.2240833601078 182
470.8051641488802 746.8656198512756 416
179.38280631809457 598.3361520438715 679
137.4097860377912 950.1606369983206 224
871.2206351656167 259.90227370135875 171
248.77731033090723 622.7819063039481 502
44.29334239260241 275.15610303094996 813
691.0332980082483 239.7750313997019 259
254.74105232533273 376.735406260032 279
66.90667807425388 136.8387491501578 362
216.91761896035644 965.4030148013256 938
820.6714414383646 13.525740955683595 600
2.842369662519606 934.7050940647807 801
995.8462082259467 408.8046796673438 225
159.41885981490367 648.972131840212 787
764.7440981957125 395.49416828022856 288
827.0681366570626 793.5882025125741 868
40.487439401816204 695.8673961576251 502
874.7317963822393 898.8984647809027 710
591.7865504099075 917.1031067730552 175
562.293137377794 507.76712372626645 148
253.0789106301339 383.05983275760457 853
324.6773494541819 755.2536761892226 227
474.3782109582204 99.70799741814362 266
583.5665734992158 492.3849797305586 537
780.747136810787 767.5888456890366 935
973.2823984609662 752.4515882331184 881
546.7879899280333 813.6712410194204 537
783.498711881354 626.3819915443171 651
720.8534442048534 74.28249027100087 521
253.3821321913502 433.0129908347966 249
88.24732890277699 63.79583608321826 223
833.5720260554584 234.727781923345 233
280.5401078585227 291.70873280870825 304
205.12901254943904 792.5284706976657 738
199.94199693267467 638.7994148928191 889
262.5362759210499 390.49019570219866 259
338.2798881021081 779.1571123268279 86
722.3665838322743 404.6848890071868 939
937.235227023522 25.004246542284392 831
622.4924400199441 474.9798568225082 394
750.4486081352478 983.7363799816914 784
84.9533969847296 284.99513185214374 644
88.48270751407938 285.69839030257015 722
85.01647443584926 658.3177420868184 339
826.7008375086007 831.1744026760877 367
365.27181267208533 7.459225690895965 409
590.5621128860562 676.5361200246903 145
40.623737725719145 350.6879041520674 246
968.0245077676586 754.9900191069581 723
184.08595103705605 921.7172485073215 318
840.1628065785536 559.8384655168979 374
765.3251708948516 564.6383453451663 58
742.5213036626595 773.1406816760759 310
537.5371730680499 580.8139080427851 401
120.63644127941453 742.3687871610293 233
584.2462319414167 770.7932790023464 778
905.3608745829162 567.3895628408702 605
671.8133869818986 912.0496362621051 935
630.7439471767817 153.5507407362058 507
17.41428331135708 997.0018685718553 808
465.09312024920047 959.0095466856022 496
687.9603700240286 707.7170600122985 500
897.9407657193674 871.3639751259458 915
183.2195797174898 8.585197551723267 575
893.0027446803091 486.45537789753035 929
584.8511876177912 773.5205567746783 575
570.560502126074 22.691898532596678 474
415.2729584123941 470.80488445379956 193
818.6545391749376 420.9654174902273 938
496.6544939128099 322.9594245885239 951
212.29478824528957 233.65765155412487 233
448.1615998714147 592.932897053894 541
824.8989034751144 849.7949516935734 940
413.3468896655457 952.5469642467533 724
999.5143660999148 407.4478048058899 790
74.9078337112452 149.26483377126277 404
751.7332989688667 828.8583297982537 734
73.05266818413847 134.3559099678866 82
426.96419555240925 604.9387450889977 264
339.20116795496835 387.06267600725255 215
757.1266323375313 284.8884702276908 754
989.5676960799143 582.9172427069689 637
886.2468833743548 920.2137412461111 404
214.3087145149124 54.22622019362655 766
460.65223624407736 679.3522192764184 347
287.3966656321304 37.830664234350884 186
142.6439458205021 34.3324404253299 544
999.3130983420637 267.0619466476862 842
66.08857041186845 72.3030437556742 557
107.41088494918117 626.4941262713768 989
448.58786461236434 113.07763017742856 424
548.0949636269714 906.6750329054876 398
435.48435126741833 512.3266891720832 403
684.2412877796085 174.45794628027545 375
172.34028190018137 21.594931105081592 274
92.95842317462399 462.39436915840383 163
481.5659330918429 573.1857643176575 577
772.3143106857457 625.8360244877672 555
408.10699122633974 986.0067947197725 258
472.7924895284838 970.4179066983407 431
624.9670877942812 978.9313863484722 663
334.20450101490127 914.2389399173156 683
454.6777216487603 671.2799273239689 370
752.4212732510858 514.2650916938182 947
678.146904002692 282.2611801171324 940
44.06316480966599 482.9968505377026 843
292.68646673619946 246.44852937052275 526
680.8956464923518 826.0814431395961 475
553.1267890879112 281.7608444734258 522
817.7665853843421 305.83241808125297 227
1.9496025575891363 108.87178673045928 800
152.6456746675876 4.47648924226185 477
103.62474576760849 869.5256500091081 192
990.0966918473217 991.5288305445351 187
4.205703437145769 278.8644162037138 879
688.309098756142 491.50373960544357 339
443.82861791241913 744.7704878447586 327
137.30410590868624 644.8826080758978 438
958.2969751957073 556.5685078883834 787
686.8759628250335 239.32234364216086 165
940.1971551436918 593.2054947384181 3
668.7361573819109 931.2124766963829 17
611.1211791852288 563.8819744545538 62
122.42422736683845 985.2959812752621 600
956.1380542886973 297.3423249030602 3
750.2689986868445 853.634072005349 253
160.76834515529313 273.00948545548874 899
207.74130446236472 605.5895231255562 260
740.0950503516722 555.6359676366218 287
242.79554060480822 83.46090876348022 857
781.5739846634968 574.1820207093009 81
977.0258785515202 818.0911473294512 956
827.4146997061226 583.6176396111357 242
654.726815560791 623.5158136825654 839
775.3785751646025 417.9645634741873 835
757.5115806657308 919.197320502745 948
943.2567147801885 874.2252656818793 38
251.62623076582526 89.71365611783477 877
792.0846193042223 44.56626028572386 542
806.2126719626003 441.3604103766863 264
448.2460322077034 269.16949253690035 933
943.7720311856766 868.7015487297989 939
800.3985557239129 356.26280063146964 166
365.6440958329933 612.18588158373 172
812.5443627388423 634.1137238733638 7
376.8970076913243 754.9614204365625 164
374.938229049362 651.2970134348185 663
92.91238935460832 82.12949803657943 977
640.2289212617069 179.66201711420447 59
147.4382228513236 640.1892688169248 521
613.0467614726501 240.71290610386643 984
697.9139342875048 415.34398155262096 742
188.0244415546527 97.41832914316772 327
396.06510033853016 221.71520220125885 959
376.9337513105846 386.3864634277607 529
25.858941769088204 471.0376119457214 417
705.7616303106115 357.9065735947029 373
633.1347060627786 498.93266124096937 589
115.30606712260128 936.6961608935353 127
507.4652915897646 746.7216712608382 466
300.08482744479704 557.31602178088 64
795.4425883298355 227.2477808246518 607
555.4964544648623 762.2541289548582 687
847.570800455096 254.01088450689147 983
39.17240268445676 834.456754617036 669
999.6828436888725 958.9295488546913 342
341.9139427056265 208.41584364331655 10
198.29254713201107 989.8886186715746 143
244.55301297131126 209.77314511525947 168
932.0667971830724 105.99098816614116 186
388.4489456689845 950.0025391406674 307
388.51514771095054 435.6034193107923 117
759.6768075444024 969.9757745237143 870
259.4921610101485 144.93317650517002 445
871.2169348892189 931.6589310063546 525
538.0293605425309 948.224630633069 215
544.3545053576374 506.7055519715441 948
521.5444243455107 62.06297550526563 158
224.55095026191884 306.11162648517785 980
992.8355609016328 899.9184198431126 324
480.28903551968006 743.0292346093422 878
704.5244800076987 755.2554094943006 39
709.3337571387079 581.2681119254213 125
46.718039438939265 945.5476674456916 191
417.62927023892837 661.1848364434491 595
643.0785081114053 98.58858867802822 993
821.9148778877258 236.5701570152554 805
923.6628512561379 948.3680466503597 509
681.0477024243294 57.91113686615213 547
725.905885538689 310.17718192176204 423
734.9437551458368 93.2020048858705 459
228.19953013273098 57.97786945134398 341
620.9407234994585 384.4610234090564 155
542.1036247167762 63.80134657536129 421
903.4703780964684 396.83375674204046 197
136.75523776194666 154.43227212807676 836
915.0882501044414 586.2028858707549 307
76.26710680169191 628.1653056316575 316
451.96755092594145 829.3820995457099 744
931.2535936147909 685.1197923962518 80
728.8102180527118 215.3330084233509 514
509.42312347738925 403.1687958595019 796
558.1082781984051 197.56469545216115 600
433.13006092844796 997.0436380009205 292
465.23329807379866 840.1101214117867 61
838.071769900225 635.7111287211712 103
493.4548359699893 15.71481786226181 516
859.9044349129294 522.6814325878055 510
68.8594106507976 337.42495026496323 318
748.3051132498881 475.7827123932813 188
90.52928304880648 606.6255492382477 443
810.3640771529803 408.1436988293472 332
99.19062845643445 430.3447887657794 536
391.883183219928 897.8879891471779 563
717.4496736618853 267.1267219588812 561
351.1705013775873 769.7071014453609 275
851.205551519566 80.18622822740362 531
711.1505944653746 344.5880059146582 166
518.0074862624081 438.10307034874785 784
125.07669489233531 769.8329565251638 922
389.77364837040216 382.9423977774975 868
996.9215698305326 344.9279163769117 676
16.14318677247728 151.12004464416927 630
186.223185410746 917.863244335508 953
724.7880340932534 185.32017765638264 442
818.0986814667058 269.0832902872688 936
436.9063447777478 145.41899428311388 165
425.6696009243468 101.72295191719871 682
795.7062883777398 379.1278696017617 997
448.07311711772013 163.9498515856872 575
818.3598963635502 490.354606972281 102
153.32087714724696 733.7725114396699 165
725.6675988087235 504.11239529525955 515
754.6998636632886 476.6927690634134 375
671.9650884698353 19.966507601566374 134
227.40604240258645 223.3957989600144 575
408.9821654049097 488.7521115647813 256
815.9696241264182 574.4285500065602 486
133.16503758067887 243.6791126273957 212
626.6185910434706 259.50805692165403 996
261.52069387345557 4.339594602389751 261
275.38877359626645 272.4303564332784 541
319.641737128958 148.6203493274254 851
809.119040388818 789.5464827278761 308
973.6650646671225 270.73671283066506 237
383.26698071832476 600.7712163938304 60
400.7799456565433 958.5965770938352 451
189.96372584860265 447.7298836734864 426
909.5505103472709 409.15234373401313 716
805.6398304179112 776.2673928685464 988
531.4927805991634 229.7237402087633 489
449.28230536802204 169.67616104487325 215
347.5399948776197 713.3969036471881 6
738.7681499342311 203.19533981062898 911
469.0888020291612 957.0953250912568 870
979.5962140464607 984.5779949506917 614
876.1007651243183 207.5757327871901 487
533.5154421611644 111.59030346353016 289
667.9697379606855 686.1456376280178 674
387.80009568053975 575.2515068687404 741
359.0808874484187 181.83212714405738 910
938.8678372025668 660.1799295846544 141
697.2807648061511 14.803234687894907 197
453.65198891956214 950.400763847394 224
214.42378991644995 543.2321123840221 672
981.8051543341277 576.5592134667475 292
536.7818425592882 730.8535652016989 320
82.3405860294445 843.6989414111484 700
461.5877434798272 229.12562735961416 560
909.70360081126 549.6565269796974 516
560.9638590708614 506.26992304421736 611
263.2695110445835 86.58835654260533 199
704.3604634693388 896.3103434568199 112
636.2624637862688 478.8615965316244 493
260.01942975223056 129.5688822144704 321
6.287676973837919 322.00191211539675 896
243.8232867763167 273.4188841068479 409
980.0564412237452 155.19238440789275 837
284.9177504020586 265.5473738271512 985
383.29986712341633 404.1104968242129 521
487.042245238427 279.87923544316794 854
877.6973760693461 915.1141631031543 803
655.7042381717932 254.73475598566918 928
757.0238400541883 483.3829110313148 379
592.5057224605082 875.6098774384953 986
599.8660601599182 763.998334578237 539
764.5998973609418 373.51906144160483 610
927.8432876958586 230.8112086129127 790
634.1986486240805 505.7990828215664 427
482.5490262930326 277.2883554491223 836
620.1533943475262 530.982609168016 678
857.2723088156799 769.5445456049144 891
944.7863902790074 12.660015666956625 586
276.4589267651475 156.39066682718504 917
676.0652403406323 601.3511660834174 144
413.4822193401133 628.4435167357069 756
150.65116174257508 69.99679526272618 232
325.27552387832037 194.9151867176514 89
795.1172703379008 530.9350242897293 722
574.1522094317625 118.53445802462936 551
661.30901514682 881.5599036625745 623
948.4360351727322 452.18872608957486 852
445.1337524725823 308.8710114272307 127
219.32762835731577 954.0213614265299 89
777.47607394947 416.9074218694393 535
972.1665781029366 919.3609605029693 481
288.1157223884459 473.0485328510806 718
294.74251650263915 840.7743196383394 386
599.1571413811989 499.6394862860368 910
512.5867745528656 175.4754704133783 689
929.1393590805545 383.08746197803634 641
913.749562450617 898.2699017625769 180
705.1299168257347 102.0729153450477 308
242.01497821059837 354.6965819945762 469
836.5950317973661 164.32130306497362 449
81.32146554638808 5.516122102154353 972
761.3734510207125 769.5904218283669 869
670.8967856345158 390.6932514706891 681
87.56553905937992 681.1774417272228 81
682.3084885868191 32.84881422783214 219
168.41335455128657 844.3326604189143 662
615.5601178042468 803.0841115744042 682
109.0031630788123 134.28559217273948 782
273.1013617350522 573.3461739203653 291
587.8424042880716 188.46815104351765 616
192.2781460367513 199.84479976509428 368
95.37964246852071 491.69419739705955 819
805.6422493726759 348.19462688535543 628
922.7665228816571 9.092679285023442 411
410.98434675352433 15.592795534200343 608
123.11941859248377 67.76034949660459 234
759.4136670929106 185.1918831428887 551
187.5490215997504 837.2988700211343 976
67.07439651594926 804.6789331348311 822
775.1651568469746 607.3714527216277 691
293.5584611371684 413.04630508248465 899
128.193058549806 453.19372967447333 928
592.0267470634122 57.29783911479247 134
486.09687880508943 191.6291774724931 543
855.8681595601035 197.32281371841452 25
683.0951997104959 326.93126735078823 503
319.37635510301175 991.606004138841 195
587.5367086485838 135.7686776650251 205
78.2369132688171 703.9727882246866 350
470.3253425571907 287.57299841485127 81
346.16615994043286 97.04778555981575 690
34.99615364216113 28.48144146858944 981
361.4634933634924 110.00105820661877 829
68.47482484996704 241.6004720500823 434
664.7487899172203 819.5067738395192 260
861.858750153976 854.6281065427456 149
640.0265478537566 383.4561488696708 661
706.5521716386472 664.2839227602631 417
380.971090182501 236.93341262620493 197
391.2647527537928 508.01424421547745 233
232.64506227263792 485.4144762931707 535
898.4311495919484 299.852751724204 56
962.9269519104408 750.7548895632468 244
621.254990249472 444.78594806598323 746
71.919417407444 505.94641844517565 949
858.3424432154295 369.2943670879175 197
717.4017928488084 530.245826255577 345
441.87944159781824 757.7900484852136 173
463.7114630102378 539.4768572636224 867
620.758297078009 918.6894218080049 88
458.9852049449838 317.5703148955351 174
417.60541418684494 626.7144960377805 752
514.9862982856085 57.52411859378426 846
463.32030468193386 787.364655675863 741
948.9445259545024 222.68757359554215 171
911.5024788632421 474.7338919458798 778
809.7216594308941 837.7907057528239 943
74.0502846407416 643.0238949360676 253
483.53147299584674 752.1888631091141 705
273.88787717968256 653.6416999915496 988
439.2162980225945 243.81774128654078 154
79.4459009124121 68.30648758840896 486
594.2666202234226 48.288017178025335 608
496.16190006108394 98.46520049477236 254
396.0914521942784 284.18289823551936 186
420.42823076621016 158.90627767623812 563
508.0208483354126 557.2376001144643 541
853.3446519226937 23.820735389490476 68
927.2974840904659 93.50928497986055 166
693.8794001865263 268.7226353319799 832
207.9251719861668 911.0028029738727 170
430.653684475385 707.3983034220836 413
437.3247128778105 881.2485384517285 881
741.5952631416343 188.79743006951512 541
523.4964497036195 104.68058893849918 273
639.2457980077905 823.8088714473805 618
242.45452053339466 16.657184235864708 180
904.6532021739455 247.46056326408748 312
163.34694299704367 921.0081590990319 810
977.3088697408107 260.5661218204323 542
121.98165897537805 637.9785667338882 693
973.8502186950134 393.4021859867066 480
932.6574990200567 347.2734071397775 839
190.84102336930763 58.99670587508976 809
938.3776448038951 547.6031589749871 208
963.6405168460416 170.4863832412834 958
377.9393831051667 678.4458110918748 481
199.8293127042786 551.1488264348153 951
34.818203076638746 596.0644324854105 394
441.2298596573223 329.94072794032803 439
894.1533741299602 293.8964296768812 831
544.5440466961711 125.75170397664981 647
825.30630281948 984.5638002971773 428
588.8268877222715 191.28654839464554 459
543.1284386773813 774.6327383845296 208
888.6604684527437 305.2130811807473 696
936.2901481987066 214.71669405100323 94
337.9683650272826 419.4184741406931 807
860.5725184480596 917.0373736512478 447
311.78510121346403 805.2026506727327 570
913.5771478720796 42.07804640265511 938
563.4872584825197 399.92415756495836 811
734.965801871065 179.02285727951949 195
885.9865264788466 583.2245211457114 622
99.34190814303156 426.0932672735224 637
951.0833115916295 451.62421950883527 267
863.1624076248066 36.830243200861254 501
199.59647982819362 46.691920149791514 966
713.5058998848757 942.0257858294583 71
513.093163293337 939.6797346829037 569
242.3306932754411 893.3680083006857 189
558.458308986261 565.3889134767912 686
985.8858245086466 57.43291763854819 887
823.4516523678985 527.7654668023844 514
93.64642399440548 39.83361364076288 741
137.875166703474 481.3915669157518 738
85.33156641346385 415.98632354938746 671
183.60951665007386 39.513187686730625 95
439.1451838574093 1.9141512670944882 132
806.5082073929469 663.7193361347283 189
731.5886554127851 126.84582930565458 60
383.424513928569 170.03668384965266 756
399.74256714459176 31.49357883681403 274
237.29016002550517 453.1844230145114 567
69.37089285349596 666.4638227998947 629
375.26077066873376 513.5068352453255 40
815.8098443819608 85.61796190631455 240
991.6728562576723 640.729101978338 142
377.6083436629659 200.8422935549018 107
166.4967540274609 106.17758167834279 179
657.7991439330583 603.2708683185189 323
747.8298717198928 657.2171098428241 725
430.8383830948823 998.7760825982177 58
794.5939120250977 232.14945550956622 770
563.079635338068 248.08873945121468 754
43.68101210557407 951.8558383872077 752
913.6168760021255 194.6167776885236 141
984.0170962224321 729.8326101403931 360
524.9077698453091 206.51148288594067 789
629.588531583833 217.37546630677951 872
4.942475800626567 969.567926628574 818
