673.6471639594305 494.2071873855226 327
856.963549075748 381.3764216272588 311
26.111147331263517 80.4918542557732 912
560.0199245898419 633.4436452320734 917
277.5847566447315 648.1821727821854 72
172.79487287110706 230.72451000355508 244
294.0415552407586 133.43065792804876 364
651.477258404267 994.816748886346 299
178.48520402911515 202.5054327222724 125
390.90189502701924 11.02948704413742 588
135.775081724681 195.54194787262213 90
112.70342377728004 885.5399541768004 379
247.3862511646342 451.289441054478 583
578.9515034818978 533.6172160657658 411
329.3362763125967 638.6746088142099 123
998.7675982519337 252.00558098114556 238
796.3373061093797 636.2092867220359 920
181.8538974345657 52.12191438607161 319
39.471046609367065 550.9648097870214 533
315.49838428622525 226.55870752075103 437
948.75160981095 113.8687674835589 622
959.0189452338309 123.75394612643787 628
328.28087462371013 491.79435312381736 887
447.83008257361934 934.3454726100649 235
663.3645811890414 281.3104997794037 831
584.0948150992883 990.0950462458633 96
469.08225574960574 52.812795768716 68
834.4397300870555 943.8633354261701 510
429.8320847386908 607.3806745451151 104
344.6152982227677 109.03502695373956 411
244.75816787946292 965.5755433189071 548
791.3927621398801 791.1697938577222 826
733.0979218887612 13.457210946583697 838
745.0611891851898 723.4615170018948 669
582.9864204691947 31.552782502135777 111
753.433433493281 312.9711388261115 127
691.53004472696 441.32188363039813 688
85.01140073299341 174.1572660876014 146
423.6304957262825 467.0890192503601 988
492.77090962724014 865.8048655372291 638
869.6298965497094 707.7795018902724 141
640.2691296017692 652.4886983629164 273
283.8046608485729 38.112301889389634 107
116.9205010173211 736.2167890855261 858
740.4901929504 625.3341755248376 75
962.0394291740843 317.29152777555356 24
121.00682002234431 560.0424386270829 990
301.4000610974956 870.471073381506 381
358.7915794765249 858.0007051937338 624
262.39881801179 165.16669465626467 789
926.3278461166243 11.574303969868582 439
159.3807562092392 984.2426439142228 673
587.9987911237141 665.7039592870136 403
299.69878132834657 132.26815202390074 598
301.693429176224 472.37595208590955 670
915.7347828972266 673.0730779099073 773
699.663348415514 363.50349944722126 113
314.4114613390336 180.36691084149925 60
445.2038263173736 338.4086780472303 310
87.62775536991008 615.8580746292009 505
292.7565714690871 704.8855839576853 641
171.21760643808614 816.3015899226141 605
345.78368466244444 893.0860556802547 378
127.85478176001341 648.3995204293744 727
955.6558988833177 64.92899544965525 775
290.0546290785063 258.66858317134154 884
298.51591047448966 629.4555109148106 147
977.6653258285952 21.063271092923497 144
417.3864012193333 759.9085331286138 187
772.8537987667438 376.9559579390146 268
320.69582526793863 819.8327365789238 206
802.1092360218195 763.6762797116884 632
86.38504329216656 560.5147547740515 316
154.4794178160036 737.1412377646219 507
267.43336992838385 553.4310823204859 947
919.2446520338215 288.3654797686901 715
517.2780335055746 265.8262818707432 780
384.3260281800245 742.3408463146383 558
949.8470343353752 539.8176077198368 879
589.8970269929438 320.6018005121357 167
927.6166526745596 956.7338486086086 566
528.08882164885 411.952071756979 260
712.5507466164713 764.4018557919279 913
135.04731490266943 922.8790818815688 319
270.783190792353 532.7075489548612 884
440.0803528290774 552.1877590362456 310
526.9679312044125 75.93340253881064 882
975.0757341389441 317.55412634465574 170
363.53060652113925 179.65495178567846 393
358.3409294660701 42.92189853055339 160
13.959197219988507 959.2144455915576 933
133.20678657196072 152.3898420824973 216
334.0910072624015 331.84320624756845 939
506.48258323084605 820.9144105922453 775
634.7571620688166 80.28569570668176 727
819.5427466108839 812.3986748849044 548
879.1894580373746 448.3777840897556 240
292.64098243757275 273.2994737537511 40
502.55892996893226 688.6098705862714 452
798.1289911684804 616.2120627766608 869
898.745196183438 265.688059036616 724
942.3681937436472 965.8651546491553 294
939.4041632428822 324.02640039272336 176
433.3492404336641 556.1292806866054 513
167.03683572793693 953.3806071788291 780
520.8601941634038 90.34662244762903 183
661.0540665548891 246.08934816676796 962
111.12849393639401 889.5623274378927 663
36.54879005108891 778.3840629872784 583
122.00555404314962 669.0194325908905 789
321.1907960630761 61.80429541805954 528
636.8928079311959 873.973625004865 331
375.0055193076686 450.3082862952301 507
386.18403936223575 826.5272189659831 432
68.89842746523523 619.1996703836204 830
889.9114813204577 934.2025832837426 545
267.14035382872515 26.434772399034024 145
644.9213351890565 529.0842292445004 591
908.3067667355563 782.3417533406049 562
632.5306407462037 747.1587907775812 977
853.9110256094026 878.7008998215135 501
925.6322283665193 245.86583087978897 905
993.6684750260484 248.75439612617 262
890.321504843226 625.24517305114 668
804.9922769078712 311.8546259649505 957
703.9536297635968 712.1049463367732 868
223.93661693344714 88.6778039323276 369
527.4589651284284 741.0454078173545 679
415.25131472368673 523.1553284516136 95
380.9768912028211 554.1130861745415 750
519.9772966390304 78.84607396973931 334
867.7521690407718 589.2531530429803 331
783.257038017876 440.37813718934524 526
69.47010782841379 774.5367662454776 387
298.49812777293903 158.10121457956916 658
18.11454460447348 623.1448404827291 544
885.9012887717406 686.6668967158827 577
627.8896690210233 93.40222919790398 560
889.3689287473622 593.5189304701603 584
205.83480907704765 660.7157787175347 657
445.68122558987454 409.2872255254429 526
347.09502462750874 642.2445585044071 441
944.9500855617961 543.0968301996974 524
2.51358301952187 716.2217057913064 234
524.7649721473987 618.336717565642 267
448.49162655823073 171.82871537421042 461
885.4996438064921 411.93778452081574 780
651.0909877155373 498.96815047435337 531
651.5416653156913 652.2361795374237 958
510.3234438601347 76.93568211346013 371
567.7866012669558 371.0334583144487 20
820.3544200082155 264.23674015227704 646
96.34340786450879 961.6457045964256 394
950.6446034084908 279.04228902394334 213
910.2612673463458 11.616312794365925 943
690.2897196592489 967.6254457395348 917
870.6998093199121 5.486518303533527 117
51.79930399106469 519.9613879937203 247
337.3625897551176 571.1414130483629 520
848.5294188935605 469.80787922185806 665
209.66674534388207 96.66266306940663 730
661.2237164751548 942.3305699971831 716
616.2803881060235 937.4464354372093 646
854.2461177603204 924.2888057337028 763
956.6466498261038 144.48525936497148 979
875.5525596231489 169.8142309088112 153
394.2946778524976 836.6035311292175 657
448.2173217991564 155.4254720647632 352
154.77318860194922 807.1549055497727 548
964.5425390384438 511.0787606728423 132
491.1502299432703 978.7817077795193 687
411.2112079987168 296.1515236589912 263
193.63606656481468 288.12006461870266 524
515.8616763588186 118.89825183679793 700
181.41961101131653 322.2633710971301 633
572.7243377122551 608.9497934344374 837
684.3489643938369 263.38281410459206 596
287.2490319157051 316.58864850886016 248
107.03616750605083 451.3736408223945 313
18.60264929317479 771.5210941487506 970
799.8512263341569 120.43990862954968 470
37.8860339311875 834.3038822500316 661
954.6556901976475 241.54315928191582 517
171.40043493973744 101.39786591142396 81
168.54386186983606 590.4502569345227 411
890.756061683343 587.35271744543 580
804.4463531500631 426.4396330694414 903
628.4935673432482 459.5964130929491 317
825.8852469175549 586.144383543525 315
311.65979787360254 233.48635175797884 276
402.14883750478157 857.0503966134725 3
577.8222158102316 711.5146395696446 691
291.1162012440829 733.3277667698056 366
672.4797649901321 651.4018722204827 179
36.750101180934024 895.8367777784806 312
763.8121551435664 503.0396166384171 265
56.765417052122345 180.9146617812577 617
881.6373869706312 237.41875715752258 91
394.48789043297836 299.1666669147618 561
542.0704205528014 405.1792697599593 335
367.8585632192153 36.22455155995097 882
726.2665663932362 735.7438966286992 211
331.40160539012106 290.3111456317677 90
969.5872248534961 467.10310455882933 268
605.6721728443385 910.7601954823052 973
420.49038124271874 183.32557299664342 409
531.0696637047589 80.18240916995455 52
48.166668904601416 502.9326087384081 15
968.0597604699694 764.7175704974176 270
422.91591402691154 336.804408172121 725
908.6041100009002 742.2823812599265 620
630.9511032382278 879.0711133577576 177
695.6292433472879 908.290468701412 632
587.0855867738272 473.5607493571772 69
606.5170442543799 948.1227738773475 391
851.4802432904033 296.85232875670795 285
950.223937484034 319.3938814491002 241
198.52660335769633 662.4278558279673 437
542.2330268823158 734.5095739884594 380
11.140800222193326 406.40088904853354 628
321.90641792001674 925.5967224234383 202
146.7428142902728 817.2399829423583 851
973.3301857393519 854.646463370514 496
481.39660048880137 75.29401626514543 856
386.01436648524344 890.7284170102088 352
372.4061511108938 473.1127802847566 342
678.8949891410791 776.8434319910541 119
499.5283031804615 461.49166047280033 637
434.90993538538726 844.0667440364401 132
409.9179284422749 252.87030326690564 712
103.20230732871826 571.1226834448512 208
783.4341730510612 377.71433494483796 221
949.2753668754672 749.603479979357 883
717.4302530840852 247.81701889814545 788
941.6647809732514 91.04482920361545 441
582.9867564637539 156.7314958448497 151
348.03784685289986 301.7758350785329 654
156.00169792934904 578.4279694893274 615
636.7912099811626 514.4814787657381 27
595.7476320855243 201.37039041386785 991
203.60573601932896 221.19539074439098 209
576.9612477032216 170.2933063413443 220
560.1433507355439 302.20557921087334 1
78.00538165254522 770.7477557313031 48
212.19025739984733 610.6323703403084 200
560.8773536138934 585.5222367318884 234
986.6208241876027 52.02660472011789 759
992.8171355795945 803.532722626878 341
893.6593065479378 250.6105928228123 646
968.39995664502 670.7948685803674 478
35.98293032362321 865.8355967304905 828
584.0651146904885 512.4430373469198 670
12.260353895796051 408.1192317645206 122
305.87097641383156 138.69152359029403 667
541.6006308518864 599.5683815755552 23
94.19299604877318 167.64726026167864 657
177.9049450325474 48.11230018431167 477
969.3326440753916 687.772497399521 450
522.5975384812506 929.3688208997962 46
733.7524274789563 952.6620152195657 231
874.48019331376 731.3079182855698 179
686.7416055103273 913.1907654613674 907
688.1980834240825 96.72098053737032 695
394.2210894582674 937.6317045447324 8
856.276925692122 353.40778494379265 213
833.1845906938853 131.95794817698913 230
253.29868278088674 545.276887431159 742
552.1344587119223 334.52755669520207 269
958.3691764932664 385.8140949010537 208
12.810378051881566 574.1115538352024 296
803.3116877578261 837.9038120296299 866
929.904738818372 384.26675932754193 959
687.631305753639 965.4643182400791 263
703.8657105264298 392.4894867213772 400
74.91005957927987 363.56497376535503 485
647.4616704026741 704.0956338361858 801
975.9380957862724 609.127796908702 554
72.24871571554104 80.02632934926712 518
691.633539304327 905.9077518411666 1
457.806048403295 505.95033403307946 945
923.6238367535002 247.13239501865914 880
568.9357386554166 830.4575084390094 822
451.2215658568621 185.1628573508385 453
851.4604332382255 832.0572921826077 720
488.9283462584113 315.4026689544839 583
443.909348227602 299.83743926000716 965
838.0671364318525 468.5698916731733 723
571.6439121798387 137.0815757742747 788
86.02795322418322 668.4921633499725 206
242.87026325150197 56.13980548890096 891
341.3668604392972 961.0901188617621 566
57.36233547446024 856.8130994196187 252
218.37440715698497 271.8230838702805 926
797.2484693138365 455.6203891887547 847
905.940536214855 309.2046547287612 596
152.0881160339369 727.9842274367946 478
64.47287088337316 554.1138587690891 657
906.7289858026504 456.57201696873375 461
660.7161252571378 977.3273710474907 109
5.289858709439432 874.8446929813258 636
926.6991853888479 675.6707476950631 809
944.1552072154434 925.8401195428036 572
256.57733088032455 93.65411284062775 495
611.923776861372 926.1035412661786 731
792.7811853668283 735.6712896588315 401
542.8795641194527 550.5464908293338 354
43.15640166404344 186.73817891942235 901
82.64088278825233 714.108491453446 110
417.4386726597575 633.8611052779455 438
514.6209400603472 192.63049299680534 487
653.645908086338 666.3024050180321 685
216.21789151955727 775.0751978021716 682
582.5629163544435 712.4576511230523 525
166.57250496814692 623.9776610547602 325
767.1562628277081 606.378592601505 840
211.2208626996238 567.9543745134921 770
546.1631420780444 287.7838466656706 73
89.15720734287402 293.61811192513164 683
262.4828684652959 809.455640632423 972
857.9352100508532 261.3092395967065 303
566.7232373543817 587.7661406780229 909
438.86815168161485 833.6847287224425 967
539.8132514656143 135.82899277426895 788
134.7108338990105 18.44460782519397 815
147.5261167429749 778.1590396886231 620
985.157929944486 877.9494620790072 418
452.66759006068037 515.9137072098162 293
352.1906702272898 613.2782908003365 487
464.49526332811195 292.1067423846296 883
262.471894789975 411.2609646656834 534
591.6359570386843 745.4152989570974 977
12.563882432329754 759.8494790607537 365
87.99740437622405 229.58294013298607 294
84.99187139606545 585.5792091495385 345
225.3411562307771 108.61329452249046 957
356.74895844297305 589.1398599763721 843
124.74249663847404 233.29561704474187 145
915.0667723769815 722.2526720160671 200
143.2399849750312 545.8940812967736 874
851.8422781903654 433.1937926481566 839
720.979399394904 897.6625789735341 527
796.0909618511164 577.6936627056755 635
618.2318032965043 913.7503782490749 282
440.6613027821441 560.2276008211161 475
59.89271719500988 181.0536077138073 289
930.8694575553297 261.18911589327786 189
179.82448733700474 847.8493412934921 493
600.1159925529317 570.3724223901664 733
11.276279565703096 341.0520767049459 635
727.8113126045029 583.911879255569 432
853.6746301450091 460.11029979229835 777
675.984675160354 850.9923196327004 299
619.3476370949553 778.0599328910192 144
0.24195875757371255 632.5204163565544 930
332.9218366394601 705.8531888417766 822
687.8088976626248 371.8215607738312 411
906.8662238461999 613.139846819257 319
62.34952027221463 430.16001076297437 730
605.8928322683643 411.81203584359827 151
602.0324324967629 106.87761166897059 692
337.43526278966516 626.2464993282714 164
222.95636304531828 231.295938505499 106
186.85881000330673 814.8824648135553 896
43.03347093657484 614.4540171420712 705
170.77683170578683 865.5990416939153 768
769.3538928992322 913.6207552683926 753
825.2257257710085 470.1665841683096 708
929.7168990763327 389.5803824000198 25
210.21520325352705 359.5625171145569 196
619.1086833935676 653.5521930042232 122
514.294336982573 828.570979433422 250
290.82890744746106 929.4584138603813 549
890.8781003390718 620.7239214474151 876
389.31649156884254 272.3846336234211 97
379.12479385658406 600.7669369882736 741
77.11574749056638 691.5000214064154 199
973.0664760838796 269.3466490672184 938
257.0687863055212 479.6900263532017 533
401.88672504370805 662.1869361446351 297
705.4576340619302 55.4175579912064 890
172.83287893547606 332.5936471186667 913
722.000638316574 945.6282541667504 508
580.3578287760437 113.84233661955234 699
722.0607548995274 552.3897739532149 197
895.2337751789638 341.92387578658014 722
974.0070477765788 8.93849724689555 561
215.45964396964513 459.6463601307149 69
418.5445391083965 876.6694240421497 336
761.112039694601 232.41656292354273 359
511.3424851715638 205.87883217617198 159
475.23050835322357 418.1943697457701 167
134.13530620281665 805.7013695180092 615
467.9900363857323 348.2447935879512 519
124.11541706309714 583.4097698216972 619
459.02579285453106 625.796326140069 90
136.9323226696797 507.5325582915604 185
594.393256701611 87.34972281209174 763
916.7319398293588 273.87053620493685 180
330.30478576933297 631.3666993556196 547
996.5907185748476 875.9083279039596 683
849.8507745589176 253.2663599397177 676
757.0325782524272 296.66231061829427 810
352.8468029850058 153.6682553749229 849
173.15885537259956 242.01243292757079 666
280.0760885308099 254.93919065167015 837
952.5478898614119 387.2053655037666 88
659.1478796668226 240.71803566012196 314
276.064381038977 714.6103093925155 287
637.3769137553732 743.4287122187101 71
364.72670520343564 169.1777888924705 798
519.8811117722703 895.291067669196 109
529.833530215394 242.1946436334391 609
436.00518908951267 888.3513944570159 279
478.4457414391292 266.9806557711434 583
298.1812820607098 319.859239810307 289
762.0183579161176 487.6313537081035 747
896.1383299705878 574.0686892286028 128
147.935398635633 486.09945238561414 485
373.6642316671173 536.6307047271238 519
238.34728992476627 740.4357666896585 805
402.206173015667 251.582158039509 683
167.28548962201018 536.4847124589807 934
483.3292631636195 247.51109140430881 51
975.4944328643068 146.86256425753274 398
288.2753025656374 165.79997130702785 169
110.75413142063051 153.67243004353148 883
605.5323074614194 907.613504179716 52
506.28379547129475 781.929030937016 949
493.6455300832882 831.5812784441327 83
483.47741587081293 172.1755064877949 809
111.62265330085042 10.363813871385075 299
286.4583110920373 808.5861282402797 959
357.92802914431286 101.36524830259064 458
286.86182870354435 906.8666110854405 556
960.6239069959541 121.70511687780028 822
293.3484676124347 176.84491423609862 46
503.10535537848756 365.5814104498495 361
970.1539345843232 81.97803897662625 581
83.61319373788967 794.8959179948939 835
992.3097648686536 120.62913231353312 3
628.311580091456 345.8595497391348 51
608.844518906958 893.6550537104847 644
283.847656649083 175.34614721278908 591
464.05687184178544 167.98000969020498 382
314.7424365970798 473.31593294470673 233
814.6855705738716 412.59079584655814 102
324.37209340619023 95.53156080048797 711
396.2337080131927 265.2441700557424 664
891.1792038417716 658.3210825477483 673
601.2794355279688 268.39418876091713 793
425.15288955798223 282.98448125786956 788
201.59530890248578 683.6265575811074 743
79.42678337374642 605.2753916252524 256
247.2475092327574 540.4903709385825 333
756.314291021235 139.35317162785375 110
35.28159963645594 526.3518322832704 711
200.91024344817055 697.863261361607 705
893.3463096793407 170.3643045762001 126
751.912150927771 541.8843311388679 659
364.2137597131073 774.9841366541174 90
243.1271782274861 5.2548053119129134 718
983.850572203316 907.4810942472681 981
79.68387856865976 568.2925072830865 136
93.92321447591301 311.54223104193466 709
106.58809674368308 421.5845894138545 82
694.5710324621862 592.8466131643373 4
739.4213737108307 652.3612775112119 211
543.8374383050972 141.32727534668476 58
437.4893042120941 87.59087800688314 672
841.3352626316517 60.606641413468274 644
398.2853092166402 288.93443025383783 596
688.7663906293973 583.2554559221908 353
456.6662106669648 691.9681928011356 160
264.3790058613538 709.6114685080192 928
642.5417966435105 998.3630059418213 736
848.6405877819459 463.24199505508255 102
221.34958803222483 579.7674781179101 496
34.10609428319577 272.06543461634067 296
670.5850140004617 865.1814801162981 456
881.4511335459505 890.3456228217743 830
647.161513643957 832.1718573577865 393
35.892810608359696 4.577071106025343 804
422.9525747692161 65.23449936387205 180
305.77761772318877 90.90970357693506 531
395.2211648853359 790.6708646974083 881
876.7618092600424 683.9491011259545 599
57.09053570735145 0.3281891862616515 216
391.5859178661927 231.38279463532797 924
163.92664060997132 159.64874768716152 628
71.03561348386167 575.640656106072 792
831.0009126916103 414.59423982648946 405
434.2332440809473 464.6041644713411 832
929.4095455374332 322.51785684606114 793
519.694939823338 670.0236153472081 822
676.2572998096306 55.481669178589435 365
582.7958076867282 969.0346041264002 626
256.6934031279683 610.1728142548799 700
399.03116461208265 689.0176372001029 652
821.9665947914318 733.194493769927 18
600.899099461776 149.68366581733062 827
346.4897036215914 955.1803035654435 533
866.0516705530559 213.2042573362949 71
176.22279717747668 860.7897158807895 345
796.3529661083566 444.298481203407 776
148.3134635243941 559.5648284506162 326
757.8629484958096 380.9618306178161 102
265.92708987596325 734.8915319338674 668
128.13217776719165 9.897442294397818 554
993.08729704698 739.5585018141397 730
279.7037287237329 887.2965181408358 537
182.79735509753837 891.9061919147546 197
716.5473660817369 733.0776431321077 141
336.95391230912566 590.4609145708879 348
548.5465945933787 556.6586951317697 735
63.47272764444989 294.1458512103757 824
953.8006034492143 675.2117849792121 578
46.75384945330929 405.8341313691436 703
367.7180372055809 756.7059597866353 705
475.3783620722618 489.58181584798433 995
274.1669708901552 831.5045040249056 307
848.3235053064357 569.4788646538123 4
761.034364162661 481.86716439473344 94
402.0404992457761 19.22707677337121 952
225.82293105638507 561.5577665468312 666
909.6295473282219 105.86180467570105 383
412.279921744408 498.5203891043115 891
258.0411748421441 78.95024326721678 2
451.09756187354424 82.0091111787119 464
706.1984051910915 251.7666507624171 122
635.6738089627479 86.63758301772484 928
483.7665153509024 562.6650207836365 79
704.6919305770464 3.039875324955754 922
474.53836396652235 742.1554139157896 451
440.10780041091937 690.9259390765078 152
489.349651656566 122.58083397960596 752
284.21715069289144 887.5969221440045 242
397.71346777417915 105.81564343000916 289
820.4877816522948 136.73867166533415 629
225.69802521065608 553.2033591603525 173
580.405050167912 317.54712823424745 603
356.7238559809175 513.3157376271399 711
734.0902161219393 89.8904194647111 979
231.90917391481713 754.2797880660044 31
183.4024509209382 107.2531235249674 520
814.5795145524871 24.35389458240489 123
87.74045455955104 631.1927913521049 254
562.4469971881376 144.65893624346126 341
279.307016660336 728.4658961780077 83
577.2759174531163 959.670502403002 472
256.760875801531 19.83216526435139 949
750.9938501325358 281.3884788517016 880
341.58159142509226 227.83532755097514 5
629.4164038706994 338.3720140183799 789
295.8909085318343 401.859273549991 46
879.7276474572406 685.9740136058608 482
333.9564412245498 639.7639926327514 594
551.4068318565525 209.47972159819128 262
661.7211695194597 379.6596274571675 89
504.9275246355576 250.72224253500374 671
645.1368234766034 494.418999366119 176
659.4880953386643 283.81854079125844 556
194.6616905911448 360.0391497037976 446
97.3286592435345 464.18014234684233 247
693.0648988949158 523.022753031724 938
692.3176865110273 288.3121596974179 232
339.9693825977016 657.2309268747971 585
830.9907571869063 922.9919236585226 420
764.7355566417044 545.0548096466052 697
178.28725602865669 413.5554093525946 268
599.3119861510411 62.91654893822374 898
776.6954941610153 665.8289171484384 736
507.0158935878769 151.27532432293035 979
275.37597769737596 948.3205403254508 996
397.18019606739665 466.1271509485654 477
429.3570664908127 311.3695647531185 386
802.4552898881733 27.443900571117453 248
335.0241669670327 138.67070888977318 635
275.00779861358893 842.864890652824 719
506.28848674176817 700.0389767674808 367
534.5006123911522 451.7823203910091 734
140.2039309940579 910.6028315390853 309
376.16489348969 841.9905992968895 531
516.8241266293986 373.95996869975977 603
651.0897562183047 761.8748362672994 748
157.37445617042678 621.8265822302947 965
810.7444911739816 908.0861287419112 100
115.54194157620701 30.2534368073184 898
230.49814098279154 167.6396333301238 938
247.90289991723824 406.0270909187983 699
637.5295542989703 805.9791337457234 689
335.9602755151404 668.2145905924099 897
785.4596192052246 69.08067580140286 874
312.0971344970911 977.5228804923696 811
373.63828837561186 770.9035089476147 77
494.63785663297165 441.14231694349024 636
266.1044161015661 745.7079848947335 687
236.79308774097495 380.572860039918 775
697.0773890482927 852.0662070228647 625
320.3959815936226 231.03270143338804 409
333.4189440187746 478.1355585116119 32
514.6762303213355 560.1841750364977 194
714.5428571059347 960.6903174102404 979
581.8713155730538 459.44072385038413 909
681.2423879392529 610.3231966604664 106
861.6528349861844 154.36419130293677 323
603.1050530544786 913.0785374407197 575
794.3152690138947 385.7507425858673 116
480.89998196259853 962.2405376600899 976
328.8643461047369 818.2664336992443 397
815.8357786295522 535.9017555502244 489
438.9258280498304 167.06494568151953 707
234.920092308989 320.5313154361075 189
312.28217644754505 449.38633449489896 12
432.93366926739674 958.9713389210239 183
765.1716755795301 294.4886555421575 478
663.2386006495476 999.4503773802159 5
267.67085524823085 924.898226241492 660
360.96384648383395 989.1998418446907 83
985.1327403624495 933.5352770471359 308
101.92264723508193 197.9198587890012 856
316.30557024538274 161.7847505503067 11
319.2298207505272 766.3258605161981 979
340.0737904813325 490.45157840923747 328
54.81711332825323 469.0132991384395 376
457.47183493406453 293.00712529170613 256
141.78544626448786 628.2216673049726 106
155.97907830283964 316.6352827853191 145
558.1509522848967 473.4263577118543 486
789.0370922879277 654.630357843002 256
265.85785810881356 487.1311689470322 723
252.0094237315498 467.35692296072426 151
476.44539503072605 71.1972352090261 949
673.3724164572016 934.9938350421614 30
887.6060484439637 41.47085720726773 485
963.1643650240978 714.225859051033 633
127.56500274224258 614.5558506105529 684
329.7416742733542 983.1224087671071 605
126.16370731137461 834.3777918203295 752
683.6191129064215 105.52607235748546 888
470.8833888480876 604.6854305978686 688
711.9927927706427 513.7224734475554 229
523.8914520828475 935.7657578494806 171
247.73265690306033 208.97445356498423 764
958.205062944365 924.663907940403 651
327.4397185928649 924.5473098409946 488
348.87865678716565 304.6975951923937 458
539.940638699515 771.9892814460183 659
495.16331744939566 638.9090786905522 703
835.9327233671361 401.58306256319764 897
378.3136330934304 545.5321095264787 430
357.25772788267506 533.7869467621083 684
60.723201584722666 268.0715336384655 366
217.91413150057735 414.6920985227957 703
332.1943261419158 65.14653690092398 272
751.32148143567 766.9760246862779 824
185.32188682181206 215.56336438774292 522
160.41681290631794 578.3616143235959 436
958.0154370527074 273.75778178578224 649
269.9192534110684 915.5260812599518 267
229.97846772392228 999.3897977434774 191
404.23345414779254 740.2120942612577 77
249.45744646899925 630.6690988530922 911
20.549666848571956 740.2994565423517 527
784.9390047121155 280.44062577168717 297
659.3782328136232 53.146436123971185 665
790.5217430951083 45.21962665021595 647
280.0329122291846 836.0598979812618 549
916.925961374275 379.1912808676308 72
212.13681586407708 176.694548910172 236
459.68598519331283 610.9175976554423 794
687.2168639540886 570.6989601606334 594
626.535144014971 234.1056907045179 21
779.8155126862471 103.91130598513732 386
817.8926650806114 115.53070047224179 621
755.0164968072472 347.84656870032416 819
19.689894726829138 144.29750930890438 215
906.03362725551 739.4713944583287 100
309.18284965276246 155.13070825768216 426
978.9837507797117 147.60848078696165 469
635.7625353060668 816.7284930346999 535
122.30184617348971 562.2315543912807 356
516.1111226812093 866.8841069355709 140
563.469249052756 425.86554426195164 759
218.8804188473461 8.812155093142927 261
594.356075704442 164.7613119422986 992
439.547880507003 488.89286723223194 452
622.4066793298201 365.776526634207 125
400.4086412144643 49.93345560292251 969
681.303495497468 258.34971478317215 539
750.3404878051701 205.59672698527498 195
555.0215988066692 88.13981556555261 884
767.5418654220819 894.7758334321387 295
481.42110060167454 111.49972327776358 880
624.6932921844386 813.2214112501177 18
105.0971081978318 371.634356413081 805
59.9259030833087 613.9552402267116 192
582.5521322583573 594.9758164494034 931
15.267079812578244 204.52076038765887 382
371.4535667728251 777.8793499910229 823
898.5951920790808 399.4244000039886 454
510.0962261234281 974.228951576926 576
905.0247370228583 297.2164523665155 852
998.4560178574254 256.41960188503833 125
383.7480451092419 521.7037072276423 777
95.56975547607249 68.37401332520344 381
521.779626021711 131.93842654646605 768
80.55188997272955 655.0469056912776 891
151.7403047696323 683.2772384407971 315
809.9908387643153 603.3802241982515 519
821.7732037410738 788.3742800531139 218
533.1290434181514 597.6119566311597 561
523.6187419954152 866.6308483529609 483
665.9537407597849 92.71372661632194 97
901.6702773440202 721.6728008707425 138
232.5836195322708 361.0328952685581 717
501.31041042785864 557.3821857123032 200
82.96940471741875 610.6529634796143 223
365.0987637045614 600.4706563258352 594
684.9451468802795 218.130058672666 295
370.9374734541697 605.3029265034857 151
401.9673917090619 958.6133113080406 351
305.8893116467627 737.6400428117432 588
524.0976053552831 701.32283467697 665
197.17916234106048 491.2153188102496 945
271.8485940975063 563.9360788615868 196
603.5979233375174 541.6791930190059 877
915.6555291139157 985.9906710722046 902
646.4464036030015 725.9092520183401 922
514.9135898428837 646.4621954013464 557
636.7088439973642 790.9480898141874 947
8.831945997890834 457.72564509230926 182
553.0722803032252 683.0404027667519 188
562.0290670484892 275.22061442897007 621
235.38901922894263 30.429708760622788 522
917.3120103436099 447.64068406909706 106
839.8277786296508 5.975069023435475 391
378.9965840513334 936.1952104399753 80
609.4569685772543 264.04027653739706 174
349.9985180037921 156.91893690913793 133
356.1331716555907 836.0710139789336 664
606.876205983286 890.528633310235 964
984.6990057088573 677.7766226178768 190
898.85892595312 982.370270034777 119
620.8585663801042 772.7441759778906 969
840.5603471705233 822.5405488253145 621
716.0810987108662 372.6393771693757 899
109.07461523722705 289.76724187314574 824
235.36286546818042 526.7422368171859 787
549.253037287766 879.5926009552843 230
668.7709194783805 646.5415824113888 26
379.20376348338624 489.664112697861 843
328.9518669153062 717.6767885441368 945
202.42549115942177 650.8865832467459 928
858.8865988826292 910.5562617876386 468
232.0311306149352 130.55376956372845 786
374.59678402185915 447.95828187753517 966
354.47771282882667 663.4189446625372 333
697.6856925091657 924.7633325753998 284
704.4820287558313 498.13015352474844 135
441.1868458793418 242.16484537315074 915
685.0929130533258 820.9773813621997 306
792.1399991417468 401.4676945148321 499
36.77604903841469 505.1200347434594 37
298.7206589917222 80.2076994539086 469
330.38161095053675 106.28424931753244 508
832.3792564409565 106.01056848982438 334
729.9077876722612 957.2537853985248 275
105.7406050509151 854.0872900340655 859
505.6744297091755 406.413557635543 963
390.6880084863671 168.2398520618762 627
791.6857442397129 483.7063893119722 113
551.7030771310336 723.6509481951259 502
991.0436338820781 918.2441514355951 379
313.1258847928504 945.0584201391379 360
181.04783779504552 972.8123964023225 357
328.312078891376 523.134904349607 745
214.71342402558713 102.07673398941286 83
407.3258451427569 400.2347906831808 310
688.0117465395688 118.23248478417014 473
454.6180404245059 985.6867314795534 717
355.69985676585924 635.2261420854056 969
151.11730791887666 840.5023514380057 112
746.5055894501841 928.1753878089014 83
771.4291316204022 272.4809844334598 104
498.1168255298973 886.6835262459149 193
404.88492794438366 755.1850897438549 8
169.6907168318389 597.038591052502 174
35.99872032453011 466.08889198646506 989
226.2616942940311 323.91695419040377 24
164.94290613810625 85.14101496250326 796
919.77112995791 270.9776300676044 697
161.18369976320614 932.6829348749419 744
922.9976714922655 276.26477239231593 799
343.2833983824656 575.6904028624136 550
950.1800050601623 207.15566909947404 462
178.41227586115295 549.7425278549346 492
4.716619072305694 567.3812941772488 307
145.2062120533163 640.8300543485561 342
21.32441375093441 161.2079500262804 301
258.5336131821122 72.55228614203534 547
33.76865059261836 258.563227706075 319
70.34099981217479 952.5038285072525 541
276.1687508069406 666.3180101369553 641
633.3098309985802 49.28726507307868 693
777.6137937629322 794.2372867297444 890
719.2322538345874 742.3632173064602 284
196.28447135045656 641.2192738743868 219
890.3694520595636 395.6048475512342 504
673.4459866375777 437.31073557588275 359
94.28062459719699 57.21026186942413 783
880.433694397093 398.5572404731884 884
823.5412467154836 564.4745918102309 849
347.11293712902955 102.1061015296384 215
138.20245535604658 118.79310954436806 404
568.487640285514 609.5843857744895 39
501.49278254886565 216.77244202311675 847
647.2592862800954 39.149073953147266 118
199.41999769846686 864.3842495240357 925
922.8382263793006 782.9741890023226 211
507.3809955949753 285.1639037780898 49
670.9500561424011 787.0112981930263 983
940.4243753293837 143.08182886984068 251
513.963931153189 750.1436303318088 590
204.08963264185752 146.4410359148035 462
169.21671687337115 506.50010149092486 805
488.09451783116896 535.7748103092349 260
23.89579944407494 971.478260986066 78
658.8390853868251 631.2004195018683 533
944.1265584419638 512.9886570501349 728
178.80549088017028 178.10154365050025 496
61.21582362641242 587.5408404951668 745
702.2224845897143 94.89058097260627 415
305.27342780329093 103.37460320811643 318
33.05842696505157 632.540777502512 764
546.3108712920935 285.59621707667617 91
158.71662361283646 566.1581594768728 975
268.59080393876025 508.47748977562514 53
509.13580755535804 539.2158900120511 39
601.604426223528 852.574144730851 343
921.8526699472571 115.32197430017554 750
596.1644302322583 752.3282706013227 366
947.9686496674193 504.15757675592045 757
777.0692209177039 879.9278741959191 385
351.6703428900375 651.8827085061115 557
490.41688721197573 232.3386298145038 497
610.6849577842466 746.9418723370768 436
692.9800171116913 598.1667276341979 658
918.527856799293 418.5092182874699 840
304.91973485785053 744.6493163674949 672
995.0662026898597 703.9607243334298 545
718.865537353972 259.5255397480377 710
335.99745609562007 35.98930067532036 327
640.8963910698898 313.34916629186637 115
211.43191592824772 680.258299445367 663
837.8647315484166 253.3157638751028 580
926.6862563800635 16.12157679357329 668
600.8523574941779 282.61198367071273 123
585.6476926867815 536.369993612984 48
736.6177792782076 454.24652492691587 464
981.4597682383261 762.3891590399609 331
34.685606263600846 30.258737205793196 38
526.8415633036715 84.0542297241681 651
764.0318875251681 164.4540709957494 592
679.8035161167496 377.81021666557325 484
669.494039211055 179.42119169834336 973
720.7106936616525 457.7944382196915 655
794.3284243745618 825.1477903793082 856
866.4900084043192 626.2380450136808 368
62.48880393085199 495.5177367325169 780
89.87321150117967 168.1345821420005 458
992.0564257782119 183.8710746140556 218
555.369909256529 802.3326211917056 880
45.70918749858388 27.055713700535055 362
713.2765164543503 513.514687269524 363
490.64777594075616 323.7663230536857 674
633.7185216223093 653.6858495075021 115
51.20437998276828 68.11429807239611 4
617.7738469470224 201.9495412273091 993
329.12621078884285 377.783865749532 504
359.0774828514053 702.4556509580605 163
587.8927901124408 308.1130450138206 36
94.10792807350698 199.05737881434237 770
407.11085922080247 94.26674811559732 488
328.91734824061905 915.6762281944576 777
815.521775274081 489.31240243304364 711
591.9378420692351 585.7292209216891 154
730.5488329173089 170.11202581015982 198
730.2596092991604 304.8411694786385 321
575.0957172200557 525.9632829807554 842
94.96714990221544 965.863549620266 959
560.8183174029928 885.8548313353891 119
695.2761505804 942.2294868693767 871
801.6581357331451 682.5041585771855 756
677.8502532919251 464.1929377471531 574
525.8711707251268 474.7303816259304 288
756.4919129945008 240.90348924410276 651
492.7918396338643 945.4219099150981 706
692.5022111020497 525.6765206062137 100
295.64443119656545 145.0069669875964 477
745.8766175795712 217.25515296930686 956
460.88414761187835 415.13637661806115 579
744.7566713752708 80.29522938619415 441
23.17536285370181 712.2540287258478 988
399.73286277593587 403.9665035717398 807
156.5884464908115 834.3067557005563 858
28.975002609383683 722.8039963604398 636
833.2785684910464 27.289615729634733 13
62.83746070547913 848.9716662544838 686
410.48701153920877 602.9274894671897 958
843.018563886106 316.9087723524394 827
664.8855257379984 463.178067254434 362
191.37776504083524 43.541923416643755 895
516.7090566828931 803.6749340120384 662
163.01424937896257 386.0073182307731 810
169.71685564415128 973.1316214425061 262
117.70125282142551 600.4899342698593 322
732.8073175684401 224.82784104489417 428
414.51895554263285 266.07860337357124 550
7.949150151783435 931.2239658291802 720
600.1130087594664 775.6149399681627 719
0.026431990353570356 898.9077632284325 948
122.28532691105609 522.6093901951903 683
228.414637114296 197.57082891034582 681
452.57902123327267 533.8070450666387 351
250.97222726932267 992.760463538782 355
464.6066292338824 916.1005737101012 523
923.4150332140607 638.1289593998798 153
653.8889676867997 623.7197928701904 727
972.5075058223099 221.2138880812965 690
434.5409223809337 483.0183593550387 785
663.9643549778722 240.02516536261143 526
124.08727498959726 550.3950150400772 957
12.202094814153464 112.07348246862259 354
536.7717809448477 348.61308946291405 518
748.3358395213173 379.7772446165958 346
49.174720995433184 802.3184582828784 138
103.95948672513278 709.3113263045859 618
750.0614277568019 629.5505504340316 699
213.34674437014766 304.7437137508128 366
992.3196733839599 54.918672347072594 536
422.4624191208719 972.4102122326667 345
840.5272144369202 229.25463305763395 416
674.8978003607316 669.6675297676326 164
275.0348752815952 185.05200932474807 565
763.9746077577457 912.1018025693677 393
93.72995641522941 614.0236353903778 640
714.889274426313 390.25970537246315 226
905.6510285181649 7.07518740959534 100
961.8412391068912 895.116973025007 434
671.0397527717299 136.4048914139926 822
784.9757868851674 391.2556123982672 403
748.0440677355521 37.73840719180455 389
295.6646981458141 115.15637057501948 671
784.3554796370756 235.39981635521102 323
533.5622194269946 253.9958944938344 803
840.2844985246655 652.8862157996657 503
144.2857000128962 718.308216141475 825
333.4728654415926 751.0467510503559 998
100.42121892137612 448.3333017547132 47
402.2965055687585 249.80630239284872 864
729.0543132890413 247.1237430414387 818
587.2887441019891 789.8239556066143 730
518.5778668007803 249.29753057388615 620
328.65734344474663 90.73920529963453 920
196.64656629937792 738.5029420630739 250
13.6601020391679 912.5010401158058 958
659.5517394658489 416.57486031658897 613
532.8564685062012 241.00582837201944 776
483.997934588937 893.0333498121475 332
104.3193872498892 12.866318780821672 808
722.0323013553559 258.1337836035161 297
985.9691026637126 769.24278367796 406
389.3292601679923 640.406645815454 191
806.9450807675212 524.3625351461558 995
613.7964492763083 769.4048545606771 387
279.1446594137232 140.56080347695155 377
306.0574048637872 670.642142103933 840
671.7442315900059 989.628312945206 334
567.1574933801664 600.3964930272463 101
250.0950877744662 60.89830320547907 791
474.584078028678 408.14908551396854 681
417.09313567288507 655.5169827047192 80
179.52345112185785 107.27871516377796 203
310.35163727353375 647.4950504713838 433
789.9040164390599 404.91191880506807 121
597.8350471204095 822.4762001357134 329
118.7935076415395 837.3395748073635 392
44.34404824081295 152.3453393442824 439
180.38496991815322 910.2490296260889 941
103.21113900845835 451.51683628177017 572
308.6973814764027 738.3681907956028 43
160.4856192688232 537.6265575029536 581
512.5855123511149 865.3199313803389 730
473.1107690065309 582.2811615033983 449
196.43634361632888 358.5236849261236 394
443.2015088167427 111.37729866140734 162
845.3801208581731 165.19851895846028 884
456.9995625395992 647.3472267975087 95
205.59555859667665 770.2320622389631 403
474.8432179180455 539.2732329223925 450
