113.36094546418995 324.3728152466553 938
8.896391711147423 130.70847753282078 962
588.2654349672827 199.7803514384684 737
851.8455030262654 464.7796475107705 933
668.3743294139194 104.47348943163992 764
66.18208340704079 432.0359459138108 221
873.0966150512004 501.9678450575964 546
78.56819370410673 69.5655414765446 905
941.4739401293059 65.67004456396575 256
831.7507624156929 819.756426078934 521
289.1873536998055 172.32965393156508 282
671.8785577017845 796.6421529186191 424
994.4269005168615 579.9760582763537 759
636.2613018887075 30.462285701629565 103
199.59792476613347 966.1193236898787 662
97.36594428982126 989.4287708913652 377
572.5507297254134 189.9227065758493 795
747.2978909115151 456.97302556951223 897
71.72228325056018 355.74530351864587 620
56.909848002297366 660.2306274655448 834
771.0059556251283 166.75916587612937 220
493.9455347098268 734.2473466369161 242
826.2303452266768 281.92715122673894 502
735.0589175691249 247.3210018678873 321
98.65116527339512 122.14821250111618 393
168.05153408985686 94.7427732045587 610
761.3646761662142 287.27333165706057 725
897.569706355615 925.8804174601553 293
733.0882408892872 27.446618978013703 627
539.3608717340476 228.3555401728954 295
653.0727286354522 387.5226671153843 94
332.2812017241835 765.3069998746696 850
862.071713556199 132.3284385455562 986
581.1290569322653 462.72497011411497 6
720.6193429702596 938.1343396272032 341
102.23437020145532 876.9027682902097 859
690.0782651219538 7.927442151360209 693
621.227473709567 304.8225125257397 777
504.8344589758643 540.5056875455226 583
244.06146920169937 889.1622709086404 386
417.0670908784967 998.6949682890821 781
991.7408381683534 178.97141577660835 762
665.4311655782186 392.5400060524726 693
66.01138997646095 758.9806610845463 726
7.55107195853566 289.3866610304061 67
776.6848429387894 363.8479518308598 883
344.1099064795155 521.0378269967672 805
532.0022317602951 627.8447901820457 862
614.9283658058669 893.7481257675614 203
462.5194785246207 337.03696111951365 620
405.13649268971085 390.85788679444846 340
774.0612108260041 857.0376183136196 174
667.7524069292668 610.3652880564138 955
242.2407224730878 856.1300812985736 916
249.26398513911886 501.28408811496485 256
229.6512870610735 938.9065011656672 288
776.0970943906958 900.747978092308 391
538.8121483500731 554.2730599528935 446
150.4925604038274 351.18196167485047 329
147.05412215575663 216.7251920210993 149
332.98639094132477 369.6432363380959 54
127.74588801532039 405.7110384513097 373
536.0166524270966 442.5837560688123 151
527.9850949689883 652.7891090675988 269
402.21217068383174 490.90385229303325 875
762.0353955833365 174.30908621791554 279
393.15037135914855 227.79138599590686 158
115.30334112093288 203.60133583622485 455
219.70818171843644 483.3658140572151 433
727.6722606712312 993.4502729671054 507
332.28383333407965 900.7417261945272 201
605.6494199041193 638.6164767708412 465
864.6596332803011 155.13340312096545 205
791.4748120150791 366.6967329617328 523
815.6780157957489 800.4836019938163 282
994.285298504715 163.76725418193604 713
336.61879384460127 310.50047628736456 272
246.01774881421423 547.5010880898435 454
682.0133159624689 448.60720189343493 204
440.407512823915 912.1194523296468 55
528.7336965591212 75.01931462636202 630
845.4851091158062 467.0521790993466 61
848.2223662751139 600.9880986254482 259
923.3771720827505 629.161565482093 154
512.3911705645836 608.1861285455368 145
872.2029433523795 558.2697496199363 1
130.52334076250594 130.32311892314706 164
649.6261370233786 891.5120652203968 519
835.4224746229187 564.483773282162 833
394.57221149370724 208.82712989609774 161
652.7245652165481 571.3542272281379 770
648.3273575998961 734.6379445216727 827
544.5495457478933 136.33573633930018 45
47.76047672298933 776.9447564895363 541
922.4483914349888 846.8756947037919 498
323.9085623186771 350.91133754026015 786
806.4020390827466 924.783268425788 461
80.70806467060699 239.47128044338405 453
674.6358514504451 685.8197123840762 327
644.9705104835642 160.8600983325954 595
628.7116888684411 904.8290532580708 200
973.904630539077 643.2236749984044 507
355.48064264109223 280.9262744630837 754
876.0488471989421 282.4945607842001 873
57.447075083938316 106.92518306611476 824
924.2299585069204 118.49215590580364 40
665.424272729823 477.2245371980174 888
315.55977628741715 247.00057739940718 351
980.5849568532838 559.4817834230206 586
759.2748938838088 555.4113535415343 20
698.1873993646842 289.47212311666084 548
449.50945171477497 15.722401486737203 96
729.0208113890584 313.2031200985789 130
587.5721611091249 39.03055413515577 986
704.0670819299596 81.90258113635751 603
165.09937158149611 855.6620952400914 822
251.77833367182012 219.04820014735316 998
742.2397867714989 833.3563827054229 132
267.27278897601883 334.55529909454873 539
779.1201737719306 769.4320178302696 300
193.57040904255595 285.0947099206168 96
364.31377981932735 263.92170447140484 484
472.97004411164755 335.4339012652254 478
265.8982579621797 258.1953981194517 643
519.239964291196 492.5133427912924 302
334.7729642794837 174.28031717643466 164
133.67554530077717 148.74071593480386 30
318.1411683160312 766.7205362982709 157
124.02018892957744 885.1904394037958 349
585.1446072885451 550.4109492191473 628
849.4310207354735 503.71915600270523 306
734.8248282213041 296.8544999242999 457
203.10519750208545 1.3141708116770623 764
257.0122686282145 508.4570736687718 79
701.6504874525989 672.3998894083845 491
494.80009559421757 548.9364431776496 423
562.2044330837928 847.442880937742 862
452.60633140980343 254.757230341333 765
505.64090677324447 214.40512729717543 982
898.1921672437127 505.3287065276185 571
295.01477340037695 665.931933544596 258
781.8024183176893 406.90002069067646 557
483.8731550170745 168.68742695335214 140
948.8033358235613 597.5719703284361 443
857.5722785273797 47.74123759482363 491
384.22895907625576 801.8679415201817 348
692.7946652543621 35.31977388051699 238
407.68851903544765 257.8238094147326 632
774.5852562400771 814.3017773033266 443
359.64117962184827 603.3079398726605 399
595.055309351835 675.1548008763824 219
91.22516201272445 639.6794464562375 39
491.279157525579 160.5696756685019 323
172.4892452467831 329.38106107031007 426
474.89623386419964 593.975149267893 114
509.1599953122184 795.1103690840307 253
278.44357729833047 87.95725359989216 565
38.63485950099887 934.1819035348726 63
471.62958682706557 619.2862426348843 895
711.0319274033216 226.74862545358664 58
202.27789954201668 47.56773801997794 486
698.6531810847655 813.045571473692 164
64.94928736390182 80.92091277667512 358
779.2816734064919 482.82651355177484 48
504.85643166735497 522.679490549912 422
775.4357549644043 534.3560178034865 528
214.46063545983796 942.8323342219669 439
987.0073035678963 672.7554254161422 975
576.0565061778823 468.6877050626821 993
197.09291919168726 533.1993850832297 834
263.34219353051105 155.29074460975133 741
126.00470703195765 435.18175326183183 198
409.1394887546125 668.0634812714941 412
956.6420712662738 939.6587121328383 610
267.95036395246643 894.9455406298316 234
866.5991137443704 778.9529958340123 155
76.42911350770709 995.148027773627 837
158.07708253106756 442.23433660891965 433
729.3453433564897 857.8738926112183 152
924.0926611270354 534.4555262443276 302
468.11189428114454 287.23370025197914 568
486.3474461719173 517.915780303259 494
70.47813198454911 352.82812271576205 744
356.95996366913306 77.85107194497375 951
855.2316788340116 173.22638296588022 963
100.56081635522406 243.79260084710185 130
296.37082461697327 926.890761246168 660
496.2452220386779 600.3951715654165 439
820.5116476260338 581.1463989179285 497
83.08672898426528 5.897942920858101 325
482.82606659309334 845.4722598738372 642
183.45965996207914 38.477279467267756 52
732.419393462463 876.2512031990278 95
685.0589005198037 757.0472455348518 803
631.6061757640525 404.25856514010707 20
299.7205262055154 557.3357502422556 439
173.04022754410263 333.70712349353084 884
44.455712548512324 135.5376719198348 758
978.5515995877702 573.6748336251211 389
83.2995621860827 861.1583840607047 601
968.0791214704495 156.1007755612469 222
142.08107241820244 27.289086139392293 554
589.838300165231 462.26279659551517 437
52.07174711518747 994.5464545139621 526
326.76542816935404 992.921411867909 230
3.3718123989043836 992.6917142452263 197
436.78481879957343 940.4093479671847 863
464.97177915974976 504.51829573294896 481
643.392050944194 42.231928377799875 647
66.03898273196096 493.3621130402496 393
206.19315965349162 253.95173323437749 626
692.793273270368 193.1160112131899 608
361.1843346772042 974.0875023015415 486
515.3169770800114 568.6885504644792 358
417.78607042475613 171.51535695715626 87
543.8487027281317 790.2755143212945 590
710.8091015166009 888.7526083980647 67
311.74772440131335 466.920068620453 150
419.57474921517036 846.1314178448941 524
351.72896017271194 660.1101226941885 564
146.8877825703211 204.96651206842654 228
994.8448331694805 72.49633241889487 449
148.87701945917487 348.56403999404586 602
177.44636608264597 883.655637526619 859
82.29984193276808 361.4527625567862 799
491.2595058835291 33.74830531787332 620
418.70834993494435 742.5536138045046 523
379.6642634406787 891.8329694921333 346
479.89076067753956 565.5783839051295 623
391.88074375756577 702.7278838685538 652
65.59575682679531 929.0592162067085 298
857.1361106530899 67.08387344565692 635
120.79668112926367 806.2867328505465 49
555.6812740162445 312.227307636291 181
917.0663191408844 580.1087716130205 973
825.2500834995394 664.9041861206047 287
417.3846591897976 884.6722876699807 487
475.01023284317 63.59645517144352 134
362.445742492271 730.6736243583621 413
969.3045173847793 431.16214255383323 297
138.19320869120412 782.9620117975875 857
699.219952430248 758.1651257058825 851
231.72781609758852 48.330239051327716 818
461.65306688538953 809.6769663645927 154
794.2620611410795 850.0155086297023 271
341.22598542926954 789.3517857325796 159
835.341809046107 66.54090541856239 133
771.0304871400602 774.6986406173814 394
786.9073074210961 159.0368203988398 246
773.9403700552741 143.37627084495796 319
365.45423290353375 892.4246144584704 780
792.2875851557254 489.9629789339177 686
985.740807849315 355.2206318528579 871
700.5043982543252 821.6302807109159 700
959.5376400597927 295.2795810029807 206
720.6000482359241 391.5359969256174 149
723.9981120634226 273.7455503346036 809
118.29936929159979 869.1841121272311 264
356.53920583271224 244.51815617633855 767
387.78665350858586 683.7063864105523 407
95.40827636304184 518.068925521747 139
849.954143429085 774.7391728947514 835
644.0269877071722 37.92057818165673 999
725.9978228701589 912.541966652073 258
87.60943620814766 17.236448377704328 456
424.4181190231662 44.92965356846379 672
13.867191475942398 884.9140070068015 76
261.71960849311694 279.06594452996546 951
76.8651705074459 811.9492686801386 160
459.0625188072536 118.4978410131382 649
349.43750015740005 180.01857143901668 762
95.94120230806257 633.6966577772681 468
249.96953732580042 739.3562850776983 713
720.5857396510645 495.73826048078286 643
844.3516700418859 113.46250529434299 489
494.1380582689105 881.8760621958274 682
720.2265519900379 514.763188759306 909
338.1979623380417 245.8801511573624 899
739.6815975214417 917.1126896968256 718
341.75919164592483 335.56911785964274 681
733.8475276150652 668.8069714637486 363
670.7588981972361 357.9480005657755 798
128.76379933908566 670.0274495080712 215
307.69278377282836 232.41509678278592 298
419.9985535345404 342.03968831606227 389
420.66959545820606 931.6050827971595 301
349.2066671040199 689.7715745669645 144
811.2553969977637 195.3699768294448 721
33.415698018473215 452.08919746910226 302
719.0366060411321 605.0630080231149 943
320.0233825466506 2.5084635675232114 857
652.1823395469556 118.22713817208896 881
986.9789285724637 848.4046778139627 398
503.3192393830092 432.6535701607367 97
667.9672019244787 91.94060934607107 508
887.5746940247724 268.87933809137496 818
922.0768463213851 678.271081918046 992
359.18472145142067 441.45630174488383 33
364.99191117135655 486.0611369278519 875
870.8778173778351 988.7180284801952 30
701.2491044926757 260.72741860272765 761
322.4820688328335 505.4929255870698 682
733.7077967744178 172.6615074218809 688
216.28692835696938 255.25978965739392 175
308.23238553759114 984.0935043917799 58
977.8573554714541 388.7769056453333 383
445.9064041193802 646.734804646508 131
206.62377880974213 863.3583625762149 47
54.367708959931264 176.1359732004676 554
467.8545664522107 972.5460882444924 846
87.02184678636071 704.2318860650659 922
964.9512781904673 986.6828505414588 996
932.1051993438625 397.75777006873705 304
41.78525720807114 745.25990447138 431
15.498818986295571 2.9076246469338374 233
362.1887571230883 659.0647268919745 223
387.87422131290884 71.13142523113957 461
839.2415110325267 641.021377535645 911
38.14874108042532 613.8862678201377 628
485.3864649070029 844.7675051930389 435
728.09488590992 873.5110923039467 128
156.20754931871227 31.1966421324813 991
768.5855803789018 464.7776680423543 84
582.8366447464995 68.55018081555374 605
77.24890127921869 374.39772137059543 653
436.51850369688594 541.417751431167 396
192.82784407170695 598.0560291305105 376
528.4133675890744 712.4360858110223 307
444.5227318207217 683.9577389030784 420
598.7650805135409 167.53015325421939 553
735.5874039311735 275.9301640842966 307
363.08980413785054 536.2115389954291 977
797.7423098656252 499.43419924394794 842
999.7243566449717 561.3604598929361 422
767.4441037384846 813.839893416491 672
80.9695012107089 704.9661285811742 876
896.4865230128702 558.8688467010926 589
97.52981484267687 317.698757286342 535
193.0140732307457 826.3224253678484 96
734.3753884867291 421.80792878255636 261
789.0842671254505 212.1275139876323 502
86.67267642312349 950.5315661563099 308
988.638159526539 455.020453342872 909
87.41812086491485 409.45834642557577 340
474.53142969379445 725.3952846492946 710
617.7471820941433 918.1586386996745 62
133.9388183159046 638.543878407468 32
789.2846333722205 845.2853823185974 927
894.7056403886821 681.1972387156197 897
454.8822908169604 609.3378251051787 119
865.0408221512134 496.8595989474264 834
932.7823494870881 825.5716755392644 580
969.403054717671 567.8305250732448 436
211.13030455260085 100.31003657052995 799
824.5822805833847 200.25777267246292 555
625.57281615237 124.95176584910084 744
851.2810760384344 102.51219669360256 293
110.02245758505258 681.2957550439513 759
87.16952168681125 573.0022262120698 403
400.7142260267967 690.0548370108462 149
406.9270393184549 709.665572921157 36
291.8042510269414 175.99384919862638 45
639.7669133170201 839.1466199142561 68
601.4549137023321 14.898287586272652 826
528.023927284302 727.5176097764067 473
695.7474737809443 956.4723910119274 133
168.97431559148123 227.50613304297474 60
793.3597579929522 100.95933068170304 25
731.3906820228906 940.0275868849191 372
332.31903675819353 313.95103342245534 96
991.2134191067646 73.5670739347376 62
437.1215780307888 599.5145743558093 274
179.60575150038127 789.6900253994256 301
339.8660538777877 678.8927677976797 860
455.44739949061807 159.10489907413518 547
729.08439723582 122.69534393851012 834
610.0211374365966 347.6773391263547 466
405.0335787413881 647.9534511150409 143
396.56091070774266 541.5254923535877 61
136.80989160364987 897.5278414060577 693
730.0335039164011 261.17140387195127 256
399.4993629738007 458.28461592502623 91
668.7361684557932 172.08225534249743 490
718.8820675671714 290.74431305789705 719
52.71250052756682 646.831041244817 570
522.4723858090582 420.10569808320673 425
347.012267928715 506.6987797067648 526
491.8795290670549 796.7475241751257 393
615.3113891240523 559.1150293714377 558
283.2117677917959 447.5562405213968 979
973.9095558254819 320.23222015578534 616
846.9631034448021 171.24491920139963 237
269.38437658050594 745.4754256782494 685
898.7349792595152 979.2284507485715 457
798.3724847258269 608.0265413630194 656
460.2542220767015 755.8085583593539 662
894.8149300282706 996.5292456701692 893
330.2279435191588 990.9631973585989 868
143.0794308141733 739.9795159075533 77
891.4433138769822 73.98395966919725 476
82.46002050776457 717.3067592528741 12
17.316073000079534 287.84157348286453 341
551.7844940500245 551.7848780508095 18
221.4355302075941 901.6530956627685 741
704.7810762712645 557.9319023178742 594
320.92597836886074 131.81378386172804 922
251.42806872176538 852.3383743531014 436
81.09908516978726 594.565330347776 323
854.1539152858276 869.3027503922051 806
80.74019304850499 648.4977827573009 61
419.4639028455696 203.1092429848773 636
331.1829691494269 684.8828664825472 146
642.6397814862055 148.4326034300034 791
50.19302046135798 801.0243041460753 200
253.89229956876537 189.04075325462856 340
661.9389989117277 606.3432937016348 821
676.9672910064462 880.3747219522934 866
678.2321743438432 780.3059630618573 808
219.5866690326871 568.857969300822 162
491.83206652153467 135.49470664863406 759
533.0712669427357 357.1216595942001 583
583.2005384659311 191.10480702574307 574
754.9986267025253 534.3907006295323 516
75.47375608521011 153.94684969255712 681
401.42094315080203 379.89599565093215 841
52.372763706064916 403.7350931904179 813
210.08225231738732 167.3069918635679 691
816.5495031629483 944.1786516454588 563
776.597697959263 494.60601462585055 402
325.9877823525392 661.5739631184725 430
300.1362829591139 306.6479719741062 559
864.6644704319182 620.1690225613008 19
997.3431025927238 124.95449379782909 441
381.29806753332554 742.5803123196483 764
761.5617023336912 69.7105058949058 898
851.5360857566378 299.71639465895595 906
850.6930718148824 759.7622960529362 286
795.4875511214019 278.6175340352028 848
587.6342905664904 24.10524494846944 285
689.8574857664856 481.1284115584441 570
437.0005555833344 532.3688351887464 15
981.5434036732272 634.5303123368756 132
249.19819150109413 29.455867702175343 36
190.49713163444926 302.3955372770809 142
13.111411230846471 785.8108592913551 649
437.738601245619 851.2227957967299 767
66.77922015658777 85.38344492564708 222
480.25843472827864 521.4594839677494 700
468.7116906405959 799.7734405789735 712
470.5383078992398 841.5886282990443 837
145.1380786300177 911.5041189732318 613
419.4792025479768 186.92897895145876 769
802.3863473824508 857.3628069572247 147
36.93872626567929 453.6724954277439 956
692.7379254543112 582.9552497411576 291
237.02392304689357 561.3904411722684 682
54.80396310816549 436.38078096304986 796
506.1143454003971 346.98694546205877 499
985.898180275063 801.5360768905095 59
396.9610961512806 917.3210525084714 317
473.9283251734017 418.2246849837129 580
590.9699003801271 587.8036725650327 580
548.751295587545 370.18934404288063 208
312.43276311733223 870.9778003808057 454
817.8588543388001 601.381891538963 222
75.07499470705636 863.7585636663509 178
889.878351850237 741.467883985092 675
143.05427131996018 759.0663144579157 67
118.6954575052157 864.2872677810781 326
362.1705203453268 333.8336989184339 616
191.41876531904734 66.34190197283296 951
343.19529919543123 67.04892631517434 342
249.27038805457678 377.44379631023793 282
584.7378469816086 473.0162042024644 691
144.86062668365597 657.594870851926 331
230.85771049322767 615.437190008919 756
918.9177803340101 892.6076570471301 756
733.4656272761209 673.719742430482 664
591.2479800469653 800.9213084867238 462
393.58116634111417 246.50373673825797 670
627.2764360443686 605.7570710418714 937
414.68938084150466 161.69308768347324 420
685.8261997376122 293.9789312932447 166
382.35150077156555 394.4839996671755 700
46.661894483628565 876.9137348974589 713
957.0702144404103 659.8259008338945 877
410.1628900857621 199.12064598529412 220
716.2226375035727 300.37381794637275 364
650.6306888069214 511.7254440985357 784
463.8429691021208 137.85869539952077 899
427.8456653943652 262.21325106902816 55
616.1748165941796 32.01372366967669 780
164.2960849344971 454.7165507389063 683
997.7835392370803 426.7745078120847 847
1.3156699119272197 933.8869414524847 75
206.06558533441031 601.1124397618088 933
175.01447782587033 259.7332227599301 635
472.4053446524532 484.6651834976061 969
249.60087665935836 199.82886503131692 548
772.0115934625799 906.8426450812723 927
671.3050283452952 529.1741562143699 211
673.2599104277285 574.5003516346018 246
260.4811157824891 368.1710172336621 157
54.51627132023773 454.9510498093856 872
999.215086443611 409.8682212629946 614
826.9905388289836 453.0244026383935 618
76.25076045372813 638.2548833054249 247
717.6135755568536 616.793612237829 734
307.525856910015 672.7012962656914 132
710.0070133039104 36.453116856254965 564
507.47506825370635 16.810123327612338 517
118.16612855262076 910.1884862802871 859
713.195763252781 121.00500012670933 141
405.9914621690268 529.4479319578855 684
733.6580745465097 899.409173446318 811
949.4805103811868 53.36531351274709 346
974.8168785981337 466.55973211919354 375
533.4120395648512 106.13437681379145 328
806.6745806782411 335.7389177959351 277
175.68317331262517 379.4613202935493 729
416.0551371943462 202.12124172431777 508
817.8559934143495 945.1721562977569 569
240.60334225244162 473.8175472458408 143
161.51786515376344 144.62006746458812 495
21.480575580702265 452.14857897940277 298
946.7536241952916 71.65747393821631 520
381.1607668697903 342.32190483239447 395
166.37156802072883 24.082439422510205 878
37.58227116929258 277.211051515559 383
930.061878877711 624.7076936940626 529
392.18784976675556 454.7227534847753 438
906.7081151076362 291.7720783008368 580
889.1138771286514 355.63685491462417 926
49.15568533433834 116.76542939055257 825
973.6881368489309 769.8541572754451 897
906.9691082471373 455.0765895702087 329
651.1762994258406 252.54721818291236 917
251.3648745554329 638.2479345973333 927
318.23978170364444 494.54202899406096 150
765.7107271722772 949.748830200259 305
293.32671938245426 170.2029717606074 201
705.4143393790757 876.0136680294588 909
293.0566606073406 682.4574106932604 470
9.503242226863717 656.3447053005823 435
511.8528229480063 224.07067927152625 858
142.31003490604078 117.08630299719991 250
55.32819797539834 995.6954783591824 151
566.2865210983175 598.4533722274934 699
150.72269084940825 900.9759830067524 276
261.2848378099002 700.0289924490946 851
954.8139924134751 110.33857909143386 5
574.1440377124575 912.8697834174559 554
166.58964058218862 233.94683794945982 279
581.271897080033 344.6830950991592 134
184.17738231253145 143.2906850081952 705
56.3891454397879 843.7294416703422 328
475.0089046816984 77.96937879573684 196
166.15984021457587 22.28942568043979 251
442.95827184919955 824.112791910655 167
722.0577252698835 490.18158010588695 583
404.7887258806372 45.72237016252589 136
865.1073488359447 993.6959924577261 271
998.1152126374903 307.03530981994766 618
117.94029560413499 316.8742270144652 299
665.5423149556891 667.1279906405382 161
739.0329289877106 705.6277811386137 228
198.7579124019342 240.83825350715637 766
541.4137034216026 361.7003643898422 883
318.3738150808261 814.062940195599 905
681.2848702610517 305.43026820687146 591
233.27164181479432 383.51683419990013 385
607.4275330063192 558.6353301967636 580
906.1384498956651 208.464658289916 73
352.7152958863914 194.3167311304006 511
929.8333848536123 524.7390536455508 158
690.221941390721 111.5806117977568 966
934.494204433904 823.1009361778199 727
351.9124786324215 49.33882046149907 306
209.52310534314233 813.5722120207383 811
275.9596264082087 546.3033984129977 734
354.8569368524197 316.63840113522 385
648.2641297154321 886.665570365716 337
987.3036493277285 31.232460809939578 493
115.49997172131032 740.9694208233217 424
482.32122516005415 801.8999316015584 475
902.5382333148784 775.6003732415459 8
251.35528694607746 556.7891849461226 478
487.95844580275116 480.4867007500526 928
912.7137028556692 895.3291638552272 784
704.3717314423686 980.1591878210953 866
864.0570853171741 530.8294167429924 486
642.3138012378553 766.4766772128287 441
476.4454396507346 273.6403969365483 129
258.87308007259725 999.2158699967958 492
233.39407343656893 982.0819253209538 298
897.149997253658 709.8043295317435 164
531.7519985892757 794.527590375108 584
613.3737428522749 529.9675199391886 333
613.9069913692906 592.6736912982451 516
622.5689219319777 276.2413877851301 732
684.4012144607287 382.91449422625925 25
746.4997292702751 931.7717033173215 583
393.4528572398254 861.7188616357407 194
656.0559912293286 257.6140137105337 325
227.8262513254149 622.2924846797638 106
13.513803599828456 169.96544736776065 315
525.599906837674 898.4964840282377 873
824.348359122238 811.433491240289 739
480.2509708381034 262.8531278276446 1
16.75538586551273 995.702456345879 256
764.7605624655478 455.7039716880925 858
944.2942406066102 601.6697586303798 290
692.0517733603164 402.1929284744954 660
888.5623912650216 203.2902648124566 383
669.8413431256189 480.2524445090256 131
357.5325237984789 612.9101749077115 234
716.0594888801039 908.570112538819 937
756.4504839621251 53.69390323603995 26
119.51011866713401 420.6510731610045 609
506.71207263784623 566.9492116118083 532
69.18920496113235 177.86759374156813 688
340.87640388445374 318.67673478866385 22
287.5491124215461 227.93427879516136 864
385.35069355290153 866.2876564432127 132
677.1846719427305 716.8954040242825 702
23.52334436690562 511.4446783571287 609
126.49638778513261 945.6726930658601 126
13.12520632394909 273.1854066124916 239
669.9850777119595 842.312914154656 168
330.668057677698 426.76320396982226 77
279.90232373103896 328.085246039698 121
555.9826853452918 74.11483381216311 819
647.4879676340715 106.32000898379812 433
930.6617746964209 631.9125784549371 406
821.5794224894106 868.7069369922323 924
698.2102578066629 411.18705854014416 184
858.0526094028843 160.4713481034361 585
908.8556495567655 495.89345973803154 693
740.2092375721805 837.8660474691034 132
655.2827829629057 275.4972236854309 694
576.847687755683 581.1898567075514 676
196.88274854311462 709.5949650561407 374
752.7208864258148 261.16350073113506 400
967.3290269384231 276.15558618042127 144
506.48588757725474 663.1732525663588 40
319.648967587435 848.7675642821786 768
605.7284846615129 862.3779615641304 518
769.5919606993544 916.2637943731971 895
185.08099944327262 212.8544374097644 870
216.3962813445406 2.8791063987001486 188
789.3452400943992 469.7453177671219 717
768.081464155458 941.3591961717343 121
405.94953651317013 278.34233254449117 269
867.6240130507038 506.74236202790735 107
479.7455358528628 504.50611520261856 34
163.2149127486655 821.3764593173588 607
94.23051521492897 250.03323810621947 757
446.552071967061 147.27485033137566 686
676.9059993192316 804.8509561846458 936
389.04024537923453 659.0389351343854 640
309.67529114911576 905.8726888875877 4
663.7297901943042 743.5064066145666 223
618.3514580683621 239.57435290033246 106
652.0270299023828 382.9547992865485 626
154.59731274237433 198.86364281533386 775
380.9912158481468 485.20266133008727 289
305.6456371262171 474.5247559524339 451
634.5902343339804 148.62537435624967 789
916.8814979826053 979.1982024683782 529
716.4391898617064 153.3047109997151 468
300.4017613913478 895.150657850182 43
249.93181549385037 798.429123093247 661
140.18505617331633 301.1609301187961 843
200.21277119393733 558.5991873513829 388
375.8889941064323 543.0768559100088 141
244.60984096495176 11.937268297596116 420
943.7162754913787 233.61693522595252 113
979.9602390846704 442.7477193749884 262
21.90337709794743 168.54995897053348 198
599.7368119945411 391.04837721035193 644
671.4979607123595 427.9380082470753 216
318.7441876968018 229.51495591937032 363
921.4703709425953 727.3501337291718 224
823.3847487969082 515.341656092248 611
20.729541173433507 142.67348801868684 871
944.3224483117374 921.2577368132644 620
313.5848189866063 820.7761238874322 212
582.6445974365795 590.3839129342155 509
309.0696382167279 714.413793086553 981
113.61235325254293 970.0681791135984 189
665.689096695797 767.2308254572299 15
911.4373972407819 412.44292738172214 628
40.790697151461885 989.6275621942884 659
284.30011770126185 867.5367893578397 596
157.30798733610473 558.1732569051911 557
853.8452639709782 704.8867815308148 634
659.6232785503449 388.71099801816666 802
844.2786034708173 866.5270708558601 471
100.51736603100758 793.6986720928684 334
854.1913164206555 161.565235833534 853
215.4107395462924 70.42110318413519 926
947.046666490566 260.0407770683074 63
882.2332269568049 429.61491141666477 452
629.8278483213994 44.506680526766985 715
531.0726679229205 884.0744885537331 127
953.5136195248266 95.60483957894472 7
466.4555579719881 810.8823161028271 499
896.4553921202607 214.87531584978404 663
137.2365483272413 183.1904101151388 467
212.7950131066415 770.9315901371391 941
504.50814556626733 975.3317157445481 752
326.8403363524789 797.1253482399077 437
451.8674042489722 225.13070180469143 437
69.74823068342018 536.4296089777837 736
95.9512413508561 847.9175168764474 581
736.9319692132397 878.512601958541 829
190.72356217703978 463.05514262205736 213
217.72018842563511 875.672101339393 34
652.9837080226398 321.46326060886145 600
142.72286793093247 675.2555940990242 367
545.1503793682612 169.32068335394035 524
255.78909598272926 974.3039225084198 483
801.8229721047248 150.22640848114978 127
957.828662593179 909.0870294589992 414
435.8685398729848 245.21721230431925 777
75.61017826203376 300.5322410445639 757
227.88661910180065 996.5613641060149 624
34.12006218780972 417.66698198019935 249
168.97237479034965 629.3868985595993 920
155.55041593868734 645.1603070425183 454
188.37536554783995 490.5276704314028 59
700.1168487558966 255.1891250960131 205
382.89880249378194 847.4881355039518 871
469.37621021159106 677.0336446045599 620
402.8602469556767 55.458608577227174 368
135.03320102274273 601.5527407314938 302
209.16411997258533 575.1607831233807 111
522.5500982981533 833.0778155677356 34
710.368862500076 922.2630434807905 281
632.6848872592802 750.1886920637176 238
352.0789463529963 595.6371575104923 637
598.547225103831 115.33206024666242 434
12.994506594029453 675.9578432085021 696
567.0176296701079 883.7653193056964 112
136.90773800045798 984.495959990329 457
777.8919540299612 670.6702214151073 717
345.33639527643425 822.377112358043 20
611.2859164168959 346.48754890671484 126
744.9180134234133 703.8619964520013 211
887.8486693506626 648.3370727631268 97
266.29187133538557 116.8518109011022 321
164.90504223243462 861.9303036663512 666
34.00052602590142 265.52590643277574 100
653.5258176961312 864.203020367734 492
609.6504119826106 387.2009062435412 244
566.9240946455338 648.2665701571952 473
790.062762210528 385.88667916217736 498
90.29879769272453 875.2137237403713 952
185.05703790707872 14.018023651005574 172
962.8983886357421 189.1624985882765 950
134.2742255139806 860.0093120642673 525
297.09011665141793 60.80893509491081 73
847.7744070872512 446.13118633314076 779
647.0026631456773 931.4136113987488 809
5.811879901929995 73.76588974020825 641
188.62501743042537 860.8716804580096 345
341.17548699204656 369.3863112080158 139
916.4009645499465 824.6312244270272 935
617.2524279118445 700.7250290538506 321
469.5944483327511 323.648408259271 947
515.999067460482 76.17421584840211 296
362.54309163171405 875.325347652371 994
690.3773015200519 528.9738137355121 737
371.0303290615512 309.33249155854816 529
281.1762646608138 79.93984451086666 354
431.9849696054133 317.4578822846619 99
931.8175020378487 352.9814928017344 423
338.68596102484616 472.4867873700844 794
330.38215290918384 654.9503737889867 922
216.944888163069 858.6726834640041 676
944.346699912459 974.2310589389868 503
510.6440661927767 865.9659080467553 116
35.76221039239047 230.83308532626535 234
458.45776481395563 208.84482508834225 665
39.120926727941765 388.26561496293465 383
273.54654319241445 831.6083580316106 320
995.8560049637389 137.16088969813921 91
832.879452891741 890.4612688796111 768
548.6559275965794 222.61827389535648 806
610.1735219112201 890.68123130833 364
678.5880423137821 417.0387874267886 930
746.1053007732855 35.721566658834526 583
649.3106913416322 141.70776223262592 791
241.01562606611526 74.60162125849823 762
945.9669462390082 374.25445528698054 346
820.5293122311671 288.64717979874945 382
810.5060120703513 224.918678974525 307
565.4637519423045 299.4153174038668 889
894.4902105440268 618.6548798192805 773
500.8414150322056 139.9125320303748 543
344.9932500770511 918.8800121402302 517
355.2778071999252 318.733440751393 632
489.54152606626445 378.9094279984374 296
608.4420166447521 919.8297784241022 442
758.0487063227243 462.39107225996565 305
633.2466880382893 606.3714094631197 158
925.9285155753684 29.659501857137172 740
167.71027381996805 796.1283854429205 450
493.181909439939 653.5487709263965 229
449.02102368228367 208.1001273858366 620
145.95503373202513 589.7624569379948 714
153.81503471071977 519.308967723224 975
631.7910647812142 867.5537014198733 810
89.58289440432488 553.6074061989223 25
205.60602997499555 697.5278246087335 362
422.3726627289357 958.1672499153957 491
600.7745904178863 858.7227044752497 470
482.5069188794262 192.42874851484316 410
187.18217009418382 458.24130382790617 438
692.9301603230597 892.0082649727835 400
519.6372785966579 938.8507547370725 742
845.6672115394232 883.0386614723953 566
521.0221771823748 88.26238784858731 570
331.39489138294545 455.1738673904381 816
236.98899258958096 697.8129062837926 346
121.76292482427098 462.83467502836464 943
619.0911442711907 849.2448452646953 969
264.9650374615512 786.5515818609254 50
234.52399211554976 858.9669152135808 443
819.8104810724658 510.696928126509 595
752.164543128184 339.73639687404676 835
320.6453302907573 965.8326522284519 893
207.73357242579016 643.5139572728949 947
981.7338283915708 952.0896427968215 256
424.9477560606629 960.2884577848284 728
936.3665256199545 652.4518495368072 6
957.9497961591074 711.1347073826626 119
594.0329906063298 381.7582603274146 384
264.7199441980504 682.718942121257 1
658.5558231422591 989.6946370532937 93
50.608651936344 363.5215698122213 7
404.4969311546391 754.7996752496343 795
772.9872250560891 713.2702706041918 181
248.06707161351193 958.1311639699411 768
619.2407831261852 644.6257327924559 925
176.82224123661328 914.0808048470965 979
698.6769277487231 841.3234685493056 791
919.2761360276654 173.11296558911005 767
568.6988545575472 977.6959353037872 374
393.9072428384548 824.3779002122749 838
113.8699058356738 804.2192208605821 55
40.69799009852826 114.25499351205981 641
296.0478909379415 888.0125367596761 252
790.1396565417449 817.0523154835038 139
714.1781867422211 988.2589101389175 539
978.5815110678357 560.4902546248661 708
723.7461469725135 207.34857773586813 154
2.896717405253768 358.97440860938167 964
313.1172980806123 358.977184910611 125
273.62948571543643 331.7108971719365 61
717.1967698876599 989.9196814272176 566
183.78124825050534 13.407254053579344 987
995.0131452197767 647.4268191542849 609
823.2705929174925 264.06067404276735 320
436.27168580438223 8.569267761550869 259
319.11474897137396 158.45179863085323 279
299.23211125400707 202.60159488185326 426
878.9632258628739 699.802180098549 478
435.40014574174137 326.7217823655204 749
265.176663952572 70.0342275910083 823
532.677322086621 774.894279306966 812
478.3449516223024 964.696423295966 838
606.9070848689391 537.9361121147206 470
716.8985536034121 91.75290518328516 572
247.39517155632285 789.5112519278534 908
604.2711213975617 420.901815751334 620
261.16836993071513 253.63771954701798 767
162.8305381913847 58.23185393969099 657
407.3642067939698 34.86480749990739 540
979.3370757134924 54.615398621596924 5
352.6943702378139 480.00485405013717 842
154.449393046031 981.9678069970054 869
539.096507144235 770.2088802830865 648
636.16401011904 990.1852430731714 675
141.00029018242654 898.9671625733329 888
94.10949701405991 596.3635211063985 983
595.0984993723961 771.7742503282759 559
656.934116874338 121.21610717374998 99
914.6769613957928 124.08541505715165 866
775.632639354426 838.7732047416365 693
179.33782179343527 293.6053559137608 566
185.55295316549737 515.4597039007981 731
709.2767322784036 90.50809427140827 385
844.0505206236703 588.2005748426278 922
833.321930321683 240.0629481342287 450
717.6079669045695 335.610891820362 778
298.1804468290469 548.0400645728511 75
535.8126000826682 575.5089315613735 156
303.0194833864549 376.17082783492907 338
255.2076892539682 477.5421680582335 905
622.4708500428413 913.0597974625426 172
911.325377933918 835.3095781471511 691
539.2147051452682 677.3049227657291 226
764.8503364086913 431.998099483233 749
766.8374300234223 316.78175824989864 753
16.84562664659395 879.9057810740896 494
189.30287227100538 133.31514493036445 886
20.989870547072353 428.57363631927115 945
913.084893957766 435.83490274971706 375
649.9673947943578 128.17193152997575 383
407.14912023959783 289.6025836279307 782
478.7551440042841 303.2360718901422 571
878.6614844144308 560.6421900180088 901
25.264425654390465 724.972236745017 595
912.1027207713104 678.2110497009742 672
102.7264775926111 295.8820065092006 11
469.9183450017702 160.72474935116566 242
324.09972395274235 274.8544168241315 335
80.84629787681097 457.84775440889604 623
207.51230947439947 960.2542531284336 881
402.490914423304 999.5226360766615 265
213.2482029139081 664.3306371575919 819
979.2395225749107 353.8945430172366 569
753.5418248287922 722.4685189383218 407
341.2191645828305 176.90580472132712 597
147.2806075660068 479.2116046481285 393
356.0579576190369 896.1862909152557 904
99.55022357014309 807.478935399473 313
613.2338060196857 355.82015224810584 420
542.2783249370447 473.39805893805334 316
101.59919517923666 841.9960889294276 56
462.5346391322411 651.8342976021219 146
317.9127950769152 90.77985366023789 426
352.9368737106494 505.8739700735064 411
56.51719603963146 113.91364725446795 9
452.4509809764944 994.347017154078 251
697.0738124036562 103.90329893845829 68
168.31158433493064 702.0480976997559 944
402.53770368979025 662.0488820146663 283
453.09867268007173 103.770967825364 557
76.52471877550371 240.46016407114058 656
847.3042581442115 819.6296348328431 751
619.6030121648903 162.58413665482774 855
293.38364074302416 716.762130615751 24
937.7751990846999 762.3238592107322 690
516.6325869829125 239.92722391244337 900
703.3912957758198 354.17002551390595 918
490.6656123876981 942.7740133074092 93
149.62648484397278 37.135267724667465 457
508.2230867322096 676.4914806079117 385
957.5031235322678 620.0292528005305 331
665.7441993436254 488.56875896035245 977
773.3744578617366 943.5370636757606 357
237.74472520572832 695.1477334245426 854
727.7434113282186 328.42920103199737 276
451.8872891737287 981.1349746235252 924
42.97385799285192 642.4117364458676 808
712.6098998707379 762.9705563889851 972
901.7628306770929 587.2725766111203 223
571.0796569390262 204.18632050954133 382
718.932487903796 592.8948122174193 307
136.53743082506898 641.6222924714441 268
199.64943811645375 34.23297829232974 56
61.67582164070362 364.518123544078 810
241.16572539406422 258.76552789850535 231
859.1259466668733 510.422054824346 654
395.0593587889496 323.4413729618263 150
74.47573223653947 786.5635045369638 770
724.0621970456523 574.8599161790287 347
671.6347136537748 832.3753377321125 166
472.9774792018245 772.0509569971778 130
686.9096543872987 989.79008049518 148
841.9750781408399 562.5230984420756 820
258.531709263392 7.796813673620839 160
166.65564475444583 789.0331418337338 912
41.945260185220604 455.1935270897366 905
855.7870611046136 25.222153141331138 306
550.6240148529696 809.4486314942545 511
990.7520333061848 376.13981854169043 449
925.176852751243 412.7813167041185 232
243.23793865139876 331.6369034939305 197
189.76628341117097 330.6615494291446 187
805.9656096699663 189.4665635581334 811
371.8911149399291 306.36913612390316 341
2.956938425335065 192.49151460330216 834
234.76298971945576 337.7859020127185 433
886.1473872165423 149.37883190878708 880
856.8520172427336 515.7082347243035 494
155.20011789618516 671.3598793278728 720
966.7504556609354 2.262681692681512 466
44.77400042866997 943.9560971775563 470
657.1947787185907 238.99310134151776 274
394.33847039196826 275.5937615687716 612
398.9488925649852 444.0913041432835 583
857.8359590271627 522.2027103319145 777
481.2257683974656 352.53479576627467 629
360.98250091411376 271.8050147713367 109
350.9025458775772 594.0318034281828 95
146.92655973884905 939.3663201298223 283
282.48309449112696 810.2586332926851 499
