444.6854711633934 465.75144341502374 113
850.0257424798964 607.2754571009065 732
243.21600864993897 278.4489534024961 143
378.6218785246274 716.5332300249084 565
26.614421442759717 843.4894466607849 310
664.8210405177257 401.6109391349227 873
629.6091555901942 590.6366990328211 442
269.389139435822 888.2163651185033 315
556.3078697062142 826.5702434980984 221
378.1640101476202 599.0800554021582 988
585.0026762217269 543.0102772620409 147
382.65152942242406 718.8331186592332 381
941.6490540802877 411.9709309591808 606
475.06101197928143 803.3614056035107 753
322.4493253808186 312.90631140011436 851
952.4875672782895 583.2632503389812 61
540.0642213984839 830.4788992883551 155
811.7154023870412 96.5450167473314 274
667.5746731728424 658.9710306585187 253
775.6099850271778 108.47318240994596 817
538.9257047698104 229.0149619612808 331
821.1144000011809 226.69838428115497 616
358.12164005785183 540.7611307369249 749
726.2710801575553 354.32162584806173 862
572.8011638911918 148.070070138144 641
281.63911705650713 171.5135699698521 158
9.683410970757201 226.1529987824813 930
577.6064701276432 306.306480266644 477
335.30807566171796 606.1922957186822 91
178.75443525058742 483.0229608787031 690
52.18975425031025 852.6848729309249 645
633.9482863455236 427.7123694170326 636
779.2178855376708 127.98400595045112 341
477.25678587451506 338.1101561968323 279
289.61440830964534 13.804273038125924 76
869.7848817878452 89.98516676432166 1000
559.8594529837954 423.4768924296618 182
998.5138376849765 743.6276889083955 908
786.3351205018214 128.7657785086821 250
219.75306532626547 29.50513460217097 938
119.00346607002177 255.4561469197558 527
28.697635759786234 38.00610681490413 594
805.8381746239804 593.9977636402575 747
818.5905546309672 511.236906168397 195
144.7025971342546 730.143067814563 270
692.8834535906603 574.8117178817023 248
821.7201543704473 573.4631524894131 147
867.4473711424674 737.5731800536638 187
119.96159706723064 372.3107806859366 177
43.350457093575216 484.1292023759316 518
415.48817729130747 251.0418409063877 943
657.4560742314791 142.48136808859357 997
780.8686552948911 265.1942620739386 316
606.4742610417327 149.09192513071733 175
625.8803137302045 639.9703623451481 806
933.6297665671849 430.2616139150301 774
889.3455387667685 869.8242043596672 851
7.636713187061828 4.983116442352609 22
120.94035944742754 247.89197570927402 828
620.22625970373 706.8896225682053 645
887.3518096429432 271.79121026314334 674
380.21400919464133 265.1974761092846 258
637.1721639725347 35.76656618902996 363
915.1389554460458 793.5226685037196 352
95.13767129588413 645.0117340971053 961
279.5309516588583 77.63676006707465 782
939.8883919991569 806.5484056259696 789
581.3225448329441 350.84458881004144 65
445.94124174890936 704.5717893648331 932
970.0838162634718 258.80172846563585 332
932.6860422336989 457.31633323990417 76
361.30497470696577 491.9849408924105 373
76.64769223385281 101.55915383720526 605
95.46342669843332 627.6878008764204 608
234.64897886076795 156.86725265684044 762
950.2935882660664 521.3812110818354 529
974.9480025352885 175.45767533423685 312
749.6889758554187 123.55341693997323 761
350.8132530222586 483.684240528795 377
334.1677401373495 784.956152130335 738
961.0606265567197 580.5809830231506 355
151.1747150660777 216.90082671485277 844
213.20913856847002 746.5624401085632 974
29.6540295881651 515.1485649796707 161
117.22783365724598 231.5983603086811 427
321.4834007514119 188.55525912536464 296
293.11818204119845 93.39251898856948 997
316.062329330939 884.4637676138055 672
922.9974210915589 188.2658813892356 856
572.4757332583215 352.65191187483504 531
748.0764663119977 9.147649099153998 139
681.2889262841816 728.646741423267 511
682.1935379305563 314.9921225146345 651
586.7139854361571 750.7757373918294 179
351.1217855702939 377.3704814896325 348
712.6607877034583 956.7835214341934 494
545.9316072890833 406.52634557073355 315
405.0187255306734 395.1330408833872 923
966.3005654646807 768.4526247081208 550
257.9751765008377 9.511375713502247 960
63.27643615213419 317.0803938180877 315
244.24382595517113 635.8841505146571 33
152.91759759484825 603.0627109596592 949
242.58421798477625 770.4852868202581 985
566.8035092074803 577.4479806265409 767
312.94185916916916 319.0450915542831 957
275.03860834777595 544.1726163755504 976
154.7710383951193 177.97774072090988 1
319.1977558433775 746.7753174864102 666
797.4102848360538 446.68752220446873 782
616.2706709910716 485.59490772086957 754
456.2153373201808 181.15506072974563 629
356.98799975627924 371.94851344935563 49
508.1655443182519 162.755086139719 304
122.69041891762234 424.5296783708785 904
685.7194692050704 782.5201473676651 701
332.9430291859007 629.069665951568 820
485.41997758328216 755.594904009132 197
833.4446790384679 428.90197465267266 342
591.4258535484581 584.3177061952318 870
134.43824114035542 922.0281908036891 978
662.7450271102842 606.1151113490363 653
278.1638067570867 277.2220665040035 131
214.62453360773927 603.0135087536474 96
172.07707494496705 369.35247172335073 57
530.4879469973456 572.072553282257 160
357.08352079703366 50.47579882206088 831
745.2890219947786 887.0423135369496 751
411.916766423434 526.7249303499123 268
275.7431042046624 222.1895157657964 717
782.3612968517348 897.682285206234 11
898.615392275711 191.18374235514324 804
502.71656431123665 355.272116806401 940
750.2223507493572 284.97861135674896 497
862.8425791082606 129.66022615500972 75
21.798629095173826 228.65720809739443 834
762.3896681776073 703.9174282153953 107
446.5377342601924 562.7694388963173 752
739.4232264314954 420.87692765722653 827
51.3150060294727 127.98574529660456 289
901.2876420650213 876.0853928587042 730
509.26216648770037 95.2714289608394 395
869.3788413301435 505.6185682310801 72
704.8738361709793 821.0876853518797 606
416.7925750449403 343.2056643940725 328
231.14124925767675 768.8316807348602 969
321.8536800556062 89.28975508776082 314
483.94643989746044 5.552541141281786 668
655.7107868959041 485.0942867252712 768
42.54782010275227 130.3545133641161 447
884.0635667831842 346.1519938749923 829
323.06340149384414 871.2410669036165 968
898.2138632900402 44.643694100042765 536
169.53607664408642 653.6981010676172 285
522.0898548080978 745.5674369365082 801
850.0224312064172 507.23194921225644 576
671.2083901386278 644.1655772930753 15
199.94555773401623 82.1391751835323 796
199.3776709221926 651.4893039474548 611
445.93672584521215 606.2692682965427 492
708.2027151792297 739.1475069660227 821
941.660331180591 247.98388695243278 41
169.00629725848026 527.9349046570367 612
994.2159066512285 439.28595938901117 409
304.77370912690805 104.82283272178161 885
31.417266790866982 656.6433053547369 101
82.17448182635422 137.64122940504674 91
999.9333931470436 96.7180963544988 961
305.39446380529756 844.3390059520074 419
548.7341383657795 528.3577641659467 313
17.9726479498733 345.17951919439395 214
202.55815738543836 784.2231787032031 163
592.4814165740873 931.9966160832214 166
405.37123572250124 34.858966384500256 896
36.117187270121256 462.6310921606722 847
936.7340739210421 255.65571685818966 662
502.37176863185084 394.33884441693755 745
85.35783900581117 734.1138053372522 77
361.49733700611563 118.24224260153349 685
113.22161410808584 649.0078162841202 446
997.5841536211944 684.7824331375172 609
188.30644056857938 397.21703590545496 650
778.3996959894273 843.3796888006519 489
339.62204662589113 409.4966713984076 192
323.7325210929556 795.6639773583396 808
9.51823642345162 552.8843890584761 777
874.1869767265854 959.1003886452709 134
900.2862181638617 397.35057402163244 877
723.0542165106457 94.20828433658346 390
824.485737911048 696.3969097842486 926
73.3839860399288 899.3150960973576 520
981.4300991788309 168.39808536500456 894
962.2894129833664 516.1183427179094 508
917.1145063829756 975.9158099267298 514
862.6786785811872 27.2756574162063 412
94.97842945209966 588.2086069681629 900
483.62475832007135 827.7106540505816 895
985.4513042463062 733.3738780905823 394
477.4371577998623 632.3850805934793 585
960.4835143082377 28.692031170186148 363
350.8141623416965 453.2735905624377 365
359.1652827597787 840.1986520131961 334
267.2956740816823 410.36577239959746 39
114.00456444434614 748.2457385245414 109
267.5561905631727 492.12872239893636 568
354.8520190375726 164.3196805913122 41
624.7103564531707 307.1294186415229 706
384.29302939059784 282.9313047144066 32
529.6681778699178 606.0476292944426 443
542.9212733190407 596.3008327485593 698
805.4810760521896 25.534392588890785 237
913.6944378121634 798.1043274320025 386
259.4211093037246 73.78241420229004 149
410.70845786211663 823.1541963099523 268
241.3036729426069 293.7715178631101 271
557.7725434188736 457.8287417033461 914
166.01445248619484 611.8412386055552 83
890.3782804841687 186.21001250628711 231
80.24752359401366 327.0414429670852 933
996.9923905484017 144.24671536393708 918
896.1208036840952 666.2575445687032 514
200.77605868254733 537.4996533367258 936
37.45118737326947 266.0888021455885 72
745.3049054060065 198.52954404099077 994
736.8428555676071 482.7817108383463 776
55.774500249387685 575.9136824057013 329
137.40503539272865 63.68979655284113 609
215.83095864512637 194.26100102294285 87
546.3077875057804 268.7114875679667 260
997.5812261929482 480.78727991132763 31
357.6298126113183 892.7947395970926 121
152.39650826534978 70.28536636581562 730
961.2243380421501 172.8399692835605 911
300.4059482526157 853.0454106541214 24
318.0932568023159 61.72250599321993 830
93.16855727106189 200.30344507942422 946
383.9055390595274 774.4129772288046 935
199.27842537398922 985.3162065159054 835
923.3885694844078 552.8339762536613 723
878.565863064991 369.27820144056324 236
733.0715836571686 162.0094658914645 759
541.1530914924778 157.33638448475983 731
179.6369842447749 739.6704198144678 78
790.0779360936406 700.4032455458731 944
403.19499915885814 962.9203558762243 360
858.0664988587595 455.8836665911957 505
105.85923883099646 259.6275925157221 387
408.5820758144584 784.5494980831568 173
976.8367932882257 415.5379424334853 781
860.7206126876328 493.57227154758255 811
817.5648377391819 491.8508500093851 959
446.44360156056996 129.25395419382258 189
861.4479556643593 8.54060632948428 757
294.77323854926175 353.6720274063501 884
257.27536991125896 836.7203914160306 944
435.6253455913105 395.9094398676832 548
663.0128651023541 335.5423876550444 268
94.2930346624904 860.4880127544669 32
418.53052991535924 393.82863242397883 654
235.47886995418665 344.6375358548114 524
821.9099471372798 886.1985852226959 299
414.9657341512206 262.49670217827156 410
134.92444504770774 979.2742348822907 911
147.16012452151605 737.6117926423533 833
489.89916422525494 535.0275862034146 268
568.6560863985545 735.1254458105558 935
654.2243878218408 448.7251331102908 438
422.32962396455144 246.98393733657232 548
439.1282466296993 141.72928071582248 447
460.6582252404969 664.7572803544751 806
303.553623614469 62.12514594839891 287
469.93714504397997 446.1739054318313 333
921.7220013754605 244.4427949445499 85
736.314008937435 160.13492225321647 345
384.5518064259419 728.7983736239255 656
204.28450262700227 707.5272477628705 498
861.3704070645332 19.999217568719917 918
417.7773653167193 29.786733929530463 420
373.5924238403305 538.9434064215756 129
322.60687559950674 865.8554299600254 810
214.62297285585296 397.2299459025166 539
758.9458816339273 967.6617182103838 801
116.16023470397651 629.9158675473402 560
228.59811264407003 875.4574522046411 874
308.15810079929497 72.58603763379934 643
41.877541220647466 754.8139149781038 532
427.09914194877797 171.46890114506863 730
298.85311396265877 826.0541287245054 788
50.57882572466643 200.53146461706194 776
608.1341828659112 752.835907517785 396
942.0482225625072 796.5760131769808 209
547.9661636586573 61.01813921192589 838
1.4861035564075475 40.02566796016227 951
273.09879618645783 643.4284768701406 383
536.062566789904 155.46880838915823 390
981.7431495065891 581.6920584129749 30
246.44926772941966 694.1409214790111 165
145.0681694571643 540.3997862574703 924
895.4120571573875 873.2774645155629 640
495.53988013679884 917.2064149651534 110
974.3742193843267 754.2887106864554 959
344.8948493572389 65.49400681487106 89
75.11243049114135 740.1829757298531 187
679.3431725755152 996.5433942057235 146
524.8464368172176 33.38192875807899 775
345.40861844546953 442.2215384919167 728
932.1549038471273 258.4187012161845 885
123.54211203557442 564.5792305094361 424
641.4387313859552 982.5862804314006 23
255.45078427219426 651.3514026828947 891
0.8404713911760453 139.0513146908302 57
59.128998634343176 448.32072074257877 894
300.8718424239636 122.21202006849796 474
930.1056911448138 861.6062090077415 456
59.21705651567832 395.234720326781 697
258.4526130836898 15.758338640500579 699
124.3070755217871 325.8816554789726 232
889.0454499834417 129.90457001606336 814
899.217798628942 371.0575906046849 651
954.1669044365458 920.9836365676993 925
696.474924714079 788.5687110790086 259
39.820356708709646 173.7615341408828 414
67.08442362109612 2.4952707520358164 508
287.9865342037131 734.4158943155916 303
881.2557891149393 687.3411010105291 897
947.5466191693938 443.86947294051015 432
272.1755540123982 54.827982592482115 112
269.48222215631756 79.8670639550283 709
737.0789538916474 904.7786376625052 754
56.85648794074372 820.05721392522 30
888.5446702346949 68.14370709003326 746
98.82631637174899 877.3391634394951 633
884.4586032214135 519.6345480336437 913
49.90336206644419 578.7501221816098 157
53.864085684749874 555.5078099518893 776
386.0122302597754 224.20336714942502 924
915.3875544858395 281.17111965622064 377
126.2382713037432 180.72588537241563 50
183.84102437979377 566.8174020842068 461
899.9212435377502 334.07711962521245 971
272.131791484978 998.5718115944034 532
801.084296512216 19.04511744163162 664
289.18066606494074 282.4652481612127 295
379.1264448147519 823.3477761851643 463
639.9599601123633 345.8459118708834 842
388.7543915345817 804.1799840800234 755
578.3196002827964 925.0849403570679 738
778.1769799253711 796.3135554949941 359
938.3408311366799 312.8509834580927 745
550.2147698463268 970.7533733000105 348
923.441175669245 193.59764963031034 121
191.82791170113856 225.28811061860455 313
10.09846444424889 198.87418784381262 26
532.4408182039822 406.342287340646 794
508.82905347738836 63.554465858464695 559
851.4248981099498 329.4907935169269 656
106.18709362207824 165.78307851427553 642
999.6308309151196 86.8000901314262 679
643.4424696511832 299.8157578783828 964
865.1916424439985 934.7360866150638 470
900.3643936800136 261.7620264211933 764
540.2682048067047 151.4620346290171 436
809.216465385194 697.7541413793513 379
165.4102654588655 819.9962623049867 510
389.9870966655021 442.4759048102842 487
566.6920458344928 615.834744598768 943
734.2717250012294 905.7699062036202 983
68.48170441940826 495.27315165023253 9
25.51329191581231 150.85767185880917 745
767.2616916508708 449.6619571186641 57
295.1122708450018 940.8125756579917 46
905.8771374647004 569.938352483745 985
19.789054699978493 272.4680059633119 420
864.180866695586 831.0419831180548 771
589.8635836307885 70.19849145207901 469
656.9115230391056 507.1052604249101 181
864.6417051286124 257.46501568427226 62
284.86398004216704 83.76821991454287 981
818.450367108516 656.527534148181 11
978.8846761423267 349.1057882328914 172
719.8454929104228 982.8362295432966 983
855.1737758774788 786.2076407933318 131
306.25673130507624 229.6782112353426 47
939.4673762668602 568.5704979591906 270
131.01093789263962 886.4692678261059 88
370.0432533582384 841.3799457343101 890
968.9400359426162 257.0766454512138 24
251.61666436442943 763.6822297048826 91
708.0980548772708 384.32442924318246 99
8.157767393676796 792.6272236301381 85
98.11951263765306 595.2461577032336 706
270.8763431145611 527.1118204128612 490
33.466790464652064 450.73380724868684 882
319.78521306227515 908.3036695230272 679
649.5455816457767 401.54521089959314 426
785.0424849776749 555.6706134057806 673
548.9909090156161 639.3474940149913 349
833.2720176368043 220.7039990078018 914
16.85443480787463 307.4044741730565 689
465.31383945869976 132.66825501015478 828
396.5407989977988 461.82810009280894 994
860.8234034744557 436.24927581782566 472
975.4137518697798 808.0684202924373 812
85.76667744217892 628.6921518642406 477
765.8978130911894 380.67160581751625 67
32.373549550746226 819.7911570664811 298
611.0638831712965 525.5642197028103 791
58.94125358238511 757.8147535452005 442
532.3683538315499 946.011700748773 576
21.36392311515356 193.40634571080017 346
367.9974012212365 832.964343986869 598
291.2095213711001 28.823829824014325 357
121.27228315356975 180.30599035221394 805
804.0523340582258 972.3457132134472 653
180.5338014465271 232.90481827013198 602
235.6678574645682 505.8331432639961 375
889.6232509356296 972.3385491019606 284
556.1710737477159 130.98884649934928 508
825.5600755072705 253.2889096386961 568
639.2833511361591 62.956794322818645 576
238.99802033674712 79.55284278570751 718
171.87882890309348 469.8667525444372 991
876.2801866129345 362.43824584926085 68
47.82071311751723 554.8432667583224 732
391.91494521611327 528.587990752207 868
758.688888912635 422.01492342230296 6
960.6613788619957 625.2268002992507 949
923.4540524069398 818.7793423801089 448
23.862377086011357 235.83385798095279 168
433.1734673512344 492.00062565116275 474
119.00868256824926 30.135242538692374 25
755.8994657260439 560.6776928498412 383
546.5826500706168 678.8910507907112 495
618.4458611868494 204.82504177055517 132
113.19369466954609 112.9117237865197 1
429.7246613383396 970.2207305999275 560
713.9959316109359 482.7146908866733 551
315.7115001049393 575.8334542099709 664
76.8582783380336 333.549581186823 522
903.3154338314731 18.61130121953858 955
845.5870636609864 288.2472993494458 319
833.5926142790133 663.0531617205844 333
78.66366985958851 514.0688785878833 614
826.1235048261066 496.86155162859035 573
153.5328704634903 562.6203684237685 181
329.81437454198294 497.28647669990323 380
762.5640011478088 155.1118652756761 348
254.42545262746518 38.91487122808912 827
423.52519934052447 909.4176377796663 414
952.8481222759473 957.7754083183902 856
637.1748916593276 175.64803771656068 477
808.631066919913 401.9448759783848 686
254.70953683459675 978.348998174814 254
737.61516055891 187.52403035963027 778
281.9110340186939 781.0988868916947 962
360.1225031681719 381.1915906259411 54
832.1998552804257 744.1532956173743 661
11.614083674175157 183.2283248162776 921
549.9851854848615 315.43732066573347 915
661.0442894119135 334.01027142985896 86
52.36020921203244 840.407760755277 516
67.18143148324229 588.2827359308163 812
961.4044586303694 358.84924121247855 574
745.0823333562762 959.4774064561376 357
377.1409887394085 592.3489416906489 471
184.46172434839957 783.7184956332989 619
803.1599748818536 25.686548637522954 5
35.96397772000559 345.1175227810146 631
749.6189425593057 57.556386139569035 535
53.08665705908921 223.7792176132929 81
714.9641320367587 690.9834125079269 819
631.7228984750429 91.6012098775617 699
70.30930900629318 64.66589580987015 29
0.06998077526187974 290.8882698753008 372
892.3722831399076 388.8471234393205 194
141.5030117914059 642.0144924442542 845
659.6112747387748 162.7476550757766 528
324.3699560189176 910.6927107450481 155
535.2104679607698 172.24853912810678 404
247.01826676053162 573.2204026039783 914
595.1731104096904 545.3165672160272 518
224.6652997116696 961.8980740428652 120
914.0387595338356 291.08185935934904 268
651.3605241639036 285.99725323992664 919
87.75028126673779 831.4284746339945 330
836.0715736725136 117.0476225825684 253
247.92605265103452 342.47578861119285 340
629.4234384636737 341.35989927762154 29
518.1953624007558 899.8779114685126 476
174.94455881911242 581.0921600701954 175
484.8622672225439 141.91617470515718 776
127.86345171813419 72.54667574022355 437
855.0414491456564 286.1150054077107 549
947.389725808064 712.773743637973 951
434.57292869980444 866.8455364074948 40
211.60550870689866 743.3328355314453 136
857.9788968449685 341.82172888960883 448
660.2556914138855 192.1038645103088 423
297.53512761532 555.9105040128292 520
75.98006149032899 618.108760762884 248
433.11237297148585 299.64404833631863 537
187.68518699220294 9.554198054013586 387
324.98338777446224 112.49197953095047 924
370.9110361679407 152.65114168615978 110
675.2174874756363 30.085805870715966 759
832.7668352024901 578.8746945934336 425
356.23018382515824 505.3799684697675 552
693.8981302742382 539.3271883931004 75
309.4825292322406 526.2357176742869 824
859.6140609993844 610.6760112169943 411
441.97338836566314 627.0243438534272 9
112.19691300576883 604.7037485243166 727
2.245104493488137 210.72129449842325 495
38.08357711502808 122.46535432709027 979
636.7640573428552 45.906128061194984 360
686.870608514409 438.8123873413864 261
764.9209830968358 927.8331074248774 300
277.4477664527958 388.7357891947483 72
552.0763470402593 840.3230300248636 71
320.5615792438441 866.1927862901642 493
917.3146725911911 741.4971775991237 660
941.503874056606 77.05568589976386 3
933.8476224967324 630.2504142268532 92
713.832214380877 921.9958544488038 511
45.46970701148456 606.9748978114897 612
653.2450009332046 640.4277800906586 755
99.40356815695439 577.3975231584279 902
494.8958678207406 777.2450699168343 102
707.5649513536766 268.1381516785014 568
476.8167270519937 815.3123914114652 69
401.28420853929305 369.56656137794783 630
274.1998541061943 436.20934260855114 104
172.07665926135184 786.7045928395797 812
182.75215425098125 425.77620288756646 722
951.5219100841393 270.66022160417316 195
9.008342801186009 314.4086507947601 571
875.6956069415078 475.40575757634826 383
721.3897839729369 795.3696509629347 562
466.44937848691626 778.6794849358041 885
132.56378472184593 264.8127899851731 310
328.7580667525444 78.8154124361593 915
682.2538335941581 548.6852039113152 441
892.6614128519873 497.3082928527033 479
161.3761388525744 448.5476675040261 760
903.9469681729048 250.53229576275382 398
712.144403589275 434.4237489514475 763
702.1359205601431 434.8304205512051 432
103.6974777384424 737.2717847115504 120
296.08391528155676 106.83570030226808 597
629.7678755818364 584.9481343620206 535
846.9804768036325 469.4786240639307 774
72.90056563767155 666.3972858320367 907
346.13447378878004 795.4283336202949 385
186.23617112383172 143.18520166760163 239
568.8408639835172 792.4387124210892 996
993.4839684347832 70.84159533330437 74
364.6530716606574 575.6579303184312 400
809.1904367804843 928.583151508723 231
974.649954462731 677.5583530199509 967
117.97340684513713 321.07530500738915 289
700.5188751805383 44.17027696875719 818
808.7619857420194 51.47352148984263 120
49.274164499811036 802.020795089753 694
96.40557099602198 911.9719694156458 188
739.2323332493244 599.8356028157112 896
147.0043163644832 179.09088932815342 416
165.99993456355512 533.6743409454373 864
593.0209033606417 244.09928510585056 103
729.1899932106082 387.91356085540673 224
555.4707568522153 918.4577095449903 243
939.6231570083723 585.114818653012 441
236.6848798686636 632.3827307038857 133
315.22497589842567 967.4336100139005 826
678.0602659092028 524.6532747202366 588
94.009947661028 992.1715659088503 838
564.0808055072799 65.33095351922546 202
891.6205267449503 33.00257004366214 996
638.881975814892 39.526709992623196 518
883.3847970867178 948.0819862309444 925
913.54179240468 196.15438879394475 954
323.8859761342225 110.67313414596359 194
629.2685991428966 379.1075728797372 116
131.97492246114606 307.87876974708894 240
50.93641801185322 152.59259800060298 500
579.0837074313639 411.6020458197891 485
54.84232121832111 752.9313838030465 638
105.04309896389441 677.1164186920304 538
589.7383548836387 602.2303058643506 467
19.87551230360396 778.2601357196687 625
944.2823598662983 486.87403775736783 175
185.01919521291398 826.2192469383837 607
287.3274901864639 330.05893763961416 71
781.4965371033378 482.6499216452634 257
963.8838624536696 309.0284670532778 61
615.0116254896758 561.6235429525852 153
725.0778034622832 459.8323219864946 570
633.8721435557494 879.8654198338309 98
220.7583850172098 373.1357657680743 397
813.2920620341146 336.477190043012 278
409.31556385633536 441.2747379679509 149
842.3811033339977 101.66173569485704 367
0.6374990753743592 850.8164965304221 851
678.916487921225 582.3760011689999 536
520.697809449915 567.2568479524977 53
171.97413859784706 24.722500797831117 180
382.5961436935451 240.35974572442043 801
857.0151644983182 904.9354502234352 741
682.3497651852826 328.6173194464707 40
309.97860183594804 310.31050787182977 79
720.2766952908272 556.3892247283113 887
890.9069307270255 580.7618766542217 224
403.58037432809226 118.58623632570009 202
62.583518178980334 919.0484250448521 84
267.1090013679064 809.4612458075534 470
359.0647460305756 302.66639979756206 506
167.58262988853346 287.92714559072584 426
353.49606153104065 984.6545085840183 475
665.0146346258343 970.7075447666967 990
684.477054853609 869.7118212394834 976
129.61239843462624 298.4841636241601 960
180.79906790606015 622.6375879557 681
837.0812949579336 81.35743812639873 468
996.7491827322372 691.0766017563437 409
541.8009199570739 650.6739253064524 593
514.0947292442091 604.2338180641206 133
299.59934726952673 103.29760742480131 735
965.1410060128003 708.9693291852359 749
137.6768222130722 448.43033964243415 116
186.26119577141708 812.606220887252 865
478.346259346502 662.4409177981297 510
604.4377046824271 94.45917243102674 991
20.518000769479183 335.59956176502345 714
684.6144129014439 834.1453221669015 372
837.0404285892806 447.4857962192684 27
118.07808581323175 466.94021723018096 660
402.45301628413165 982.6366897498266 317
33.31270592229085 538.6042111862964 944
187.85159204253165 259.6322738973196 101
483.53761754435544 700.1717688674668 788
764.1631876473234 706.4073556896418 950
656.9190574829936 837.7625742210528 921
499.76792815211445 670.6013277270915 312
805.5245338031293 412.58641515718375 838
90.45732512833659 403.2369712909697 686
367.9985568765287 700.1780176582334 688
79.51072362656697 956.9025599027192 999
172.4280170842919 335.20108332108236 185
139.02765226876113 594.3389101816755 576
529.8752589199524 929.6667905453407 536
392.8583508788921 320.7515917547986 779
591.590337078011 880.2021051076781 191
953.1808779629813 901.6751570433003 186
528.1665000313535 161.0102708441632 586
223.92149404015916 14.97038075372914 516
91.54579997671964 237.97195020543404 716
412.0161447297749 522.2989558255538 818
10.407451190083794 835.2134028646924 612
863.5603168669903 285.30112266853894 123
914.7950259288273 398.41736518808244 963
872.2921269028595 642.1902637763735 565
964.7501485800694 307.1471518617163 896
858.4336995146472 194.62930570261437 675
116.02412469363976 437.26293836619215 694
639.9576991785796 731.7799137064616 172
651.3680089627499 870.8071771233771 545
317.4136276493513 104.65991242125739 360
746.0300612096569 324.48455702559045 8
122.21587097208197 900.0811297998899 189
731.1177673235007 10.143530532984224 830
315.29306349883757 805.19648603122 856
513.5447836198573 429.8574372096856 958
286.2583278080826 418.98473050500473 776
939.5314824015203 177.45245750758377 994
114.60273682091638 83.70378703292414 258
539.8227050448909 857.5449055847079 769
864.7485452664162 808.6773034090917 10
133.95718431267832 650.8182900806289 948
360.6348024673795 586.4708827044228 978
238.0734800560308 751.15209761259 738
860.8663096012738 0.7171696455748888 972
414.96779031290464 590.1049968782568 774
942.2727911883167 775.7775535775821 912
776.3699964810254 417.4079689716252 564
108.59974501519754 320.34343101524644 88
126.96519748385649 83.58289820333542 535
918.2236119017771 906.4870545394492 856
900.3231279398176 734.9101471877117 211
112.2804225669296 838.114028442291 858
685.2782447336925 394.8373019655399 59
203.62709255052258 84.51988255635379 787
226.69166408415265 937.7837789379539 220
630.4608708220842 908.2098930456151 55
347.28947035627453 736.1387276713187 278
526.7154012758812 912.3841173506615 115
330.6860831143524 45.681555663860784 664
560.2251969845578 841.5251877544222 183
457.6005556332103 739.3530882215274 469
4.7244209636717605 839.7210318250022 771
272.44694613161914 656.6176592943514 351
845.9130929382292 221.6070987163946 904
35.47252597963413 494.28683000477724 729
223.36965349168904 977.0076707993617 829
978.4330839324314 322.3371463749988 467
160.02306245895105 650.6443048727722 72
441.1818460169298 463.60198357217575 839
304.34069729681465 261.95872917243247 775
681.1006293023875 319.0486779787798 783
853.076456138414 701.2661045427051 956
669.1722496288775 178.8708837790821 90
474.24921936440546 784.6388426735358 978
650.6121859440435 402.33589203822294 240
974.3961303188632 908.0667105455757 792
319.08189359191584 374.6620905250655 829
909.9300508800147 532.2102423920785 237
958.4776056170583 971.8158975964122 673
529.5101126203677 239.06135108871263 831
464.8594193068749 221.51709630827852 399
199.25055845060712 104.28566353422619 511
812.0655634400924 715.7332758204882 958
777.2100194894629 216.40887362052362 984
884.1680843570659 946.3912865681323 276
10.823429915352012 81.52579704709851 603
433.41406102297 17.40500042353732 696
564.2882373424603 853.1882875438423 673
68.11789308944371 576.7912008393448 656
435.5106134991493 530.7924234767543 290
467.6627891144447 605.5906184427445 512
383.11863792515 602.9262462972499 350
354.7855084823509 213.26342525164233 540
273.2519848331 377.9430226229814 738
530.698066815052 727.4618572276802 717
621.8754173403316 990.5498220971855 585
515.5015006759527 738.0676418021372 448
372.50374127110086 94.43954486338457 560
72.28198286280684 701.9295571868105 197
224.05005806497402 224.1093613390791 210
823.1431470506761 425.4145328211677 545
625.837129322195 706.3345973543502 483
216.3636435780728 782.3928687566927 531
334.8192438763722 688.4140259957916 882
328.9025083973267 76.79614393123502 797
108.65928938563052 377.2166622476467 113
67.94016553528238 910.7301821202603 140
358.51261530927525 846.947541756154 439
901.670844262495 64.62382190208982 938
106.15308859577144 582.4690926978897 755
385.80655778661156 641.8179585653663 783
715.47408879503 605.3026683360566 373
258.1154258934345 964.9674955406326 572
549.5936510036901 816.171197367642 609
397.42427490522226 361.8796661138567 875
270.8629534382021 776.0591140575937 972
704.5414312305021 883.4730780933397 41
425.2321671236383 676.9922318963776 810
32.831104740719596 799.7851363146938 802
99.63140979054386 555.0901300664724 188
680.3755828997776 936.460222299502 58
598.1535854579967 675.3412852109934 487
676.3277069088725 18.750222739982945 114
196.47872011348778 594.9260865336943 122
824.6275446107994 475.3986573020179 640
593.2484641707987 63.87033969953304 770
326.1688846645028 865.5146608445875 564
721.8243839652672 335.7088550011107 591
103.7616202080628 810.1506084992998 787
210.2262773959206 138.3256920321072 281
570.0712488496445 995.4406382997989 518
420.43019955048965 592.8582937351493 835
264.2939170042848 697.0241984397925 305
174.09024544610307 58.90193786450093 431
776.7013291595985 722.4044552940635 297
282.0643154162288 374.80559253698067 29
471.6413526162311 480.77614102476707 52
69.51748611425268 953.0070310810295 696
783.1873559960804 626.7834201841671 453
915.2082630685659 399.4206619343685 615
202.82430577852716 270.67254020208145 475
450.60301474493934 875.3033181235572 476
117.65621125260306 342.5647008613553 923
377.64222743128016 487.275510186149 325
826.6718299920844 817.7439477756061 825
902.3363966917267 95.19317289622542 259
562.7807990477249 81.98891883668158 679
616.1357910659904 799.0243478281284 671
903.816073463777 307.55570820898924 118
461.27046388440164 53.50874619512358 941
425.9506519736118 837.5406029291677 238
322.2029237048396 450.66916272526356 135
502.6312146205463 50.74556081586523 275
453.72323474245155 844.7171604621165 890
242.23349445968202 16.46561106456579 915
520.4493665335299 763.5400959205436 130
245.2503043474443 972.9114206566243 730
271.1652468860982 256.1100596941339 262
884.8128115579087 474.8052402603196 950
18.64442362283181 69.53182029671734 298
396.99104171883494 174.24988651543748 883
486.19329594052175 456.46249962238016 22
413.26468175653474 157.97907794376687 235
391.08025086869935 246.31225820638682 450
294.1766772382215 369.7766870195174 964
197.9541717532305 264.36855537092674 273
463.1216275826068 148.29046961186353 144
860.8974277520205 632.3294352830053 873
409.0558555663324 25.82112259284375 293
455.08171634993147 801.6025574798307 798
976.5532871058999 867.4997499597542 873
232.58067495996448 309.87552627770134 228
583.3729165714522 120.91629983820773 81
447.9036822577742 926.9773884436627 872
618.2189775909628 874.5651701780948 461
509.8194642635965 607.8011573071652 343
890.1411292051192 856.1217006331709 144
835.8112254900542 852.5365207137299 552
734.7239709269394 623.4779116539316 238
403.9463414544614 677.6925533062272 208
495.3776515107201 109.88195374819287 310
79.2075964101524 622.6316072870962 488
301.69678392960384 438.788757865657 507
871.8205321538616 454.37587626460316 500
446.99168376286923 999.9927344033275 849
386.1803285926728 448.6303132688415 5
760.3829413429395 129.19051583677643 997
789.2114514500647 961.0884901229781 724
671.0184476274201 289.49569942775645 817
719.488572735129 408.91146988594676 215
586.6523011790487 340.9644151949136 36
103.57269528865321 283.3641452535536 761
958.8832049551097 770.5083469857343 621
579.4400256608302 564.3545258252391 37
168.35912289524225 796.8194579435886 370
520.6725158341815 298.87216647222016 123
976.8556467530334 463.27212008126475 999
912.2564484401257 575.6699107439954 52
934.2044868454976 488.0660361247839 1000
288.28167093927317 490.85961054433426 843
890.7874984827758 54.68194331885579 71
758.8085333330921 52.18917143026025 480
706.6967364061279 444.9046112198729 569
966.8921096511715 327.5471988494455 571
138.55879240217618 447.6723758303147 795
505.4404251360991 505.7903379208616 812
408.34646674033525 145.57916655705938 684
940.1682808159597 918.8842420379356 141
757.1071199197189 76.65351411813748 665
31.78269689616564 826.8599542952797 484
41.92875401856333 756.6215227471155 808
248.6269878566535 615.5213707843574 148
388.3420328665632 405.8650548345245 224
705.9163520157088 876.8358060137383 676
440.0850060520537 977.3078997447625 384
614.72901822109 284.84982933262137 519
626.1141308822403 761.286252262258 404
197.27522631547788 896.5860256253397 743
260.3711465583989 53.75739612826902 717
873.8007826811488 695.2152028159103 497
785.7886003981616 389.2594972864688 266
708.8110189453357 278.6897591603882 624
639.4155664264595 539.384912158417 474
499.3153078447592 807.7705509945512 29
882.7427573133883 487.3614037725701 171
191.74510391151688 349.5456579359627 348
613.4681306587704 512.449734095477 632
792.0596069940351 256.1353871338582 793
507.3295014297463 260.9294378065108 469
163.35304456676113 467.1062651871246 395
387.06199040561154 568.0763135358178 127
48.507352297403216 20.188713713017226 231
63.23073770445997 324.72742514265786 227
113.64572117754301 361.66119254084185 707
964.1473204759259 984.964588420461 162
96.60276358958785 217.7939704384062 63
600.4552492899724 168.17118223539097 571
201.27694948418608 569.8924105872878 394
615.674066282619 178.47439050442904 999
191.222644991461 90.08919847413976 677
425.5866378779093 543.7455034067541 962
861.2206351725806 70.23807347791411 364
488.6555343552684 887.5604049609772 754
620.3122957066776 698.3065483129385 437
923.015166015525 125.20355357307112 798
138.09059345475438 633.2594154399878 719
371.80407867236187 46.455711349711606 717
508.05852677895547 37.48863465936581 147
253.84505285564472 794.3926732207486 423
231.9046878782841 645.0700686767988 887
107.77439971034353 71.04463555876528 489
834.1051202081405 758.8787697401347 777
18.756348315351 802.8093773898413 236
205.92584273145087 306.08168018864524 151
383.55465530144437 19.56394091936964 953
270.2699914822768 340.78979846170296 911
324.1128715681697 168.17571492800343 331
108.28849912292837 136.46896954310915 417
650.2439574676567 645.3667614378276 51
909.6313936031308 722.0077698834777 662
434.3389792007801 851.481022747007 781
936.4941163268682 511.17167968933774 95
886.6496698787771 977.0318033520347 76
474.3345579481736 752.8645223765698 206
106.9332177259923 636.942938247417 354
632.3991421039436 481.3829150492356 799
955.2096497668444 94.41773026083477 187
415.50084771421905 927.8327159650481 161
129.8737129025238 681.5142490418124 53
500.2398167612104 491.5101235564151 445
6.029029937224317 470.8595114765838 311
798.9427566960395 100.73506904926344 570
15.89169600216589 73.34325719802281 439
863.3695963988163 807.9299471283925 811
587.01038760302 112.93188866407976 650
770.1650808716827 721.1364499776754 100
310.226791906442 543.2539667146151 876
449.4349541794189 919.9849375399986 781
645.2833043514729 35.23124124338839 854
912.4406468432193 779.7517224654104 478
333.205739109248 847.9610413306056 613
388.3199227921222 505.1627411050984 550
932.487814355664 279.39976533618585 590
271.9386832756998 293.88769808301254 119
103.81636649205828 659.6764430878588 884
499.18126806634854 641.7601906445676 922
849.8073192421551 830.8060199071788 801
763.4263766618117 982.1123746439495 384
752.8876666806555 234.64155358033267 141
142.39236613791596 797.8648682407759 702
915.5082912339374 632.0038919842974 917
415.8930750702291 708.711895426404 332
97.87818493056488 625.4980555267705 229
874.1385368686342 825.9605333949619 807
589.1730793805484 390.7289373224806 300
319.7779525256896 425.3715311372617 481
266.00762180418235 612.6998484449449 41
534.4422618727427 321.00656305898855 191
92.44974332507493 841.0068237672003 719
856.8558455718877 82.47172364813515 43
784.5491086636775 171.26774543447377 941
474.8449337749711 816.4583024059597 962
246.3965908001683 329.1955469888441 824
112.90514358289427 800.7387229184932 605
403.78467139734954 131.1805169268878 409
515.8522459493191 730.6190934605612 383
190.77754911914136 907.0620955164917 195
217.1949309579392 890.5078595006471 442
192.72274220764274 916.122771463235 845
142.7734444734391 168.05248020013408 3
919.6031831495625 647.535657631947 620
719.6689960060462 25.531947891647032 397
88.53346279590025 692.1881002481489 39
838.2945564918471 827.6059816117943 758
863.3012390026662 384.049668741402 923
361.75735801761243 753.7243328028509 85
0.6805097774150726 76.30223173511486 593
978.4788415244205 570.070214391433 908
821.1795832538138 796.0559397158727 965
568.8629595982173 271.1288932409298 170
62.55326078149126 351.89842186294084 880
910.4936275439009 326.5209601853189 538
663.1757697047965 355.9840762623896 66
330.01103569823744 66.58619075462346 78
895.2207811438519 247.14681433331788 965
989.9382244863813 473.2113152207278 340
373.6938934259945 248.9013168713199 432
809.8280569215942 676.5504484705145 183
503.51277922585757 516.643104314317 192
112.91345257445207 673.0129754982638 115
339.0222491487055 712.4954706261467 358
789.7827615760915 203.66920408151447 799
319.35177725305164 426.96718979842683 165
998.4168094467608 138.47386094833482 882
941.8175378413515 200.03505894431794 629
800.2976654348004 522.4376508719045 233
953.1098418472093 539.5860940354464 760
834.5614535761475 658.1110757392828 278
890.6942869232835 63.76910278361581 579
503.89664986799386 682.7589269378849 849
874.9123966802587 711.497029919345 23
899.5668916744513 433.57215314791307 112
839.7710409357298 766.8284138548191 3
598.9551692179995 591.5296292483437 191
752.2897923028645 169.76446363001097 304
617.8201944851535 607.5380833399881 511
666.2695357482996 380.57758173448474 907
6.651963536740024 27.448539792508384 731
374.97755492866935 477.9474572491036 894
601.611708762064 155.40457544239982 719
453.567612908665 543.5712796037217 273
605.5978707279751 79.42328149879285 61
379.2752843632539 844.1914635101917 595
814.8493697600915 418.20481422000677 833
224.06156298708 300.7618966875568 197
534.868746377388 246.44405528666834 618
629.6610824799193 388.3804551235034 148
285.941386445967 314.05563496391034 228
89.74764520910416 735.6644855751256 473
377.50679373982956 303.1893374473116 894
93.96392935246078 897.7426185908836 912
258.0084412454334 928.3212532136683 973
630.4363098102808 902.3407258947822 208
733.7892241717491 853.3441409931567 504
