256.7195841045735 531.5563050302458 963
184.68257489974016 947.0935653403352 166
385.42089743821384 309.5544347477139 992
323.24469836822254 77.47192027815719 961
546.3924645534973 365.9559564542483 949
905.1995046849219 409.34693986459325 756
890.4994056986483 222.943388729132 988
833.4621449609642 737.7587074763916 60
964.0913750260609 218.41425350654632 809
576.9382462148088 835.4412796465826 761
225.48950881514895 241.88712262385548 797
282.7889498301318 706.6828630267587 609
872.3454482466558 113.36310828650753 871
752.9153652893064 273.7341185012091 942
156.83370133084296 336.7259292902056 828
4.581140729116195 310.6717451238693 530
442.94399478556744 411.92266200962223 39
831.2695435235288 689.2898286274587 418
453.0039636508222 507.5062889300589 516
61.53816299779324 558.7857252978451 704
125.33102996274314 733.3325090375064 328
182.36531971307178 136.4278582497226 389
755.3812013177989 132.24705503600097 398
195.07575235128272 920.3222810753613 850
391.86166859519653 782.6097094776497 837
693.3143707634798 174.17021062356653 815
277.48766092511556 586.5875343329272 807
496.485798445826 553.878730994565 303
103.84264330246218 787.5656317421395 147
391.78077917464395 940.6474188664712 135
164.09508180630206 465.0928061822791 664
562.716400023944 609.5223701808831 551
48.67994193492786 213.9341632228029 75
770.1150664201647 809.1190086059878 636
980.3150536702757 446.23084216249265 419
134.40235996406136 299.5754799280971 782
757.7142124559243 202.7342977593085 907
510.2491635761253 788.5157052049027 84
986.4213256652864 718.5652077873548 796
570.2277669262547 164.63225398997184 192
340.33223934302924 142.32541164604584 875
912.5454960199751 648.3309031415112 270
101.12472543407647 788.5827798147707 322
881.0675572058948 262.46377963803167 666
435.39326486984766 694.9754580588725 824
340.72793356693796 355.531253912036 510
328.4962036267608 205.54899920223545 691
815.425179770995 778.9362474989551 337
883.2662716406256 976.6397098285871 232
402.4585026916154 821.3541096562979 627
591.6512078896467 590.4337189820355 176
762.1497665721399 580.7309012052101 558
882.860940061291 151.91089947948134 696
74.15031155127261 820.390375377733 941
69.07028905511692 162.4671181959666 697
963.0324823330416 559.2161971068355 293
182.72347188220883 792.5229107075154 863
41.56885234403573 762.3895415547103 369
630.7228485130977 831.0918326272285 688
603.2389197535231 879.5971647688922 291
817.5145553138749 9.268070484653613 155
572.9485004463459 923.5434725767841 30
897.6692158863474 686.1603664465858 504
40.90979225813251 193.16058870549958 23
160.8004050775076 365.9752430995906 822
447.3473695614619 666.5798361297418 673
458.4818599200038 765.7644375396513 636
51.76229647920538 731.6350605763159 950
319.8605980386212 137.62172173078102 959
630.3021716712466 374.96540396635794 235
616.0928769556728 283.57988823012215 616
294.9762828383455 663.7546680018758 670
710.495195817787 19.563111587492244 990
567.6249023616471 13.92730673978182 190
594.6103437452618 375.03933771768305 671
14.159159781117147 813.3746619441096 321
431.8432599194968 192.7079867830006 307
635.1740494746182 532.4632253622217 322
728.0820192344187 665.42089072302 980
854.5119286318612 843.1986632394413 693
332.33713239487673 452.024594103119 953
968.8460047836991 682.820940132523 576
930.7885010575438 331.9345349304603 623
243.73894265509298 407.82157966276156 287
893.2604712166266 512.6291901263869 611
229.54605492868873 758.1439239491946 387
584.3331406026559 664.4793994330904 750
685.6487621383372 640.3556784260693 171
941.3087586919809 199.49597154057918 204
827.3699450596922 751.5127307514836 124
311.7977878810108 892.860769825917 684
119.58911043122289 779.9536693865962 443
734.2561298717154 677.9481874139792 740
119.40688452198567 772.0975964244839 347
443.26301271948745 657.4698987554884 508
872.7007370370777 331.28137223090283 171
324.3960004980702 842.7632297078421 232
102.37755311347895 455.5110538740913 606
55.17905049084637 750.12563666216 67
989.3930835150588 695.6626952971443 905
559.9051850096711 125.56795257040943 820
805.962122179765 120.64226140791523 701
243.60883550274127 318.5647592014199 272
622.9619024661274 899.9868730561107 652
578.1483843917498 996.0966981522306 473
985.1837718777268 964.6441795615266 699
946.9328123569164 379.8741743626322 629
711.9651053123997 60.66925838184001 551
342.455150061989 269.4732270604261 373
827.6091476801729 185.2897182009714 242
628.3702931664593 855.9311541889348 988
977.670651056542 463.6194324681151 125
387.8188713908901 860.2891641593964 988
555.5117795797108 288.17124889121703 277
577.3808176888499 792.0038552083854 838
747.8636516078419 995.992829876909 432
211.0586610570111 383.0106593557057 340
309.49918629620834 855.9170622761006 313
907.3875211564972 816.6307321912668 653
574.0430626632453 390.95107233323665 528
280.4052124358567 669.7753752196895 936
135.5790229715773 644.8750189949029 28
568.6421862226535 557.7458770910421 64
183.00170198189724 294.71885719098753 396
746.8127623261013 404.28810217281097 326
888.8150660635681 795.6854328976233 311
488.0493255164995 672.1340813188401 966
474.3286491080978 929.4501135741872 227
697.7279915180577 408.2027594286347 86
259.6747559005219 218.12023141306415 276
705.1616705568038 534.5468815084807 540
952.5879041721565 798.6978213239314 958
154.15432147241458 925.242333342634 776
558.1863295718632 687.7922108708036 850
682.8459122801734 379.3361973257039 554
724.5042765106791 657.9284977579829 688
277.5877188663364 648.8898214844365 151
196.87413658648566 955.8278539712917 457
251.40085559696467 619.5800162646963 139
784.0176551468396 272.40835661806204 10
706.172104333189 333.8931296942095 931
828.106326540645 584.9434359418627 54
237.24489568396444 41.675861548500784 918
550.3943245850803 805.6499813851973 356
297.1683511427399 633.1546587041929 523
285.5758097158768 814.8878072108522 943
775.3050769892229 851.6852946834831 755
761.9729410592274 690.0142770092867 193
535.9101954573687 384.1065272026497 258
971.1116532436956 597.0419932549416 896
738.5801881324384 944.6931160418721 172
230.96129123619113 246.89413568635422 565
842.7388019690637 366.47964210401176 943
677.9395061294505 720.6148955468109 517
63.98373789801282 717.7519321543498 85
891.0875970117701 273.0466476930206 882
44.71877819307035 334.76938665490576 561
74.36201913182727 354.31890474023066 558
309.2665638423149 194.49686822863234 827
256.9168699532701 870.4408204949202 254
93.68656325298896 833.7788979384195 420
859.3183763763699 492.75316100754105 153
122.94077904377009 131.64208345759553 494
984.1877194443366 600.8447642414374 682
227.1549754222405 681.0383100203818 881
611.7920597711128 928.1914471000065 570
803.9471632791962 600.7937757634999 683
964.3916335666196 690.204630523364 664
193.34833409421125 158.23824999341386 606
890.6142449868332 891.445561296621 408
61.44763314955881 18.05016593934039 368
730.5425173714417 724.352363033279 62
841.9738955422742 770.871164084069 651
601.7643869962436 493.9393888011178 920
231.25360760536006 124.79232489404646 467
732.8208609329782 513.3810515993267 780
736.7139789646621 240.72112027354254 407
260.8600052677625 663.3208528148197 593
140.06184378718467 961.1336452846933 428
242.93060784631325 837.554307610778 646
993.6153806273085 683.8210223125748 648
133.18466632141934 647.1675749983382 941
950.8213443677013 756.59783842662 598
590.6926093362573 443.13665822589934 295
382.20690172407313 465.73546719519686 869
674.4649458792253 229.94708111487893 439
183.89547074713275 943.6481045863679 711
976.1706511624404 155.9492240149345 329
160.0587833072362 56.5627368250855 568
284.5750746835729 357.3840131523063 609
421.05341115822614 577.12533414813 872
551.8453781392149 596.7726206601493 914
204.97365036048032 432.3364342135754 106
880.38319985828 959.8730354749746 840
485.5144883398872 152.25109326778963 231
1.3458557953582861 755.4453836213175 605
90.28460066242683 482.8041070187986 206
824.2782585842427 891.7012907985724 431
455.0999307346722 963.5024132047682 679
242.7013894905984 961.82044751697 184
986.7581119198921 392.2841025507435 471
434.35733577236437 105.67573559714816 577
166.97528799806383 232.25200971506965 275
368.08643879517547 663.8187058998341 691
253.7624716215814 167.0665391382269 541
50.829064887634054 36.36752651578368 91
446.28494243712936 782.6604209879638 365
833.9610274477922 889.0479351444122 578
162.23234641355887 70.03525146129385 313
575.7208231585737 363.77396161624307 145
713.3418855575322 197.35066408313605 413
700.8632687048578 158.273571102174 253
35.99881117100623 519.4354450950988 714
716.3442319397521 98.02606140801873 207
11.36021175123847 972.8292227709015 852
92.1631502717225 700.7932778358946 215
156.63519040348217 664.6516484395504 128
94.33911503467196 574.1003151053395 879
375.0518421082176 907.8085628864272 226
650.471395027178 145.11504055257583 19
0.33027909129090816 473.8871556808289 942
825.999671298737 827.596577990701 64
454.9729868990888 540.5662305491727 513
251.9455465474566 354.86345190405757 278
120.70411085301802 147.34026859768235 987
840.7538522466174 626.6491340942466 405
78.65676783312603 242.1904885215874 191
861.544390809802 363.90523534159433 864
498.91856690543943 98.21619946907 37
303.9078167549413 138.1662918041754 394
954.1788930869728 703.1656911888383 159
824.4739118474596 302.59728131841666 151
170.2742454454309 803.0216260711098 909
789.360727378144 163.26320393391913 610
445.3179007087955 525.1613775084428 564
147.17649372486053 235.36284095465754 635
117.53362207945017 164.8711403328378 426
478.7906689560565 907.9189892627148 790
951.8349258299916 366.0080449201475 293
194.88528184902464 852.8094741649905 541
647.0262929527942 365.1313000987901 228
464.57045921236795 956.4437405388599 206
435.2651228406126 742.2780029716125 269
4.379562155909178 126.53149538213904 893
42.84253250281067 652.1236260001156 356
666.62367017261 759.2895367478195 712
598.4192197877504 669.037417721414 161
302.3619867350277 92.78864263672637 109
966.1585071957485 597.4956873207426 88
859.5383595141546 153.94625395486494 660
245.25055138315665 843.1662903402558 582
34.78534339635697 796.2392291170592 555
182.80283119713238 641.8415778128489 971
899.9563197403997 954.7180608152893 447
185.8076093921468 538.0976647419362 997
670.1018681870308 671.5855625759685 468
635.9970282324974 901.9378555676594 437
913.6423524907971 702.1433810769516 597
265.6403947769953 901.0728702419921 401
338.8589486654777 925.0061273675095 791
290.1258849372149 912.1019201534419 791
4.251932245099899 554.5722815086856 773
291.026578933347 688.866194937135 434
103.89664240677388 672.8656328977052 338
312.5007140216486 212.42515877566947 193
179.1172227170711 279.749648747546 138
467.58693746393345 820.000798681108 391
688.5357593237279 979.5482888981333 41
279.0915673763489 946.0249142508328 941
685.795460058869 885.5293068164458 266
46.696153852237465 68.8476791546605 99
192.9888826582593 744.1745764544482 834
841.170783941813 335.0820808482581 457
698.0608057484369 832.0655655833415 677
885.338355778458 85.3613962599501 987
880.6375125715847 348.8332763330193 1
434.8416870968526 175.28371256037423 316
26.21795867086729 562.5890876002093 690
591.9933260055569 686.2749007148643 518
805.3464290333498 46.62344416038311 436
891.1999363455539 51.91915160174454 806
108.15199672454779 912.8154918282664 137
41.96274409235501 486.00241864290064 759
927.5966016429791 450.54634155242746 13
2.3380492010417475 491.5019190539903 658
797.0033955422834 432.7141202623902 847
863.3045089282191 307.72261598173225 915
892.1240296545185 640.1513830579356 815
739.1282417266609 125.26000962556749 243
904.5518572304233 797.3485022916423 812
599.6260505546288 433.74953654853323 942
86.69558655394948 445.0761389083759 836
564.7841945086531 521.2755591008756 636
329.68144557541166 850.6341706452846 736
75.91010393967646 444.0763236501202 270
290.7396891415799 960.0108272006988 4
307.0446453303096 763.2643684384695 181
960.1659448596213 143.65374476507887 967
145.9049673694185 442.67757403423116 386
664.6516966318732 171.44997792665717 111
415.16362706090337 321.2592602380564 310
716.9303360770102 97.00162335453777 710
47.38079389315952 216.7346012604916 916
397.542391976633 421.19305682328144 489
690.3628278405271 830.5675612679006 760
392.67313576680095 249.0712555242327 875
867.3983779471183 506.9519442628649 758
871.9172735595987 651.9087990049262 355
154.9131363969073 721.4449954499315 506
379.9963813632293 396.82598202783595 293
956.1652849288965 542.9475115980262 904
399.19507723174195 49.621536243340756 243
475.7563550746661 843.0981086325437 524
755.386480175348 449.74573658649666 594
116.39824354736794 816.4363101569675 676
429.61816917587504 865.5662033949841 531
284.54299437786767 58.545386798928625 779
271.7263214724469 606.8749088054567 46
902.017178960449 163.89775059349597 93
438.26560197952205 17.90906897710032 684
804.2347054985162 400.52299892021324 507
975.829682450384 20.646785834839253 984
498.0851797534247 837.7932130255251 490
277.16363665459363 316.0916155886513 586
573.4227253770803 617.7085737295082 235
546.6619820003601 50.419182118838116 158
695.1945173482244 84.33304747932979 180
473.8214091355287 268.5234055379051 489
143.8288427106922 631.6965870899047 577
105.94193556846076 747.5281194374735 769
955.912477644557 407.6173770975408 666
421.55793787189066 726.0607770595591 216
133.3104784052509 557.9963740323419 511
735.4067281702577 273.6306417213159 623
112.87151731797363 329.75413365929495 914
625.6726208837196 978.6224340320044 198
679.527960652223 510.10022685242717 916
234.9387306639119 137.40212619192005 283
458.80800419558255 527.4833893872297 466
875.1276804239261 270.7142554217427 419
131.77309168640215 156.68356145523066 490
661.3811339682899 179.1759276971978 29
615.4046092566803 800.8054772786958 440
594.2489794306522 459.8703911690801 196
245.39738095374753 748.3267340277964 632
669.4324569548929 786.3821638899393 255
600.0950553507816 701.7181953701692 883
707.2090758295434 112.9927195650815 480
815.636652220002 984.1302318899187 44
100.63864057886485 19.72437434236285 320
596.2425693988529 393.233709832184 109
187.9869326678415 452.85841318845564 911
870.4996700683138 629.8609196507354 275
427.6295066258757 238.6012768069321 695
963.0103194400963 131.09802209365319 408
801.4081863359412 285.24881462718565 860
871.637778037159 170.22046684803027 682
200.8294167197373 129.1724011770544 89
658.2891199340432 452.7276473916273 382
901.5527226324834 585.0228618053288 62
339.1563769068833 452.96577938817006 397
418.8055443758294 176.71798690439033 101
448.93264107360574 539.2155422627862 963
997.5447587885445 665.1735324173684 278
881.9573421045312 175.32331873523776 175
588.7065367299592 214.02362048792634 11
724.1419171034695 906.8612487838994 249
94.67139893409859 23.43233228216013 577
994.2494511784337 224.63838337156906 125
787.450852287139 270.0963649545648 655
558.0403118617064 624.279107097613 828
924.6125501097661 566.9664274643908 951
806.1723779377126 854.7360457061038 937
37.0444498796233 171.8489625020624 771
237.70533362913093 240.66136014389505 618
182.58137868484624 514.5924478114553 469
380.0378374014459 49.85171297435964 281
520.8655835259777 955.7295115206605 757
588.3443126975365 480.0304550553793 639
961.9130020916325 478.411477022072 490
595.0918494029304 845.5334310540715 627
96.0072622150735 870.6837531926307 629
354.87106264488676 826.6232090396987 352
352.66590697122246 439.0981759720295 300
719.9674401879751 501.7326526250063 763
564.1250723387597 117.87279773271386 735
457.5898557239676 523.2375499271666 587
562.5742481914947 961.0800868475053 381
145.75703503509874 564.4832570990933 455
849.749015324108 912.1706820922482 587
12.621677722699287 809.3337111528606 990
25.136674070754815 263.21160346280993 899
318.4039687366122 47.59884615201748 89
792.8379468621064 463.1959066925496 529
62.78164728796454 358.04151742646553 74
498.54374876271703 752.9592416919634 722
57.96075832117198 371.82654098990906 568
820.8293464490638 570.8463294744922 596
505.8345016500579 489.35646758360565 92
331.8464018757299 224.84710054400404 132
344.5924187789918 795.1367135091317 147
103.39966845680348 676.1471406834685 544
647.0779099707618 49.94462062432892 970
422.87982122348586 684.4877400451297 841
260.699125524929 728.1206528345721 512
650.981944004524 235.24954668603536 72
634.0225803504721 975.327016939164 872
432.2807767174169 70.40204998144017 995
528.6335020285835 824.1472959030389 915
184.71682563489622 871.7284373457147 76
70.8232952440626 661.2048716278305 37
114.21598789514475 429.2255974245218 810
735.2344224463966 421.59617357739035 729
771.5783810356388 507.4359965577976 426
685.9671489112255 194.46329093162007 791
305.8856947019877 629.3546870180868 389
662.1669028878971 9.23334151333255 400
363.606846306487 640.846471941023 796
879.7434231438868 476.95858021414494 755
19.571861200982532 113.90932320290881 233
488.4905534090607 746.5485059170884 286
838.3276982758363 281.3868867000675 872
493.32464010484733 747.1277415538316 258
812.9899687662813 584.4844941663769 349
473.70919420696214 670.7756927211675 223
71.26112432327514 88.6347008389079 723
416.49932356064403 360.30098558099957 346
717.7001854980122 803.4315669296363 102
189.71008012610747 614.2972986133309 569
281.3934144143683 405.7186573499273 828
534.3693003654336 381.1933473415349 133
536.0300329282646 317.03075276428416 14
532.6725741749383 982.9487798655966 284
290.8972478207208 841.9112604753698 954
251.55365542848895 917.5788745141841 961
182.64900888782532 826.050354486907 499
353.4156265257906 175.92060157568545 376
427.27401337206794 676.7929681819342 576
261.8529257196148 974.0511101950051 561
661.6162852709854 951.0197184451039 887
191.81616484056508 460.6726664597937 401
538.676379593398 708.4410221915155 853
921.1354502396042 522.011296250125 892
98.88127299096472 421.4564429115657 787
360.5614499081478 113.25974106762482 693
383.324151828511 706.0554382181881 67
489.6902067939046 56.22564577291722 580
807.5882395343249 540.0955011462502 950
760.2540245249506 829.586476525089 87
288.69313945349893 196.1170085556311 593
618.9559766541132 609.2026684732624 865
360.92443560187724 709.7430974583762 675
769.9101701562378 206.67223995749228 950
364.7049732643345 59.01219097496191 687
995.1882519098275 85.19972377682372 175
839.8622711781281 982.0391270053266 537
625.61388486616 756.1431130451139 915
907.4697071675731 890.2311853447927 480
329.26918399613913 33.3139797644042 329
977.3500345485756 513.7554090589963 199
574.8991938778162 623.7605639580477 553
594.4144488602112 279.97101705120167 787
324.1837598385129 41.17592605295872 831
642.3317454008105 37.52706604960687 28
785.0573101141026 522.67024411489 654
125.00525287867248 674.1738887726419 500
264.47322388783755 900.7380243148291 236
667.4628063772343 793.5065267334708 48
93.49762110415027 978.385455406368 113
832.4734916903675 955.2537320416008 601
185.2440412019325 235.48780500826282 666
503.1730607847639 542.9932823298227 3
104.03153396521014 62.24642687529214 128
902.150291879969 620.8040152111419 634
834.230240364623 652.4410019481103 165
725.3942667318316 611.4888046514017 719
261.94083127364166 793.0097615554685 278
882.4459910823773 401.8684271043386 712
909.3921442690912 573.6230288314988 473
734.9201932251419 150.28891066512017 432
296.68897176625006 569.4887469592838 873
376.7898684856697 557.9870911550452 650
573.7441526497124 817.1211109897445 198
634.9002029636324 15.28114587192242 69
933.8091418506401 59.98066459862594 22
243.8443569087252 91.59734750655579 764
555.1247885651251 99.80057789546981 981
377.37725340715053 888.904058622866 162
707.451311441215 93.7324106384001 302
558.7198439178234 985.1419714932166 104
988.9614150711718 476.43091716900324 789
368.8199278930268 88.41184550317338 216
190.83575314592505 445.1360861075745 597
505.61507991310793 105.85353069287473 680
343.49622409460244 787.260581865313 770
618.6543250548506 253.17524155610528 835
907.26023112232 800.0498505036355 843
523.7892090453736 422.0377233915116 128
38.26861835734019 8.861505989196218 238
723.2322767276986 823.24945840879 550
617.8083014800357 490.6903750186258 837
785.661837609439 785.2463358477016 391
142.74636232518301 935.160756260834 189
946.2757546034045 284.81669955087864 392
660.8956776845284 49.36759709545946 353
756.586872557905 708.6506499627324 831
978.3989297454358 121.82014852854873 103
90.07733115880644 90.2593998167951 823
219.6054673037897 381.8290852337178 631
625.5706793047948 232.1476068855607 219
750.2727951390312 97.04400843378703 707
734.3939036173182 565.4494553198433 408
204.74608590106268 272.8337136136989 326
925.713156813611 300.18150738962987 386
432.8958090005968 911.6865884574602 923
715.8517833924092 67.23514751670278 926
573.6560919343046 518.7987491900283 609
302.2479656004615 825.168496547172 410
24.75673920738075 423.1011705259263 10
309.41236899153944 546.5046035774187 669
461.9728531033718 414.231543934826 988
545.2609899805234 215.1968862762894 564
85.43670675524994 123.33561348437627 281
111.77554388072153 52.715587976598144 69
133.0792902416479 720.7544716011688 968
113.02726081145664 206.56398557278433 355
910.5808256617211 910.9341094125882 283
190.47031965233384 94.86519056830167 133
446.7415125074693 378.1197792842627 805
3.6527165105041393 286.5738481887423 609
37.38870966800556 984.2044488817836 781
763.460110578596 714.3480027685916 18
737.3740391697603 188.64490427771884 952
832.8927243828516 127.25954291196916 822
742.037421470914 351.42630129686904 419
64.12591713417126 430.05296490481504 140
330.3286374531824 700.8941139331561 151
870.2574231703783 129.63820337386545 356
582.9940724161246 499.89758081153235 648
661.0863539350564 356.8936947204976 44
174.49272343200096 984.4929140633312 894
132.0665828810944 924.7312335544261 43
161.0030332725051 96.27934143131722 53
79.01656419912284 464.02113419857204 297
943.563070787269 575.0257298022342 608
717.1723879127529 666.1279719834732 645
279.9684812571053 298.2434349039698 118
544.74788323753 749.938917015886 65
113.69042061245305 318.47334127884017 748
3.32449473242058 691.9108961355885 880
736.3982072659543 347.98324063579156 518
482.25269683815964 314.2368367552738 375
219.54279267986067 432.71576002705103 919
620.0061068465651 634.3808595239262 328
265.8215356069227 118.79490560406714 901
104.07739632224423 670.6680557473054 508
157.82766530796744 30.73133164192232 127
33.968172509934114 851.0616914213988 295
571.049064268326 193.28760074918284 700
354.36511649556104 281.20366092839134 28
447.34931068810045 716.7277565056716 51
173.61610869043287 517.9581844425057 423
94.881158976035 800.8743287613071 906
772.4568076659027 822.6754396329573 968
87.52648026654875 706.5538049203913 93
169.26165298379536 854.0366931135115 766
731.8715675521044 241.1025562481325 33
503.3611119089281 132.20621614846695 81
431.79016993666653 424.44388062170424 698
807.0628105197193 888.5770192088827 585
393.74980295038466 2.3258478025226514 902
595.6895098426938 987.5023436891596 101
226.58108085350193 693.4229039684103 70
395.8972658126476 515.216075347079 237
314.76716415197836 788.3371451186638 944
402.0094436901449 666.0638925441363 368
388.40916532729295 483.84200377931165 506
265.3523413468466 765.7663707315778 160
222.83823791184764 946.5454634116635 33
853.9691737054668 446.5258617136023 988
798.5987959091472 642.7640495375382 467
744.6292044497919 431.99005104546364 169
924.6937245619253 378.44058369019405 42
884.8594990623444 404.8601106974793 377
200.48070183049816 706.5698747484372 811
652.8771157807058 173.6789963921713 25
198.34863969981487 115.3101910487787 688
883.1023249985615 604.0777968587422 309
102.34534227047499 570.1949500146235 253
860.4969824899855 956.5043854538353 257
668.314515501777 766.6441726423243 997
142.66007858985552 735.1841529500886 501
712.1425337445179 793.9925342318769 850
124.37817601524203 527.7150451048971 496
586.8092286549052 901.5200906856594 254
569.3683167471914 151.57774106511602 491
924.267086037858 245.14016570984776 581
891.1039425417492 263.5338110943468 431
855.5720466294379 32.286173777184345 133
69.92698414717613 694.651272335042 784
140.5383661730194 108.8402222790995 604
82.45736154711103 804.5988541797242 858
315.3001053943384 293.74869205047816 89
399.8707839056025 944.0576527280094 402
224.49664945092218 241.17054060595655 82
116.67772201541382 594.5661329593634 186
91.50607353188234 274.09420282680964 953
62.837474105253534 281.00223726669304 518
822.6139304098389 705.896906376591 317
865.875640279178 222.09985055371783 799
875.0723339432061 566.5383781768662 150
498.3445783462043 839.9303451637107 232
191.513207060959 169.57674568345882 64
390.2236848336628 219.98577566548383 916
374.5277886865462 518.314052787528 956
430.35872451273747 254.9242385387128 884
20.31320923005031 981.6531313078839 814
276.57149792143844 360.4207114950827 637
344.22063163235686 231.8801519403294 402
239.61358119286734 116.64844987043288 989
578.9506859402743 617.6795867308288 946
615.6204343832366 201.12345553034172 409
17.421121840809462 152.74362221951822 871
182.8216471129209 967.6378724492788 449
767.1234607660593 192.82551557928386 829
981.678622018909 428.4266006356059 315
10.787900780037551 871.5204125640706 963
267.69682548453835 159.1163309414977 479
308.2688376562317 643.4265134348265 452
871.5503100523804 300.56677514798133 806
601.61917635461 500.89859434246796 2
161.31016626361594 199.3682855161607 990
905.2621835995666 46.35691579030477 245
803.4870788847454 408.6951751749506 686
483.2079514004919 518.8523274222542 749
526.088523396997 300.1385689491509 548
631.9803296045659 593.3024146035915 529
994.9924396244832 304.4310902548417 860
208.78481731183896 324.4066273845136 834
633.4266944285522 436.58206365561756 609
368.45748703016756 855.9369299406005 337
240.3368356737602 872.7381158171231 303
145.86364382738626 494.4510244005429 383
892.8987839323504 200.61541808798432 510
330.94567395769667 570.4202408904944 334
703.1816638923387 841.888864150701 370
318.11110555031684 93.71667388432392 874
293.48909746978904 143.25546337953256 213
394.8058055396957 465.9147626943958 344
286.486820883921 203.6519024247182 566
493.3938319517076 350.5215494461713 851
465.4352673786879 428.6109870439373 23
551.9981923016384 318.47176601372394 636
601.4501186122689 645.441921347306 207
141.01324391672387 777.2121282505275 186
40.88925269207921 337.34859501420675 332
22.641223489154317 218.81812754087127 404
556.3357545262276 546.8438482309218 425
705.9287911402234 873.2904172380308 809
143.65087668504017 391.0275954177441 777
557.8874191925897 899.1667382525844 422
919.9710867260083 242.95171925513182 933
823.5570398330719 986.9892721464095 371
146.03169266906934 770.6376414274621 428
294.0730578599241 668.7805562758105 700
461.1032102948306 558.4443526109777 626
988.4577824706727 591.0271154461525 977
403.5661238599922 930.5698960726841 44
255.32233409003524 140.12914777092323 922
134.83227934039667 574.7905818489232 617
549.0649432832865 935.874792897434 794
283.06507237986733 85.2049579788664 162
736.0463509223233 81.23574342938544 89
923.7391323045456 265.89137515036543 302
904.1438925672221 744.7455183464276 578
366.8235473385496 879.4752698554003 478
688.5805811818657 881.7078083547294 140
701.3508050118687 297.3795243124203 570
639.0751958849817 743.0704551318221 634
321.0039604398789 307.03440216894865 991
0.0780029738177701 835.2134086954026 883
475.1320909102351 95.67448975274628 689
894.0176320073011 217.02426773665294 608
700.1694730446786 642.6744428401248 302
2.007202883504644 960.4565614434453 472
911.9430109451664 474.43402586626513 821
316.2223505242875 974.4965975040957 820
29.133962403263602 954.3831865613472 238
309.89470020528734 34.88199749456089 213
205.49960761183505 959.3275579670451 245
830.8629998477278 9.054642634607536 260
928.2916272426083 918.9852760642273 869
62.65899791807761 364.0052712706118 830
354.16555157392617 757.366228771964 663
51.34073616048595 184.93833580280716 540
982.3795249782291 677.5976119424987 840
774.7181429220848 187.2327218101204 974
458.03002445349716 638.0105394216939 471
5.999785904682753 936.257540189068 169
562.125037600431 640.9098821308971 413
631.0836901691368 404.2112928860548 501
235.1973647936897 168.60096633024924 133
384.11685571381184 234.41550953268353 767
495.2788065318289 49.9522277251353 287
236.0512470489239 501.3886430486638 428
148.5889568640849 160.0449585502949 432
770.3351177184431 490.9899525819006 882
134.2660734025346 940.1365581730058 58
907.1667212125599 863.0255413884543 949
940.7924582370334 181.5945973674432 858
575.6946611879966 89.80003155506743 514
139.57262433859307 686.9012571893791 176
162.95740890258836 643.4397686310422 669
934.6288490679649 559.9814238044393 874
84.59136677014489 749.2197772260638 280
122.72295950863543 517.8081743599466 619
550.0370413597788 696.5089771484178 960
840.5897681808344 299.6607134692931 599
517.4572825140272 866.2942830951001 418
142.5307346247132 231.05978077151246 692
555.54387142682 449.0288333597021 844
544.1308368181943 711.3154464804397 977
528.0796138864074 935.6253871647092 337
523.9092445348333 188.37913720703236 145
309.1763726272789 614.9089342976816 949
366.520198869853 619.5049540068823 589
303.4286580508694 716.6295389504127 831
678.8108499698658 663.8005932763341 857
595.954888780286 65.0820821977588 319
726.1402358091725 924.2060733808707 656
287.89052610650714 189.3436640050752 114
513.0720566521848 400.88974361765514 819
437.90399359133283 798.8619421251113 120
965.4338889480468 754.3581220523357 310
510.38195611141725 938.1152104055678 551
848.6821645694134 930.3238366875448 310
9.09406396652046 126.7669176794396 846
704.0276773204504 229.71483804465177 754
147.26022643350134 791.7119176467756 138
322.067114273235 969.5060674059104 794
667.4139891613479 847.2988861991778 238
271.7866875378537 916.2624859955214 906
846.4785221863534 883.413645217206 134
935.982032895789 831.6744257020846 38
532.4046416520523 172.62957349915376 486
794.4686877562317 129.77194155408046 304
587.5997690919818 433.34680496502887 306
109.39460432619863 648.9063432966421 59
695.8948621188523 881.9501385449764 534
577.1752756419686 210.14435843742785 955
575.9497427623484 791.6451472167504 849
905.6623536068366 583.7466059838624 162
921.1785863483275 184.8525672777066 684
162.61258939669477 209.23876386850282 872
868.736891749715 792.4164434759471 928
214.38452919635276 737.7728521163227 656
18.100972854621755 446.1950271861879 942
240.29318458598138 966.5532600956427 392
70.75343669128154 18.882366401406724 747
420.1075653670553 750.6722102926816 708
716.4451300147034 685.3464148990201 759
809.4084835336619 450.9986682309567 940
868.6244010278017 124.34942645518066 267
65.40376715988828 595.6841034229296 799
955.9478887171316 670.297578439782 197
333.38904408211835 266.53219875765643 165
16.14988715879484 883.971370510081 551
759.9343737021219 346.5044560487638 454
175.84951657833147 381.3669932527404 114
425.0246617397179 415.59121029963353 977
789.7898348429718 446.4765698603787 305
173.41747935705754 50.923041804363464 164
898.525696453594 904.1621918335306 903
472.6858573301673 488.9110547364705 78
912.1912838604561 497.5371263752182 680
26.266744323934166 133.49554075709813 584
75.30267443435767 490.2204866613623 358
752.5787537146792 468.67415077820465 651
897.2409538631917 160.23315064906495 156
749.192326573607 454.7722090760521 367
737.8921168516404 626.5216351192022 990
852.5055735250255 939.8502961685873 859
837.8435107250316 309.115831639913 754
215.82007709500795 923.7204597011404 720
578.6779321152487 986.904648265995 38
676.1549473727367 193.71549951808586 919
594.0318802139701 614.9060573143464 429
375.80519837387004 46.21590841042467 976
478.75520159584585 52.81397732823467 112
478.43901427752354 843.2400724667006 744
879.7441517647325 875.9409115620869 774
604.3711765495962 462.819088312638 550
586.9716155724244 788.9613876036418 624
69.90146607852476 338.37616408616714 936
422.55854354380494 352.15963360012324 395
409.35408093241324 9.923286979226509 892
730.8368776500182 918.887946085201 292
311.15638754653776 204.39333466820696 431
268.5208326693085 309.0695408742121 850
609.3802231641354 500.5391068467867 249
181.29554235562728 266.4304460060616 481
866.1619103601279 245.15932402157438 380
194.65732482011623 301.2244827380456 308
557.7997104516228 861.7184878841949 218
76.55005417512683 521.2746957344872 377
245.85840179923068 876.3995226458645 181
557.0541772441628 375.1769631624206 880
713.8017307867142 332.89489739073673 301
12.43940124123688 585.2715977945021 499
388.859730339477 301.89067238205394 836
162.12223488844413 251.22646170349327 730
298.9170161065231 538.2088312723936 734
310.0671633481533 768.733994161731 386
366.58288189602484 725.1494428661922 441
875.8298116795966 91.12619134513555 838
523.6666295256001 202.18744108134769 318
324.06736502064325 943.5413946565016 779
560.1986209619057 806.3991024961878 643
913.6595482024545 160.06809929550136 524
464.30781501830074 831.9849814085242 357
592.2098591415447 180.49628232488035 862
532.2240274265374 737.0726584554956 10
166.60013002505036 287.76199381990455 591
602.0954189565306 416.9610156077622 131
60.74010891196136 505.17732413412574 87
733.1372938965384 466.56899987290126 93
33.51631071975702 536.5912030856222 996
475.7992554162006 867.646308495497 539
115.90574479132154 678.626305916073 437
124.98723180461025 280.16713207420173 192
30.200390878003635 324.3060835965229 808
679.0224655223138 88.78979844566747 362
278.24943599983123 473.21585464693214 941
458.4557346884859 131.15193248618974 220
224.60367253217373 985.2631195259136 50
93.30166488631797 699.5084262633396 30
761.7214517177241 179.20457707127113 647
632.5702016299016 526.9923207689001 37
943.7459435750893 291.75541903586856 835
447.60835333488205 654.2013062830496 991
710.6454300874125 654.5872214383304 533
124.6770696857259 605.5173115986985 555
893.7877488199434 985.8828719532739 460
979.1845594022888 20.077984865188082 742
502.1770409645846 841.6502897956045 89
825.958540419543 221.10337308404104 13
873.329815509817 675.430520979094 860
936.059260961881 64.02274578051048 914
141.26966574408183 758.5902713749897 204
376.8355284283887 304.93743624922377 693
848.500593190385 13.221092924351474 121
511.2004246952436 127.95414076892342 595
491.26340126509683 422.0824250946772 342
510.70035043422615 388.28130028812393 220
628.3790368582506 107.74133593227342 55
704.9610852684589 46.39859617256092 419
720.4955659109429 431.341558777795 70
261.41244001956176 300.8711093638604 351
734.6672757224495 739.0986347016039 847
507.51827528304096 732.6376637021665 521
899.6259040925249 500.918820577799 623
6.060909273984727 44.913913336820265 252
825.7332439932713 72.21243364732521 222
23.063678404317223 129.35976269996985 950
40.575533923569495 508.2444061451319 554
81.96101855443338 971.4932549542743 228
562.5318432636827 618.1815335184359 96
594.7892294429727 834.7408457085079 855
729.089089173779 833.3609325270073 225
181.85707970520514 92.21832052349843 249
434.60319782764924 250.26088537824043 427
434.1156914306037 882.0017800107041 312
973.2202664994403 384.4743856886551 296
90.83917406239827 938.746018901983 903
762.9090338095144 869.212997820551 66
901.9216547959792 465.4983866217106 295
678.5707603286644 981.2247884425543 508
104.32021957110538 958.6446820858597 930
563.0565769062118 438.8777200243511 599
916.3148381538986 151.37690087045374 498
14.68863936378062 777.9043243220286 851
509.92415603447614 907.646053560892 156
749.7074068684509 664.7173076357479 651
226.14640121571372 724.5400809888667 90
634.5708957740304 967.6408573230339 37
600.5513417403926 810.04491555355 190
592.5285619867335 142.91793324001767 172
29.2988374527533 406.8611978565151 404
332.70277182560403 442.2472150942318 931
435.3033630431148 686.3862035217871 903
962.4896647381374 874.5580373211899 417
505.94465515706077 373.85487445235276 989
764.8230319402132 629.4903685600527 96
80.30995244798578 647.9343123575321 117
523.3684119482268 230.49473742385484 222
318.57812778743033 334.9652152831649 813
933.5006913312258 400.52349268120815 873
658.2639161826744 308.0172310865622 493
610.4035201631965 586.7397537734782 693
120.28733721955732 250.34850539794428 681
884.1184990026485 679.6483684201877 677
682.1666077384326 592.8748989061525 551
427.9361538974037 94.96192969128559 831
786.6380029719825 681.8166053917291 724
945.7328519596258 390.9945477437669 658
977.804012811869 327.08148425942363 431
388.8197474143634 947.2337688982102 141
133.9904783438366 677.2123302309726 241
583.2298609949823 278.967593543576 477
399.6062457516283 505.27940054730334 923
514.4837562934707 756.3868211153737 186
582.5484053525594 918.2650887042967 789
104.39094902945878 858.936257942295 994
635.8761607388965 304.93489686428643 551
813.0574718029579 479.549542583277 64
974.7873255669091 742.5998530144658 787
525.7411864636498 547.1496905254663 271
928.0510183946342 401.9837900018274 543
366.90287073179195 802.1631605388761 248
781.3902574490165 372.0035669507047 458
747.8724218305696 452.3908351897432 6
24.4535477564205 588.0109689144873 411
661.7806491203171 394.76710735333086 530
522.8327074583862 119.85736935153346 772
250.7739558196117 975.8997163967323 768
882.8660369762454 550.1324289288525 824
35.23652611718941 152.24362795018564 269
230.38523697229186 218.45620577067814 702
245.52197011924926 952.1454922041223 867
548.2994951310885 661.9417474291862 884
551.0162381480869 221.88036671055232 619
326.1228031786365 21.924580278193105 356
863.3322913055097 980.6612053516399 14
349.1557268624237 895.7286259027908 997
414.54522534686265 95.27033303834953 335
333.7000841691733 866.521248348839 695
258.62804291095154 341.81811406652815 577
223.47311180489604 717.7736855954747 623
214.0621126761788 379.96634917700067 79
421.7935816809788 921.2128577669314 4
382.936732159057 811.3376979872269 700
80.3019630511227 951.6027169530623 469
871.1841632534179 994.6113279084951 73
801.270180089339 139.3239003238943 739
640.5183189870627 47.27997336117629 553
624.0742940476529 400.06267076778437 508
380.2744823919868 657.8538720978701 352
180.6927707117033 558.3368024399492 869
642.9266892058461 823.1602598612507 457
478.346712643658 671.0684999685654 791
604.1601437544151 689.2208102403348 731
938.3248838779522 667.2471688135356 645
52.023085406064816 646.5576887100914 959
90.16338790855805 462.8523415977159 865
685.1307485165154 404.00004577315474 425
43.043794349096 836.1700675707073 376
804.8407808229722 89.97281844521044 644
402.2718310054143 74.43337241793712 755
319.9169020885647 567.3341679408406 332
249.00299071207954 750.1101583899418 708
267.888334802168 475.35268888806803 463
959.2122558565111 768.9919109024862 273
302.68529170973824 386.35136038403306 479
118.25760611538504 789.3452428482346 106
114.82499548245661 803.8310349139423 16
298.32191579695655 954.1471374516052 720
881.4590154158969 700.2337552243154 832
548.7362429114955 690.158717501872 396
664.5493830048987 564.098666305607 897
746.1428675676116 647.1156971078668 782
879.4220034021449 620.2069389585619 162
645.5892027912768 603.117165254644 7
957.2559150551973 574.4750606687592 790
755.2668097562822 150.02083542238597 456
174.39669995035158 692.2525834555566 497
544.411058808458 595.8329688606298 398
915.440838759784 182.25474939040276 994
673.2500815380998 206.3106589379584 974
649.2055689366605 599.1148753543536 551
387.0705402217257 184.15288060842096 716
361.7122246794427 154.45601019030497 243
755.8013278545449 38.61401947728715 789
511.1275286101533 507.97336340475806 107
76.11311449732617 501.83018013841786 675
780.4261533094208 26.104015356468114 29
713.7391742304096 512.642061766779 760
449.9632451965888 874.3736554044582 696
980.0084605505249 163.62675498309363 3
267.534135426686 915.0882930514481 999
77.71688199569071 122.7519700165538 21
557.344818121056 334.95282037877905 981
760.1518331251154 568.2668531893761 823
58.778911412773695 270.7615647399495 210
473.92625313619294 133.11072047589911 897
936.0211087058327 700.5213394622942 211
834.9751046143625 62.63680394119009 753
751.3566904723475 651.9498552568988 872
521.6894991716927 91.14112626969195 902
732.5951000142134 538.835252513744 940
143.90284284212885 555.9477887774871 940
