285.62762534120947 99.24819899724002 916
789.4945723867789 961.0393304140175 353
230.86194149188 162.16710659237432 636
588.9270251577243 838.179327234211 848
578.6120832144495 67.36377048637765 697
373.7590743847804 344.7122464629757 503
218.3796220973141 746.1183418196854 285
288.3239193201766 459.85071030087175 817
650.0669100859662 728.7463412363489 961
555.863526192406 207.64109099236606 668
318.8775451299146 837.2751914755241 460
57.88335949480916 200.36822790409005 253
511.5351945155721 252.62601141707142 351
517.7315984392689 392.6010394258198 726
705.1795919063941 34.77861352505984 571
698.3925413195864 400.2388404038564 290
975.5423374225339 364.69925024986316 877
955.1887838415698 220.78189972143258 810
881.16959746526 459.99926533151415 365
159.26117033192676 113.65680115149456 221
104.93312392226484 723.8529736107598 576
592.1561261325124 281.122176217071 129
578.5499951068119 691.0628903917753 374
367.45877369313695 482.44231562484777 314
612.1880553264474 143.8921717338869 676
730.4342635776674 100.37899862669408 659
942.4174695805729 197.48616465244083 430
821.6765327188299 867.8727998202407 118
994.2599472964768 876.1683508269471 243
815.8405498105567 823.4817393775968 755
164.7620497979554 109.2766930928909 681
848.2349656072072 532.7629098021245 47
871.2215168697126 409.9151720508835 579
582.7172223154879 803.6218854702065 123
688.1561520465419 822.6978250852004 923
745.6900747570809 441.58483027195336 897
276.32533570226747 774.421602683545 849
337.41900589978604 688.8920786777314 711
283.7949685917016 745.5075103331203 831
176.67887413305183 996.963380506113 846
555.5110991415005 821.2513463562799 319
212.756911312327 201.57302209304518 482
174.00145865343185 909.8956804361792 845
520.6513744285776 157.93232348243023 497
981.1954656854526 518.7470951452294 138
390.2414167535445 684.4085995620326 286
551.0772573263055 920.0724058338734 321
543.6581478421177 341.7945964421778 494
649.4371109024651 692.8050815211982 761
15.743954961428441 366.71085450214827 725
381.1487688692772 542.7737176922478 719
549.7313683552574 357.4767689354653 898
324.9033703306974 115.52769223214132 200
834.4207174850554 714.2509157432539 797
480.8311575207037 330.59047154084567 25
966.5019182435093 760.6186742741949 277
612.6024707683364 769.1227183780562 776
246.28415299080763 212.41271474412426 632
189.43488776199447 661.7029291681118 521
986.0590354671951 979.5959978063541 77
60.5967208749858 98.71028076056388 957
7.464719608588188 360.7387205478394 980
582.0064674177148 727.7038316739573 74
662.1066860099289 892.4033092858537 593
562.3525224929148 404.25862002372793 984
178.3368053126564 576.8648404157243 224
214.74946493152513 707.5324519384981 827
300.60752261370715 934.3655799528294 486
34.398479337999 821.1407905749252 554
490.0223733210791 32.42951889471124 818
265.36320740112285 269.52920682833445 593
168.40424644254736 56.900892766465375 275
767.8858313482216 962.7995954852106 887
652.5524418254363 777.0138755890559 942
236.62295407177402 899.5043200387097 58
663.0573678043613 574.6587405489516 696
739.3739806421153 321.5335721592183 362
115.38954178164218 453.0293551576794 786
289.6428996631283 211.8566782981759 607
832.2689046036442 54.491944249188464 675
862.1663987499425 430.3858927027705 945
516.9745313773166 642.6690037878117 783
347.8781697493992 389.82877498534805 228
23.174765403382814 733.4332262298047 185
535.2948548046646 590.1315879866914 575
55.230717046140356 460.93979429210117 892
292.83819055863034 902.8096533345961 738
143.99837599563736 421.1271803796666 453
425.0849886660818 786.6038040450796 756
402.64241625214635 512.405431514664 95
515.923638752418 29.928526320483705 444
104.89124497460145 438.0246321449961 443
686.3081386239718 667.7352741930976 976
117.87435773078691 559.1349570719248 787
571.376530664582 299.31776058263614 262
283.2333694767433 108.11114165741897 319
724.4362140466485 118.80494929567654 576
251.19295300599708 93.91198426489878 155
268.81242507219025 589.0193833945174 365
882.0783416799288 60.75863666407344 259
578.3414005370925 632.185054940245 601
420.90666426397047 333.96240832787595 899
682.4499940773395 702.2572203063119 638
525.8146419186902 241.40069464428805 735
439.31966774287537 265.9977010140901 606
618.9961764408939 865.6485590695004 678
228.9532423292999 696.9420365913985 210
2.489647538408968 705.7738662163921 587
366.48266146153264 159.95479398612378 127
690.489429632074 610.3885220848401 315
561.0962804100109 568.8215078674025 590
446.74366843807167 637.4259070849342 25
258.0170376717008 586.6910500088453 61
871.6293676185799 875.7306981693644 42
362.3485679021419 187.52066578300364 204
855.4549178916583 26.924715081015794 862
529.3012993280207 201.13882420392372 303
822.6308100082425 582.2094896979096 454
292.6707578419192 277.1520045481425 824
502.248508540186 799.1059503585972 620
363.4047260306992 303.7092340529085 897
406.29248641468206 25.186096474877353 611
205.7493115204335 621.7903830504005 348
303.17338067287744 969.5240356627436 282
442.3670664172641 754.1773692571286 20
979.5029358717711 536.769013310074 946
495.35517320355007 417.7215456172465 974
629.3347652865834 992.5435260105293 510
86.31719635405433 936.8626755010189 59
39.534176696275345 769.2664416413967 47
471.42166241315476 417.78162146639295 251
885.3561529728094 169.0387963605644 478
726.9852945648228 844.5131387756537 360
186.07489393178355 139.10045102651424 834
475.99908127449885 898.0297195308718 343
862.5264376138949 41.58214602473886 153
846.1829627896383 146.71909163888319 804
808.7420263135814 834.2388598148567 621
73.54145204087537 779.0849469001777 733
320.4391943490822 74.8129104797064 310
765.8835632869939 382.9516462402508 161
655.7242556843104 742.994614432132 526
845.8658720775046 896.3189895884886 987
188.58032260919146 727.4642735598055 365
264.84058380363695 77.21872291728215 138
295.7333909442675 380.8686245324996 968
134.2031881894181 405.45222705058313 806
539.171860458949 119.64719445936112 842
988.0050200405105 672.2638815893919 822
158.2336367150634 21.80546206081546 813
473.91635889164064 415.0922674581797 163
282.8424525639528 902.3997587068172 100
73.4298050769393 195.24187058374142 713
897.8927009894344 983.1604663986321 832
781.9980360950037 421.19056514548146 970
175.42891898595937 688.372305974704 246
937.0397378175613 969.9477667427776 295
450.6164014763129 783.2229841870917 814
301.8832200368112 122.79234999143829 669
308.1989035241514 209.56800853323176 982
201.53529584170792 237.84247219795762 505
751.2446016974751 336.39407399586463 251
424.07991886560126 622.8615783144271 819
900.857783040036 424.8429253075039 471
187.28723617982635 881.8962708442403 969
731.817703578881 969.4238105589636 112
482.04126874862186 676.9282685403904 412
141.78674473770613 627.8372437757548 825
27.993245076131767 876.1568621394342 174
253.9056351981508 15.145814859856888 505
490.52629440458105 731.1955529122337 759
43.993177379138885 553.8726296202858 436
382.0652939807819 928.5438404881708 4
259.2687460596651 359.2838232963862 182
212.52054620926108 883.0114119460579 617
83.94244332604895 355.23810500296804 792
364.0274888126522 68.34185009881976 415
684.2279805488924 723.3908324629225 59
943.8988672576667 839.6971182111967 692
479.7224212305574 396.26541012348804 659
423.5875832033561 55.99745361040942 262
128.9086081924612 342.0904814079695 560
762.160755322245 969.0682987686874 583
869.5357551768202 277.7798427859478 806
100.93704798613167 794.1957540020118 224
176.89968349452977 625.52361741207 862
800.1656336048115 566.3180226919186 245
637.0802715203965 800.9361234958967 115
137.50008580752217 690.8742227806941 710
778.5853896989169 25.270056847966348 56
154.83093673442784 773.3728544845181 119
942.6696812246392 27.607218360225616 940
68.0924466836681 107.25357419860748 946
727.5382438186012 895.0034254601416 45
558.3641808090001 349.3045336793221 801
88.39802603131663 867.2689801111696 377
499.63295040637723 530.3500857935855 817
877.8681653360828 507.77505330623865 447
359.18275581377236 978.0348025650652 908
406.0597943177873 942.0535899043211 960
156.25163738600256 809.5609450858944 492
412.1439511118814 978.9191972803264 315
143.52062284979473 642.107895982421 622
762.0903261080363 226.8880958755397 165
212.1430932999956 26.40932669497087 879
631.1606576836646 343.3712203336101 651
273.9982939528074 513.8128029043459 567
807.5373091402611 234.28008673145973 879
154.93449094239452 642.9243168900881 913
516.233779953702 577.6543067681441 252
776.410037657166 723.2776017378302 644
315.6071325873918 581.9983224001701 730
744.2499949881893 379.95060980883477 133
283.37757560232325 454.00502161561906 927
569.5938817922961 336.2031656360964 963
217.21411231779354 396.4349636207588 145
835.065249400889 516.4934459807131 202
760.9394667466933 400.763698836192 145
104.16889829497033 332.1784074982713 693
523.8823162556903 935.5545753966286 141
837.7814108016274 793.6492311530418 884
78.33317713782529 56.52327098674525 17
90.22162916880072 182.49183401447988 275
933.0638597989885 757.9446819411755 214
806.9825719360971 406.9208691548577 627
447.7768783232759 656.2889263047725 466
989.6326789926534 920.1682242755215 109
558.966726770601 839.8319835358269 42
734.3664408845457 988.7142111869827 891
126.74749206951607 592.3289558848242 520
649.5644760509621 111.50955783822458 519
852.9267305017656 781.6497196223064 262
303.9236850927584 793.2858534138186 229
613.857298645127 692.8105605309706 928
470.7118488782611 716.1445520023832 586
485.5548781718343 496.4610108029447 620
65.0071943892051 307.30298608869214 737
354.2739845666429 209.0156960918258 321
335.3877999015906 388.7962735937479 483
679.1408223176404 307.7374751727079 446
351.57087860055094 875.5116328222566 43
333.1210765261657 807.523166149129 747
336.8843269149968 811.438299634932 462
868.7609699434777 450.3515408334129 414
505.4144696940401 391.67949888488374 98
358.2176442596945 106.0121340904755 505
515.3690084857838 189.546838261508 318
6.425979256930892 175.3846230092869 208
785.8263259706176 768.284127866619 127
306.23043319515256 909.7966334857704 301
47.0848907869772 160.68283390458882 583
665.2054285945395 588.3728914814893 225
341.7899434260653 602.9421803513981 329
601.3978960670782 607.280318853465 456
442.91943584201454 355.7014278313663 114
947.8117014077795 203.91337023513088 291
347.57823875969683 608.6952549620339 780
501.76813519758423 396.9437929557743 399
858.1213958745351 82.73321082672413 532
152.87310297482892 575.7204806778933 502
268.62940905401854 180.721995856741 607
112.22428962929409 198.5001484414842 176
690.939202650645 996.2322036725333 732
382.81285572826096 619.8487067638092 275
339.4659613694139 277.365773304331 550
404.5674606104477 545.7579623097558 672
957.7327617886292 815.6135409490535 845
172.05698849258334 309.7748156853064 1
977.1245211896388 796.7995308210507 488
568.5561336952014 290.58269085405755 839
352.6655020787165 512.3588077693161 5
292.20868085454345 863.077019276531 840
211.5127383297284 566.5802851483712 514
499.3750608723839 349.33038341557733 529
154.244866289311 814.5850520888198 462
843.7956967877551 345.2887201547369 431
439.1505363973666 474.3010737473742 933
595.7052926888258 57.71908803917047 806
456.5397029831525 846.9870184414325 937
145.42343138685277 212.60885201533895 174
491.82112958664425 844.6276544134387 886
710.8399880951546 584.6176796046536 809
796.4378394873664 492.07411271750044 899
873.5981647310932 825.102962471212 302
137.07548793090152 977.5731226549278 12
478.4608124847358 850.2636196103607 361
441.27894963048817 835.3762625476627 251
908.5917587506866 219.98711973997254 181
585.6571050062901 693.6959377342617 907
539.3579181635429 195.14422969641632 208
107.38219296461627 463.8341815364357 667
544.5794252087597 181.43220296276763 670
821.6545474697707 463.34925744520814 41
168.33030013056927 382.6719302195347 354
148.72214178213895 115.32477208276049 751
830.4428273048758 305.85622073758026 487
734.423227985856 671.5490198120687 86
80.31376914943145 303.04811059468085 286
293.3958796412073 185.8930710057911 720
489.22797334576404 399.34527890210336 257
336.46545316675815 444.5863867370093 546
834.390225938693 689.7538271328738 253
463.83353719354625 758.4408422561611 767
465.0489523391218 129.6910939147239 813
636.8863568541625 785.5151253182314 170
384.57577153817715 293.4018957918948 903
718.4021773839145 455.2443258180926 118
517.7692935855675 150.48927436046478 728
794.1163175244604 464.85282036999433 844
994.0870694336769 968.9237767450838 512
572.2404151644611 266.7771439828216 665
228.07259503751476 157.33844845280476 18
721.8966027320225 124.45380869807154 245
245.5835614071251 441.7662585699432 867
180.2162132890861 842.2826717718344 689
354.06506969442677 512.6862575321934 506
723.8835174504815 878.4423316812935 707
792.3876176835308 155.58362587131523 887
576.8139118536352 445.3789057874933 951
266.7260429163629 211.86328770512708 542
504.1875039957437 294.8279977539956 105
709.871905610345 986.1759597806489 443
968.5304076580768 476.4102319401926 398
320.75304149441644 909.689689031096 161
954.9656522676208 463.21547596688373 405
885.470444455195 894.1891965509641 70
200.1303925252862 63.77158000110461 614
478.22651868799227 373.54596616621393 207
443.055769223593 531.740709852551 436
213.07520732215178 691.3427082740758 744
931.6998780816616 168.4894266074286 733
495.1001632067822 56.11636369561324 464
393.1049990351061 958.9684129710221 401
308.3439156084922 464.802344697124 264
965.0407529327649 966.2993696388534 288
939.6434180935277 601.1239286296869 910
839.2010505196631 47.02314959988274 683
968.3460002901421 518.4685166374062 681
718.6730646928089 178.50253002472184 385
644.8523736577139 397.055566881266 615
103.24318833957503 961.5401735157326 935
1.664364724406786 54.875143934942194 374
490.2503310615268 792.286351038805 69
566.517912582658 345.61043984225205 675
129.3571064818282 230.16200361927486 106
991.8125268199893 556.0379522206003 760
18.41601654671654 736.0162437366577 979
118.60275071618986 310.61454681400767 476
326.9360353630174 555.1380799983679 120
885.1844778171717 526.5040677931933 696
539.7618457532668 260.76795826002353 600
757.9265148278967 657.9473301907575 465
312.86186747546265 343.02836619631336 152
334.2945055167006 328.41782056809 878
407.6540049968039 164.77475150159248 608
749.6078505633541 113.65993653191464 360
359.9368050011297 950.7837516620519 309
404.9402379199106 763.7497630734504 379
685.8154728050688 876.2561261179396 155
279.6618064300116 364.260790802572 358
815.1038659892995 446.42506795330814 585
822.3976765760207 845.6043992203196 477
805.2297185385826 242.0970975647633 923
297.00786872996144 21.94980339930508 314
27.398514030094525 599.7591085217857 139
898.1967578823137 663.1785855643822 575
57.13018345666598 474.2507659104631 44
659.7431293770547 779.138329496994 876
395.6062242627354 604.750615732454 635
307.36738690749365 969.5153042064701 106
944.3215954462694 583.049683765 739
997.8826473261956 82.19293201299949 373
108.6777718391152 201.49015151223992 195
683.8188321229084 662.5354469826004 380
405.01803099587073 850.4815964558874 769
422.1151038383605 526.6974185501504 817
53.52115142351022 385.8015691788592 333
918.5952595514174 330.1671127650294 370
88.58601362338159 493.03935133119023 442
399.5699129009167 706.6851199132647 683
679.5718704845689 327.2066140255755 374
512.4984126634064 110.80951689913054 342
407.990654783872 176.96300330123083 305
646.2657504966061 365.2983319870992 597
778.4128800127997 214.9632942180879 837
885.57116417907 151.01258794570847 666
426.66761253289565 318.00536779514664 500
318.7709234422028 846.1486913451586 831
804.353266749666 39.13204018669336 456
740.703409596075 619.6779997959026 392
788.3231538996373 377.9534013212349 657
438.95752009305187 317.38897221563167 443
54.34032465485694 400.3776239339041 737
981.0835089140484 111.21811843082318 837
764.7388560473742 854.8646993278675 936
925.0631032096262 417.46045054782377 478
869.9151806430585 180.64346003162302 498
291.477058959963 26.749780129396548 941
102.314082366748 585.8987919609712 7
394.80905797314745 172.88295619632223 102
35.421813777461786 12.085474224361903 593
553.3932328541573 492.7131883337501 275
698.9516591368719 884.2747738047759 708
100.00830044825548 511.03587859508826 799
343.19817307079035 308.6205542803779 720
682.3754520435699 632.1033801599729 465
88.5185165829796 400.25123291708775 582
539.8548765663548 499.18092662965074 174
835.3093290429974 888.1085247345474 279
321.7207662355004 252.56494432912424 894
282.72843211181043 308.2536521691531 332
902.7289755969795 829.1627123291892 10
701.9469820085957 634.9929791091068 818
862.5809211483161 357.29737856558665 797
20.20926764254538 867.1126512325791 390
59.055712144091665 272.4445043878455 639
868.0944543840691 886.634515554358 549
321.59648489861013 568.9919035556139 195
647.1225113316501 279.41072169322723 6
854.6818317647528 145.3223375049003 375
715.9807998331811 843.1877923526579 419
477.16541862631925 700.7421375894567 588
949.1113314991403 33.03713925936891 19
721.9082501283866 42.990167094218215 645
880.6194015360908 844.7990092405073 392
350.4063917250622 818.9159858827808 679
870.048906031708 452.12050471182465 213
933.8462523702124 487.2604238759696 966
630.860980469367 853.4911141152515 69
260.2397158955667 721.0883725841965 87
423.745342666488 568.6060798154447 22
295.7060819035373 801.1148835476038 138
750.7812391560554 435.85357300527204 559
527.5965282779855 540.6169523099051 534
299.1537933661238 578.8313188490886 505
402.48651631801215 736.1822800294401 280
506.2231913887979 80.2746293681329 13
691.6695889827101 720.6771329075116 829
862.5008980097458 268.37432779629853 33
78.6506423803347 197.13890022921387 224
100.9223794430142 922.6521903880567 965
326.4601173537647 610.310137684534 595
895.0028339342364 435.1636384330613 772
347.929524238534 928.0553929313413 656
455.9561557251043 289.2003925570943 707
632.6763417501891 210.32907983657034 269
647.2386099916982 114.34094547586793 308
928.0982505512877 259.22312470800557 976
956.6431422731278 808.6957629778757 355
240.4264121889579 842.0594102880451 843
896.084462550709 244.21431600922872 886
147.25597250937116 854.7360900024347 170
332.024340574433 348.1298839869229 163
558.959659887842 136.07406527668942 560
139.8016259112651 775.6794837344489 248
94.97564922540813 69.22903314287055 85
761.377775661747 649.1794985574553 2
308.56439815744784 716.2075634868097 493
570.2035047063252 92.82967521129981 481
161.15331339888718 502.20613551047455 577
728.9079538655183 522.3278520504776 611
106.18712339221837 722.780096283498 695
59.396882993501876 929.5735325182058 962
984.6716829663864 103.64615072387151 405
706.9382554311333 957.0774538481288 898
530.9032379777569 31.9420837684794 553
107.03726826198934 894.6806331279588 951
815.1137956323187 752.6712017690104 561
131.94426179249808 380.4337358388431 277
446.1776943708756 842.4752081791896 446
333.089601677244 282.23411664258566 534
31.012178615103636 234.47056150673885 568
758.1297444416264 273.9162516105142 285
648.263173499259 457.288058959063 843
717.1229183249293 151.7126407314947 179
339.0526294741585 82.05262489849707 635
630.0541013450804 117.67228127230645 967
888.4862997422371 719.4073641755615 429
380.2373917674532 216.58197512678 364
306.9527407978152 318.38341051961294 215
651.0083425265069 256.8899957582481 725
300.9428762633758 116.1481190633542 224
260.59042711390856 398.2534382973603 51
925.7403857721623 465.89094399475493 68
374.3623342685375 298.5256023599665 137
681.7655718997933 207.02209384451487 91
738.4320431472808 199.25719891589844 631
500.4823117888992 504.2315889724193 529
602.9557837354872 682.9832244541118 35
933.9577795987957 883.9706677562577 808
671.9264441110176 109.78004130059082 180
201.38005915775304 218.48362317612612 945
429.5246954688026 640.9897916900558 771
494.94958036287784 527.2079172236604 513
241.66189330180399 191.33915844737737 34
375.2224464103927 117.28083955612989 878
907.4983436367892 131.5538059589918 652
374.51577787565947 374.9058752790425 681
451.6476517840197 900.697144577704 957
952.7087038599213 206.53061915859672 895
205.31400795080012 807.5055102391009 333
178.25678819404754 450.2916568617402 392
819.6038235689817 356.99544132353765 382
940.8494839678475 416.29994968276674 205
823.8608455771658 830.9035659238913 449
652.4195497217769 764.3446496839229 456
644.9071364223353 777.2701168089981 766
72.42501800217637 979.6046077639581 411
898.1752366806713 218.95394665223301 414
996.436705861513 926.0423532055071 220
607.7104687691959 671.0434843781834 111
840.0455240913741 128.3566769534975 622
991.6644835685411 434.1665425825363 874
161.39221565369155 349.4129599875314 926
72.97309298453402 644.7926293593384 43
983.9159652753957 770.5026188775291 395
930.6283592620462 524.8340929333451 932
181.61939450453747 415.2373428872965 846
356.1746191377222 75.51880065188111 649
306.6219562469876 303.98312040564844 732
418.408236026507 23.740908925668936 29
563.848509630441 284.993657197812 540
77.13897478303078 348.8943630853015 898
115.82756041885422 896.2064237191844 948
998.200145740429 982.3819409524436 565
403.3264952136739 798.6123112160349 304
119.51792260091543 37.60343482430039 947
223.07184280299884 280.25551243483824 775
337.3822394021686 240.31509660914742 73
557.5195578404134 668.4955859115001 662
114.9677908394494 226.53343698345384 441
737.0712598982717 118.18755624513156 247
716.2512920737452 935.6047111467201 816
956.0971131922562 262.03634148533274 515
19.90389206842391 292.61120919499007 839
858.1251046670682 172.09031379116934 571
257.1613386154605 0.786931429697546 106
79.34490512848969 292.88197037363386 772
230.49683707454915 392.3719640924952 804
826.8667226039026 141.20789625976536 295
143.3442920406678 215.548821988078 293
60.36339852202588 411.00503785462104 456
888.4438181148587 595.6082966517042 276
986.3236992659258 722.0682387482454 326
613.261147391736 437.4306984073452 978
589.8614223787011 143.76379727997434 494
666.5485871685871 441.9973304231213 405
484.3146438926227 504.62757642880706 33
833.3795460373227 945.892538812897 730
692.7372649672543 502.52237660413414 887
744.2351282332581 22.985341139176164 649
18.990975377422114 934.7302860823472 697
931.8697053788262 802.0102335935422 614
725.5136526340289 812.7318338828725 965
606.6216629339003 691.8236431018264 166
927.6998518497951 678.2326989894877 623
85.28384689523317 173.80706486676166 717
437.49219961826134 885.9709223457148 475
771.0496027180036 829.7980573760665 30
81.31530382120755 751.936670037763 233
93.55757476378169 65.17431801334139 72
902.3158628281157 682.8121069953236 613
916.0795720829863 395.7144649586811 487
217.02874331975642 479.70097603589477 70
217.65425895486945 77.97812821471517 109
474.3187019681717 427.7436126262847 990
902.7892481086028 731.8676323237665 246
285.1310460393013 47.688742184496256 167
867.1636762678572 522.7785146639139 389
954.3488761276275 633.0692674836416 576
214.56648473252915 959.9315006999566 15
234.45121328861308 225.14966329583365 554
90.34454712958528 718.4380020546664 624
297.7861050699602 384.2579897093823 941
831.2944577721476 565.2214665832257 809
466.5104121423508 432.7338060065474 446
444.2053704410879 466.78552022123796 51
216.31047730150533 469.54167830046975 878
656.3956220916423 758.4943907288729 771
66.33287785487873 780.4612892384772 893
895.996398014002 437.49224085835834 557
14.574850787292037 864.2742742162412 718
470.99322190123814 518.6359625372686 925
354.74399430774184 133.04096022516808 424
506.2770421093692 57.17047335638947 752
911.5135236819616 927.5488970616476 827
189.9113084179318 465.0557728103131 523
290.9423128457586 136.46115610964304 858
747.9112799787329 773.3427436722175 935
933.1113520014849 936.3320060355405 700
540.7321629966574 464.652725271915 145
695.3601875028146 219.43519031863912 341
225.54273145450244 916.8226540074446 309
356.1731787036536 431.9865487686004 739
798.5582963334189 808.0463494071687 469
934.5780306756847 7.197726123115644 295
771.1787320303961 900.0139835485575 409
650.5842877374935 216.46921275553987 697
122.89437157339655 861.0031746958042 634
183.16086937905018 557.5290383038895 666
917.5014400728671 119.23945943659753 614
326.01209032396207 83.90026598155609 997
277.737995406938 587.5667140678626 417
266.7572180352528 13.903118771993018 940
209.8893426919154 783.02162005727 97
945.4338235885753 340.21265185940763 803
837.1405175732159 953.1407232197542 113
940.3724920657371 673.0379750536697 383
179.1395194762 513.1485579964543 279
195.44674444197852 781.5236057783901 834
570.0433199615735 402.24006017796944 545
170.79995925099067 15.690026821382098 133
303.6918855582582 467.13856764089724 126
895.99546244655 895.1492829066194 16
560.0275861148301 51.27719053110913 353
185.48444100557626 133.43832907177355 694
997.1119158762478 350.5600889094504 774
40.48164863110737 109.21113438252806 147
509.85369759837295 35.131431720159426 164
916.2304893663573 682.9288819141195 513
485.0097875372761 271.228585122941 803
638.4817996700839 882.3845693944428 806
674.7185894135749 7.184975322508169 782
492.7546260815967 719.0881246350548 25
313.2737237757749 927.4783286253448 856
211.07724667234928 498.526571129135 86
627.3816787042136 971.1674056583532 793
538.4104161129609 881.7136265775019 413
314.6013133508642 381.3609439718847 185
854.1780936987508 960.5688440594467 679
451.46298910932825 896.1314411573718 417
309.3387700531367 202.55810754897885 84
925.6798049599768 451.10529058235517 633
753.6314490566407 235.89263354128985 775
165.78712771131154 150.80387045051725 174
594.6757911071926 784.5629747325022 815
2.2529409603697648 309.18570713489436 781
126.60286070853589 576.4937397056833 824
169.97765865795543 798.5593658482942 276
697.8608044231262 848.996318970882 973
665.8544182696004 609.0084525147621 459
499.6068239541661 190.4532894299199 679
917.8463977856146 659.9584634743125 395
887.3062091045199 309.2625199864785 961
362.2360424937131 516.4903091609758 178
66.72822039465632 802.7463743661248 197
476.10762277813 546.4627794334691 205
47.018222182891535 433.40575471340867 224
596.268781648281 710.5511697618875 121
238.96663740436097 136.30488081193303 323
783.0416333431655 328.24067125919385 384
868.406302647954 638.6198377610756 438
150.33565654497494 10.054724667578064 89
673.1025175409301 368.026120667178 59
176.8590340154792 730.3494005546322 642
147.87995296861743 973.3191295693018 472
789.0470337177976 548.0763726880972 871
219.8126227667857 866.3079651682169 443
750.6223904651146 591.6355119888968 55
946.8175846960988 443.27054401774654 329
177.790774301002 692.0774371765355 60
980.4499751096079 734.5833153714964 257
295.3426753756044 15.25371971429279 46
736.1915994110054 557.6813430408192 78
508.3779178447193 948.9767938411179 547
119.9249887295104 168.6104474264536 183
922.8709620561277 544.7762012480675 179
37.692569334971004 251.78223053812744 185
605.0189503474099 108.4281254008973 440
547.8862285502504 334.1291119324544 88
473.54117291356 818.4737707159164 257
423.68026931865785 406.43290380214415 625
661.4923254105926 758.1285477219127 125
823.8918787142421 284.5939896250026 264
126.00696200428585 301.19752753393556 809
394.70610881649725 631.4036533838366 913
659.9241920329164 673.503020337302 849
147.86498627134625 106.3325293333105 329
31.479503131885856 978.2823646113463 179
80.17786971902152 170.74984383258317 345
848.9417417746546 558.3460701586225 656
136.24222852840472 63.38659132432578 521
247.6861433418417 178.20332818329976 153
147.81239493531007 228.32828643609892 484
347.2332747102234 957.7138812124113 261
419.55565435862076 459.49208234895167 23
581.9056119896148 144.54406738359916 494
823.7811812707643 306.61287808379967 136
708.3378656180489 551.7569454769921 155
502.9742859125997 260.97794847978287 408
127.94312351439385 818.839999802572 302
29.968169186813775 902.2444354719258 791
32.33722464864619 649.2931102308966 138
644.4730797764787 216.57667176714014 348
777.8881633312418 681.9177224234048 667
566.4583477394555 513.602323868817 551
365.4966109784172 409.34650691817143 308
422.6309593885018 498.44474245386283 610
881.7384922170999 616.6681603691673 497
799.8732408095739 901.8207937607198 337
60.972029750779086 474.1530732498109 733
330.3067750263855 861.8387358312272 876
58.943008204499826 361.2685642986722 48
385.0984528004541 346.4652404466132 206
298.29546422285216 440.079489390677 720
196.15699137132424 777.8873357410923 891
102.34984293537575 599.6635917753276 720
947.8021056936179 740.004648592988 839
416.8901841161214 14.365260374560652 101
410.06910674723474 908.5349437878588 657
386.45639782612864 241.70636090715914 988
444.84682387378507 651.1938754001807 769
132.9430624466401 26.86723086604981 714
600.7232737126822 733.4802832521221 597
725.6163230906927 795.1980867276101 707
854.6030547255524 916.1940605616786 537
425.3530859940358 401.0193608239467 353
985.4069536253937 409.782953206689 358
437.4131084169903 557.429483340145 326
886.2170754153542 512.15796524309 668
667.9430671706425 140.56275579586452 793
728.0946768458075 112.96503275661385 64
944.0521069269532 811.6215949886713 284
379.5939293762798 669.1348991337486 33
518.3409306610812 107.71297457054307 401
992.4550717552968 695.1539996125191 115
93.51976639546234 401.46159038137495 389
812.3860272866726 180.42965663312216 692
239.08096986190063 818.8460674769823 685
728.6489479746292 562.2733135914318 26
490.3804595959039 811.7651234678258 759
488.2009643533175 492.1842147368773 320
577.2249506446478 516.8278783911928 969
518.4207166442445 68.8299366011933 830
323.5866758176312 891.2436425133372 279
842.3317840420733 834.6064872059785 98
101.59294728925438 425.848942004297 688
577.9913451115107 219.75161583293368 211
51.028085803838884 588.6847895425715 869
163.1803326804787 159.41888733156418 100
446.0135333908494 835.5301653259875 239
116.58987171309165 727.3558092730685 714
889.201426254727 344.70606535095396 82
74.66904812508024 913.2116319220626 915
588.5463606801662 654.7897649816808 295
983.6336759370243 396.6116588652785 319
762.2920498993853 72.45126729644657 204
479.9340542548386 250.7320855014239 887
566.2069177239888 828.6658413357311 960
566.4699887045894 558.6760897131527 888
901.6693014233878 286.6650188178147 750
572.6443314719903 222.32733898597778 495
224.429681607477 854.5296112240135 864
836.0781352102703 106.69323045593326 607
332.61039113846834 189.86683853769637 870
132.84981498049575 962.9329518526524 789
858.5654168932876 908.2331132682959 824
828.2245776372621 581.3495993607497 688
544.637443017527 526.1931066079659 75
826.9542658147495 265.9850435271923 873
998.0513635579287 83.48204665304681 933
43.760409629145514 452.04699115441116 109
310.19489000954724 826.1467048599592 831
35.97234112693681 281.7401662938238 361
265.013549242858 34.860928387783204 831
100.14917726792594 580.2047189864016 242
979.7845368145942 531.269396507155 632
751.9806431109096 575.2018824928188 685
804.6569609726245 836.3208645301638 408
956.3045222083473 553.7588837214626 7
987.5488339160679 850.1930411016758 789
246.37470954819474 902.9261012131462 232
36.14847850926806 142.92262200464035 10
750.0907178290429 174.74539836980375 843
137.42053853087012 630.8819534795734 325
844.1451999033202 720.293159118728 755
694.4687031818809 776.7858765023407 990
483.83499381846207 449.7785675675068 881
306.36539618338463 329.6615139371929 397
892.8755298671474 6.732095448148012 131
633.8661723490756 583.1277954656633 842
744.6351007143296 231.43408022233092 433
24.955913354272276 569.668064139276 110
611.8859486089376 736.3422041714772 668
149.30268587818563 532.0812580083917 953
137.5561261812982 983.842671299425 434
87.62108244474032 528.8656118272395 711
93.12315183415598 138.84255812021428 770
726.2517342588725 858.5903691360954 616
850.4352146648844 10.41398049796527 174
283.9102553990457 646.10641178472 342
664.9527105666966 583.5629753622345 383
665.934824767771 293.7003412314505 615
431.6863403462978 124.9362399163122 959
775.4870112317305 329.8433592793685 747
700.9968550568783 852.6947827710095 322
702.8373487062582 313.74047262732574 362
419.70542484487225 396.1101083300881 278
38.38726781524704 438.3808332826391 973
790.8592600096623 145.83449846037632 258
528.6363866005204 717.7287633037639 236
816.7546643107598 541.5990041124087 520
245.54512568956133 776.7822473786522 946
901.684886762365 700.4400729172163 311
408.4511447520852 29.939416367972704 634
312.6694363370961 141.27110909584505 398
505.1646436992849 297.6947806469881 486
526.9510740691625 970.4563670501586 613
121.26549627197714 545.5667172954973 897
898.5831895160242 227.13468507822188 556
780.25884441826 836.1363953783485 587
261.48804527268135 742.4239417565545 880
74.78214614918221 838.4273162117884 173
61.18267509097175 344.7131064493638 920
904.8414783220243 548.8041531635274 36
66.38480839615524 19.067882852400906 114
759.0315839037922 210.4487068317099 25
253.57018521565976 937.7455198256895 702
383.96270627815267 917.705901290833 763
170.67725747539342 318.10726197971496 816
120.13357073036657 860.0478137791865 830
439.6124244406907 916.4769192551762 9
587.6338398864413 261.9303101965913 375
946.2845169133482 279.0696922206701 368
233.8021682048924 724.1814245114148 692
134.09697487495308 468.872876447945 286
429.81971605220616 94.28104091737566 192
548.9439823047888 369.6270681596785 230
416.71644626510505 244.08687270619868 230
609.8733114887598 876.258033510677 216
313.5885901470089 358.5610241751457 71
555.6490519915785 755.151111086305 494
774.1571111999808 77.82485913542946 694
118.17656296073321 806.5285787957916 140
463.7760496031337 303.7653699055274 266
529.325766464701 878.1787422041618 716
153.8403607023937 100.49185733191901 963
505.2677186120027 210.11712522935056 908
150.61128354875365 221.26187191401104 849
737.1659787449764 950.2838375380076 245
355.211529037025 498.39836853232646 101
201.332824898239 679.1998563013283 76
264.28711949029247 104.17765942251967 457
599.3607271457163 356.5867978305483 943
998.1079277827274 849.5217220952651 959
948.7831113268427 973.3716323034874 13
972.7706244412725 706.1518117307922 560
913.4191456225574 906.5224766591616 159
518.2245355031259 829.3147884569958 652
644.6430948202662 438.75769835473346 184
286.59336105071174 768.1922958237932 267
220.74799553665082 998.444661480887 220
97.59208274171539 466.5272263817718 749
665.4300127175542 704.3697261059579 37
549.5139024094291 467.1505639627158 205
590.2196395470164 173.0873210188819 777
737.6999660560032 504.7568933040604 721
134.82915583039934 338.8695337794676 107
515.6651431508387 734.5127763653942 212
711.5534101154401 435.0857959736508 698
525.6805164948336 440.4955918642028 390
380.7788460435623 847.86943980025 11
981.7810678519495 7.989701668918769 973
330.8364638047526 966.3537509862887 884
643.7675661730199 886.5965091954129 606
764.4564483603807 968.8942256400495 547
848.6795743145161 160.85496106347475 536
743.198409685263 440.3252758715437 744
665.4661984261359 846.9148155274383 518
92.95306098691802 44.863715048303334 301
323.83029389686214 546.9263627220233 605
535.1825350280191 703.2978215655804 954
65.6415911438839 614.4684820192016 530
589.1874048818771 584.6414234219568 383
7.992850444685118 275.56030189959847 999
389.4401644747608 540.8062109737702 406
85.25578693668922 616.2465027651865 836
663.4475035804802 606.7991952919008 602
393.0823964522709 443.9263201908132 392
656.5146140896351 140.95306995484736 346
863.0588751101278 832.0840120002183 420
689.8210820933318 49.01900438965334 426
132.87806989130922 233.37178434308726 373
773.7092296881027 666.3599169891854 515
422.27311868607234 812.8945130888472 204
377.26119356005773 498.5261607703375 31
639.2403794326675 589.307365397102 788
614.1454105183842 669.155105266116 68
834.519263273792 770.105446094391 482
364.0171773045988 533.3896946738479 658
96.88772008572965 500.18095249398584 788
787.384605831232 115.02949254391537 928
395.265876775344 590.5033598915265 19
887.2716983328647 831.1184281569465 564
250.68135797948455 467.02668598058006 693
118.79275627139695 70.58166853342817 723
430.191054577615 567.7619023395242 770
512.4873682030155 370.41383545355563 986
764.9850051294496 608.9154042552605 194
624.7364033215151 48.94641015277368 164
634.2788048814575 540.1731163063561 230
606.53503310637 700.5278566929509 654
219.02021318393005 832.2547681833313 838
551.967106012381 526.2860442474685 896
238.80927755891145 505.3645847968219 598
200.94470794066953 859.4556406744958 976
68.0711917920841 537.6086988083318 158
670.1399270370345 340.0937702177037 342
714.1064534090636 99.67737259016441 566
283.3995192785459 637.0308056423165 714
745.9647399750362 923.0936702172831 351
140.0660768642924 702.3739972949177 975
621.5216206985546 64.8016983355516 682
457.76417439755545 153.99674736918166 719
350.0038788428501 739.0223374576809 356
185.78522372186023 345.6885291414723 389
326.2987135405603 826.1110674247007 862
168.07773085010024 470.4718479757304 400
821.131817941854 59.66022770102675 624
245.25242673048407 431.4691456170178 974
621.5473280994621 556.454114419657 796
47.867737245526286 23.249005949835365 66
553.251754001064 106.76160579568305 586
675.7013537759763 917.8205726482885 373
941.0248314814764 958.0076156850454 723
574.0772273425341 95.63120119149815 114
608.9855015388765 552.7313096988837 225
333.29439426786445 900.2200725004426 404
735.7834665260742 695.6974588161883 22
182.7061719437355 639.3127466895941 945
11.706662672860135 266.70257573783164 229
862.991313696779 384.44603891293707 449
123.60976350178154 704.2945501933342 798
23.571885190286967 717.976605568717 423
162.54696752374485 743.7103125566364 62
732.2804873658074 925.666825642517 554
578.1493999900179 667.3546222451262 959
277.4148869802562 610.8135154766046 364
979.6406967436852 658.1588039085791 364
232.5893058966604 252.41322085477657 452
460.989251713521 704.3988180140985 203
863.0617354624248 78.85998408538009 202
526.8901999027603 794.3433898337114 521
232.37285666783626 840.2971793463661 344
53.10007735238798 657.1709574831569 645
700.6547969869241 875.8090411631663 153
903.576948301827 752.3983495842905 606
908.0259823108391 12.481443647165523 160
773.4277676064091 116.35466500009362 829
207.46507008495485 703.1308638899241 801
177.52078424951466 666.3270362772305 565
612.382505701328 262.48555726048704 328
774.2224972480004 176.14477091716597 870
255.2805627455047 839.2797865721155 590
780.6895540129154 468.6006083001323 95
542.5275069954383 805.7595236818643 341
484.424305015701 771.8866994078379 849
777.7722105140508 461.07874342130674 116
770.0420040945487 609.2323578574782 910
955.0192059954381 851.3880806402536 809
866.4966751744693 46.57188039111793 182
611.7257066358275 820.8685380842004 811
687.2445729361981 883.5569111790528 620
648.4995402780455 905.4420754650519 279
56.10884710058195 442.2778861630001 318
969.1938698984164 556.04770908186 477
296.02182056813086 109.10447226244979 360
715.1567922822662 437.8051305242301 418
238.36076291430163 4.334204147518395 526
199.03698051769203 566.1676814153784 300
794.9586012312383 608.3324834319955 447
451.96911419994666 355.865947104255 86
867.2246131406366 246.63983702284474 711
949.9094881117643 741.5773872449371 192
593.4054003378968 419.7641898416066 36
217.23942095411442 783.6874584393903 280
443.4560383911881 707.919039474738 365
15.753899079910095 344.14243318169844 359
373.3164973605753 530.5324713640146 61
220.91532765740973 179.3737781607121 354
524.9790152962373 299.1879957148803 143
837.6018299813542 852.6414474030781 262
749.4773553900643 927.4446828961813 541
262.8079664317574 537.8295343618224 598
450.42466529199334 611.9428313590025 992
392.74881757576054 495.8739719990556 849
719.334493430897 134.42071565512802 583
444.1672117503631 825.4381611305167 482
681.6531285887213 858.8043678915558 251
920.3509632121763 297.74089033650944 460
503.74733503242874 107.81328330783101 580
380.5012501533769 523.743021584446 299
731.5008787553219 197.78107906509555 980
633.9187858878969 265.6663744213473 624
170.88049211525203 580.4240407408845 931
532.3995930413955 27.459407924987357 88
65.13606610778444 803.0436728012173 8
61.73649230807787 780.3238726941717 488
779.5035064822888 903.090640180619 378
873.236533575108 860.3533174670907 816
