82.90108207513525 183.49228869057887 486
443.366913777975 242.16340072537267 430
707.5957123291539 815.4112185405378 767
877.951882023121 262.8519883359387 867
28.64124385230371 710.1043396612241 314
698.2115895044828 93.38790178446199 117
675.9710770690195 345.86156968190704 806
490.24885670945815 567.5508717640677 888
598.20544396782 852.8643125651145 137
608.9293067534741 198.26277565458795 664
164.23047743424078 898.5760330074754 456
160.96625394878396 807.6052366674978 93
483.3676833896021 584.5338894472026 124
913.626760047442 766.6795218406749 279
878.4608963173998 716.778778042919 265
351.3973538893391 471.00295726548944 350
219.2284089416112 891.5068970669976 806
566.8110485222143 551.8644129683722 371
453.60439020525143 45.32990865004738 990
14.846608395660654 232.72332412492358 58
702.9381390520219 233.5069023110562 455
625.9123115555817 749.3123391934448 573
49.416189500354314 121.7630773910653 88
950.2892230583993 515.3310826866102 63
535.8128567438762 914.54341419417 110
777.4260798335513 887.5153508653447 678
568.7457484532906 868.8454664294441 75
323.3276886042373 704.2505640408574 928
830.4706142327285 279.61710210225266 517
520.101705707417 576.3175562461428 315
325.9884391961221 651.7407241454271 185
600.8843388957667 995.0592809952062 166
448.45034870896484 819.1204026364715 64
530.4189313100034 411.11704962254726 706
338.33667445246016 185.90430528853764 570
588.273172595318 888.4917963971569 849
318.7399962652108 108.34344778828454 771
128.23106900441073 308.6804276550581 541
10.902085365870784 822.8896159984399 133
86.23089643534598 793.8902144056998 754
692.5907909888094 175.97180551624814 658
400.1703820121261 965.3938843940185 712
506.3833715212265 854.2510018369786 336
449.83413380182355 11.737676010028842 482
76.39127570762771 421.2743318369515 797
68.92206965401115 614.8923936441524 185
222.77871833689989 808.5343574911547 206
135.6018999612012 447.3013355038826 695
28.79659855121297 199.3788001567236 673
853.7868199186196 546.4385332988999 604
267.0081310394118 723.1244994072715 393
725.03769942436 450.26316103152595 42
648.2484424924478 117.22689869372071 123
964.8952264110605 109.58774668004945 415
733.9473459907722 93.97700023261501 615
309.39464720505725 846.7806135913233 339
690.4445484444614 2.376308795023374 847
38.73666431455391 11.856323822436954 399
553.4568033660298 632.7518626444992 874
423.8831250467948 393.5235466101669 365
156.1135076064105 225.1920908699707 811
951.8919056692433 935.4073931216623 491
308.33537635009986 682.5996622899531 110
333.6960419160586 232.72932766603083 878
49.22146764984259 140.37415715503255 654
365.4370940300408 954.5638504358166 108
468.5085071526974 917.0078839003036 396
697.2840669163112 562.1127644476192 492
361.64334698054944 288.6044322065976 70
789.7938367727712 19.282836066375264 797
622.8203973426364 904.1679258788412 785
908.8116834356044 422.17448878895624 192
591.2698167008862 234.2161305719249 740
44.27359581629919 181.5196928783782 378
456.7726941888355 9.207213067184306 506
670.1767156831438 338.5097217845854 29
875.3412713875883 680.5081060095837 297
864.0969712520932 618.490399515064 135
395.74151055350546 432.6064480424975 254
526.6280527061002 634.937131273757 320
825.13520662747 948.5902117813071 662
343.84071272103387 914.882870564011 370
331.2054797954281 360.98187165517817 587
510.64873445086147 637.1362488745866 293
719.3213619497966 268.86530053620106 986
801.9295763819563 357.0976039146129 360
101.94690344354606 582.4379045899767 999
653.545910593622 734.1414353091875 660
517.3792931846323 158.66081783991305 668
63.013991004038814 978.0025101378504 310
575.8280439691997 112.35533264114505 891
9.260539329416062 437.425450424323 694
211.19909684087213 360.0406005152466 371
508.60814020574395 904.0670509129277 545
472.1746561506328 917.8955829525697 511
90.50431110680657 999.6003632245219 221
722.2209915059784 708.141062148097 135
655.4994603223644 459.49807536075616 587
477.1268161791257 964.3998760557829 151
828.1584982321983 859.2700498558697 543
451.0062739870687 276.8470951967679 130
728.5183464372284 262.39577791609815 45
727.5084324634654 418.0499962740688 299
139.76425693007144 81.58444057550184 407
982.1309406883531 711.714846533408 530
500.5037513438552 915.0672254612774 693
923.9138060797786 597.5498938872346 814
311.68994798655245 424.54969487167483 281
587.2578397066786 978.3585613071848 421
709.5957557015768 723.812115052287 753
114.51370658189364 346.1224723104697 397
132.18127266522205 374.17651344991987 996
401.64202218862044 884.9328656092013 152
994.2759349289214 782.0439293060678 209
956.3389820718429 30.50390316469864 153
670.9283838804151 647.3667834720595 688
423.9775558868625 42.2559102607053 970
103.73446494609684 121.05259918033462 31
559.1451246618605 757.4825431010497 75
857.0692859912502 621.4486766395958 714
337.2141298678917 786.4515376473686 923
736.3561799545531 116.5601668780093 560
698.2440392209824 700.331607592538 994
963.8703102088659 789.7974228854367 583
669.0649760421312 951.2910311037099 372
271.83928026085556 556.8235314102328 363
676.5063853473075 325.65282429752085 726
164.43676959927532 137.3535613092193 421
703.078671950612 210.63638284069253 448
371.43160248022224 704.1413087909339 89
402.2115354176132 237.82664621830983 125
18.111492307152588 538.4981075795996 267
517.1841418632378 285.4224520175479 600
258.1540046236228 440.42010391472184 811
457.76956087000684 568.7123801055568 474
432.6316775310034 720.8330566955814 385
144.07645590219587 12.023829287351461 417
939.1224914925966 373.797098758062 775
982.092482662199 262.5360715126547 251
496.08760458369215 68.7608662212974 837
622.4372011228379 685.4123960983103 969
937.4145429045979 120.15232808749876 78
365.31092594776493 748.0045267158789 336
985.7653338540359 960.8411345789763 815
818.5834955536865 504.04076446486425 262
668.6902112216096 720.9610225009914 798
876.0338600912112 122.69830843335816 460
855.2086261597254 469.20121900342195 277
699.1517182214419 400.5912896447259 807
990.1645573071311 898.8754259241205 197
972.7261136499483 172.7818851100742 872
11.963467660056072 439.06571736334575 604
367.8492254767183 362.56970092482265 24
260.154718427124 262.69119534306685 656
493.31118945197693 484.57575830962753 514
89.87925805049323 330.3046923531432 974
220.9172648362594 491.21041507524734 791
421.6926724065391 850.8564404933352 903
995.7819375694862 161.43946842691693 975
767.0420000425129 235.59176446644724 877
429.37391486555333 175.47736857708773 319
853.8052516703211 823.3530736695376 467
799.502811793745 689.8781800006211 521
141.350861903926 372.1182077100328 669
906.1935883200391 653.3720504063588 20
754.7155458679623 208.14238698315157 528
761.679987926923 596.8488859439582 382
763.2023863318587 596.5541923827935 173
654.106834046981 713.9843501236813 981
8.41521235521947 353.1231930705522 521
24.984976392897874 707.0149925780007 9
544.6628590577151 34.03668981612584 71
75.8432848570667 401.76576850876745 55
412.176702523119 3.6701600327143646 809
847.6647660895144 359.5834248972263 544
718.8639220101007 921.2483756688525 907
808.3831505230547 745.8043242972353 182
10.73059188380876 468.1601527955804 153
226.52188823259988 471.9481247595857 605
822.2491347366758 398.7094012359742 128
210.64894427590986 440.82525703455224 611
505.4718767567413 379.84922915604244 553
521.3729288934662 158.58285347821376 483
600.1666134669366 74.59387503049241 753
569.9139160597838 472.5815899226704 784
659.6955421082869 873.4764281645365 456
72.18602960107657 529.6395385310599 899
583.0922291062541 576.2658212279179 599
782.7698651816623 655.3258670247736 375
213.957068168969 475.23974680674854 282
616.7423990574268 467.687904838097 150
313.86448557454247 422.8083593157018 689
224.12950118458653 562.4337267271309 799
718.0963174661177 925.3828779260241 181
395.32612694620497 664.6838970004837 945
760.749103327375 723.0686061469564 599
906.7617543153726 694.578985683704 570
50.71251967226142 773.7516928170304 825
585.1035390764625 704.7786430915847 710
989.1702635796415 263.93400509983434 473
29.771964919396822 238.25504919939567 147
968.1778729424707 371.7812245012633 435
606.3635232893749 117.14817007727018 4
978.6084277141043 901.8665494036094 300
1.843510210370214 218.38668062726774 622
448.48345476423015 38.59083579512135 885
118.65829298931219 53.26937978241653 307
898.2476093852534 756.4083439030595 857
9.621109674190498 922.5035183850298 351
66.23942769071589 661.0105191665464 717
483.7505147816937 125.10796692697535 507
813.0089910405225 935.1724634775256 403
923.4844908760332 165.94703085813956 50
834.3115692995461 655.5944316279878 312
765.1927114087076 117.21647938031865 375
985.8941768757296 79.17413022423348 776
566.8366858867297 465.7409313191952 189
916.4267976678506 370.0761583553699 756
911.8499498886397 843.434596650961 375
922.4459105724511 338.6305380187594 583
548.1714723997524 640.0492930514112 268
495.8716510964732 682.4611338435981 554
101.90138538193827 336.0641058422245 776
725.2800411852717 484.27019860126484 23
5.025129891190527 963.8534511289793 557
961.8815484419684 816.9751566062836 82
663.9101235564934 37.572400494701895 502
267.2343418261156 34.372153069041175 829
665.9324529790424 72.68586162373691 946
2.0048707825714995 759.1720530321908 241
72.92077473309777 815.2885178176066 269
673.0341550888276 519.1101884510776 689
563.1850320593712 808.3419237816943 603
731.4745107722218 496.5101258318304 520
93.76193831858515 735.2258563234278 856
861.503560841875 153.05805444989818 39
389.4591232456091 234.4176603462512 519
295.80825755794706 220.61021695069405 969
123.09337765236195 409.3207578102575 324
299.1522027144299 789.5276261954217 298
109.83738993137426 866.1736018468522 788
638.3225540561004 321.5094347866231 676
653.931587265052 435.8047421644771 18
966.3782198552817 279.69534896750594 15
706.5998327161315 384.00900886546754 567
515.5534390373606 683.4538525917136 473
291.53426847762273 192.3481434172879 11
144.15810370638138 525.5052583854667 796
358.86817393734674 369.45098490748916 647
18.44753435393487 867.5978444423246 329
607.9659351011973 703.6487260904612 851
850.2810072642332 780.1188146892995 911
771.6572663185628 591.1246564794066 585
683.3233719305279 40.69375853595159 875
317.44324219742094 767.6198006837303 521
25.08562892259758 754.5011608153203 245
52.367433586720914 130.73941367063767 159
339.571633145873 831.3637951375761 132
983.6470425645282 320.61945993765363 202
621.119988200146 851.0578092781041 197
906.9373445580721 343.20397857014586 801
690.9274007283782 635.678022380915 778
374.10776482407834 692.2694828737208 87
185.36545716585928 294.99100279401057 308
596.5860255028387 117.64865867710672 828
863.6341018514397 38.70735570300188 69
254.7536388969982 381.57473634541185 736
151.34293379728015 589.0413880380005 741
789.8713817553921 5.738285743939753 522
665.9806710604104 898.5870435177012 375
117.1908345116428 290.8767616893768 933
569.5431031366289 299.6343042165283 842
597.2303815559985 16.19571596878755 832
407.79672236495566 388.84172347465807 464
892.9688898241626 845.6283167701386 364
623.6312887276785 203.26335433989618 628
448.05136010321434 441.7374091910257 432
988.2213581798553 595.1100724852256 869
985.3826450444528 930.120267963324 840
167.1151043667981 385.1999647045296 208
941.4976459510954 157.93689367106433 59
512.1069503716541 568.4169152281958 544
764.7029562107 266.93910311215416 814
256.875353093391 939.9544451861815 444
222.72341050289245 104.2140511189058 924
160.61307971868732 461.1910167254386 51
752.0197043119605 368.1122216037407 376
667.9685327559549 941.4764514234784 671
276.1123715077125 469.833796981218 854
890.6121362209442 927.9627356864114 658
636.5558854822499 845.8737474769354 592
301.41092425116886 555.6523237663519 319
812.9177358190573 208.55036011779825 705
348.5887511206599 612.6273878585309 264
522.4552750764575 889.1824642234405 594
60.203710981062144 459.93292300692735 127
176.46052056091978 88.80496340297239 21
715.2677697525413 544.0767928075225 64
664.4719373097748 297.60933463746187 701
171.8521471875467 308.3914950422592 331
747.2509567535183 422.9443627360952 983
513.6522299995281 159.06072434245667 593
149.4637818374084 975.5781363871707 48
61.692372151632924 834.4052683520416 567
457.4081910645457 472.9335134230338 790
15.609920652829734 912.672825319222 985
798.027252651828 391.60692709447176 212
823.6322729924768 382.5239912897689 83
810.5177355476058 970.704920453078 333
756.4208975413901 105.60233500432348 681
509.4506775979526 556.0627138984025 27
378.05319885147713 550.7168975645975 688
569.8049895744252 153.2443822374061 814
876.7928386241581 369.45433467118295 771
623.7637242220524 214.74903915005194 74
359.9124591848172 890.4411759185332 353
32.37754452955166 730.312305307703 909
326.8765493256438 508.0481628731539 529
7.419966468249828 96.84888126811208 170
215.9699531942193 186.19612600506153 545
987.1665209646798 93.59048989930174 714
817.4168227180553 867.6144273951069 866
273.59502839076754 278.5502737617455 964
424.8881345584087 376.83405097864096 594
150.2716413392391 716.8591679198985 498
525.1136105413595 155.2394572840059 393
245.33754712778776 703.8327680398826 846
257.28432960190617 319.60478163263184 452
855.3449467360889 855.7521140603018 794
181.70084307915545 144.2049385416595 643
97.2143860097191 387.5614917893873 849
753.0207027962709 379.9175023378621 274
251.41889218732194 764.2300496237656 649
733.545153433421 26.947242565984354 917
37.514729177539394 163.41800443519728 737
241.93928423896327 378.9080605585322 135
484.18319189613726 250.11348957723158 572
821.4447457937882 833.9835814006109 992
401.55688906839924 999.1533322216511 820
295.2975497780681 877.657531598049 621
750.0016898011253 622.8765545652964 457
426.41023969403255 421.4245090304121 109
19.272229189182475 385.23140224119555 594
903.6902408728429 529.9219016136936 237
909.9875706214125 158.885992915643 544
250.55332732106507 839.7369783840356 493
345.67500373404846 614.6336208289426 766
831.3513177449692 736.6819718374263 808
788.0303631410615 32.990935643794295 994
804.5121932100518 257.35846045282517 735
41.11411305957135 230.91774708021106 210
560.5573536686126 196.96433467189368 878
981.605359172422 468.330803619931 678
790.5430011360049 124.72546727322143 570
885.3320837329202 598.9565895995753 112
443.7451626286487 385.58036763016213 461
969.6276760410352 385.6006353793643 754
171.27219418343543 19.846346051725416 831
396.9188423212694 738.2536157875049 520
549.1047644219262 904.9227795065997 326
494.27407918451473 574.7701860830626 604
236.6418018799812 456.5418323598306 208
421.24862490677094 731.1865338412572 445
914.1840789830878 110.36885837842192 522
344.8974551876134 842.2780084886314 17
588.9440830126103 507.7489709715073 653
976.2337174777358 956.1225736354094 914
570.7721310961425 61.13574875050654 213
569.5619788095835 852.2866447377969 248
789.3513079816548 293.95065821927193 42
807.1854115249262 156.121400776015 964
374.47647873711566 453.82449468698906 713
632.4730924218535 108.65018689511675 165
13.352907973204097 562.5688931811696 869
48.018715043810836 921.8548432183179 5
613.6714707900953 67.21018810954449 210
319.8307515716089 850.2135979267423 678
144.20068200702062 488.35884507023866 179
185.75537247020745 93.01118343622528 181
600.8000495887527 554.4113652551633 465
219.88181643506167 228.73571038836872 951
510.74496247691104 304.5439315018358 92
119.84537934077576 872.1556071143074 196
185.58855892011474 442.64124964658004 491
828.4023460555958 635.1934659342049 361
863.7545490398031 543.0205909604291 75
646.4886168275124 52.4690049741291 989
897.9752748147133 729.2991814493441 214
457.9505150879617 950.9181910182517 813
614.2477191294826 994.6766020180056 738
174.96762203016857 903.6935311358945 87
360.39193242384584 769.9782807210208 398
706.0812572777346 246.66312608175744 581
667.1738953310438 156.23384104818572 91
952.9510908422956 795.4773769285651 755
971.1641623476488 52.28973983652574 684
519.1480627048352 483.2318503334263 976
368.33005682370657 672.3944119250335 164
457.3553034508924 536.6751750906955 188
179.0455896844 70.78441656036583 682
595.2681332521946 106.32805668615785 456
619.1511539988 954.3327629235998 820
400.59360744882287 235.2377544829868 418
113.92273477890879 497.81730820067884 837
657.3207263641597 528.4980089030404 195
80.73921482143153 833.6140820357159 76
977.8791713924375 706.1173780834134 98
583.11220722062 152.66955565009832 347
888.5292710382847 2.983011681135239 13
541.2190038113663 40.61573044004108 67
451.46637135686717 965.7100761685432 924
387.70602699071253 659.1215676244464 452
404.57942538153355 640.9735052829576 969
923.3048350411518 587.1792070296884 235
500.4319192746403 845.1110525571107 407
965.5398237041456 169.387071724044 100
207.72088698005086 490.4988444667252 949
613.3238715073934 877.7270634046531 718
837.7341432846009 73.45296106721788 119
484.34112325152887 831.4741603561824 604
863.8236834896442 554.6908298228341 91
150.95431587539298 475.3426289758601 337
358.59738416408203 195.1603805615829 163
185.300356595573 793.3281729587012 339
373.92185128033873 45.47517948586677 11
306.5667912116654 438.02339608564944 120
142.83178017270183 353.76003802596534 973
474.1647809962222 725.4468966085842 246
260.973915533097 58.56939500876113 783
55.19692850620472 276.76422945441414 587
713.174946260922 559.0988040362274 634
57.46784638499647 814.7678815363939 71
893.5964545051362 753.534262279164 449
314.3695255326983 857.914435001173 607
234.717872296912 224.3986818330691 939
119.78839855312818 462.71395036131014 226
802.1973037933019 125.10250574185045 348
828.5574283529564 866.610881954652 759
550.7804708162405 623.962290838122 188
375.0803592725569 837.8162644109498 104
128.26161308384255 431.0369552297806 275
154.2713650024502 955.257562505257 30
812.5845670783917 607.1903358346282 659
995.9999911996625 747.5497334107307 47
923.6970270958608 601.7697511369286 734
960.3217551953837 526.9562339915228 497
739.586015399952 504.23901792774484 516
652.5770658064065 998.6374032071341 374
78.05730911963471 355.79060789552074 208
202.7118840771913 622.7955661337244 796
154.67822767645478 822.1789368810159 45
405.4499573911434 550.9150747616255 727
208.05967649810486 639.0079857392927 731
146.10190834574288 651.1605321985487 374
725.2690408619351 908.5506856323672 762
289.47392436893347 104.81779165712301 229
321.92179095592377 248.57122363096306 726
909.1695603429558 555.29052920915 668
719.5812769513401 665.5964696152561 351
399.28957829266085 471.9001714236083 258
574.4058378510417 590.5344130713041 950
335.13687156879035 670.340333825199 69
182.02724792797198 682.0385778178979 461
448.0375977431893 183.9668939283292 91
979.2394392446465 178.3359181885329 594
476.25086637135274 625.6960012679721 569
548.9266368990337 86.3592731794035 642
976.0445933318106 978.1222769755665 781
949.9057582909688 652.9346504704863 475
766.7502662562658 847.800692931436 113
436.2989946543573 112.56451701449066 269
343.8369908294099 388.22894449075693 838
97.07690617034903 274.1377715976788 111
413.6227889655597 494.81083869544995 58
875.7221821941187 742.6738390498278 442
920.7275354768113 781.7839063824551 423
619.1811091059235 576.398197628938 133
857.4848415034885 86.0716783419203 36
498.86799458003895 205.3768906465514 822
106.03118017988822 249.5431516209885 385
392.8266074333174 189.75544269955046 878
331.82660724637225 749.1362027139355 207
479.91377574095117 155.63631850181892 336
755.5483697097302 952.8007365067597 343
662.8912012230652 13.121139082234334 637
859.6037348743424 60.37201997186115 825
94.75388027093523 863.6579149781105 827
451.1759715749477 145.90400216156075 679
898.068022324025 259.90488935661335 172
155.43521680853155 965.1161520573265 757
422.5539463491075 675.2762445725036 799
243.8416443924566 132.57785131552325 87
867.5721632708296 655.6432846742719 675
146.2757235562988 110.50813368569179 268
332.51281764071103 670.5999550217962 345
469.37114691722917 134.39993444410604 929
484.853834703858 971.3953325663891 475
244.38848044717 789.3902623947275 502
629.8613600481333 675.0733085642697 224
458.3609655848817 921.4589584142743 740
344.53034650279466 582.9541317592557 955
293.1888005689515 789.299851733479 232
741.2625840301047 715.6839929238645 185
575.6726226583003 945.4329470091909 790
907.7433931999504 174.93963049085139 709
22.145188827147223 955.7994190158461 179
699.610370861587 941.2425588074606 274
473.0902495769638 923.3472445071943 427
809.083733683955 187.48639568466862 441
630.2754512202753 265.91037209616155 927
346.0163345526431 196.1562580112497 923
919.9784128214218 622.2473819163451 507
745.8860375718679 554.2688058994582 391
238.70670501498236 50.88883006070155 355
649.9614477537863 806.1296161360585 685
978.3183191784873 100.1432823763837 784
354.32041343522724 544.959481749134 968
506.8402990164741 779.9797552189432 108
745.6120237193741 249.88842118777032 453
374.23501171081364 642.5004102146955 590
296.8542737550222 111.99744014275481 942
641.8667647598631 377.2796266137758 607
250.8468500079545 675.3545841973753 454
220.53153319896214 445.61468655456116 692
736.0477025638896 997.2202294658325 979
970.6216263518953 894.1656224867153 258
259.7897623697086 619.3402502515802 733
240.19151953380003 562.7104226521388 322
431.80805198086426 680.8132298909766 777
55.16446615948123 349.038180764669 872
337.23392441494804 403.77329651287255 36
914.114562676661 937.874748347164 785
76.92940810095772 286.82286440188386 991
445.44667204945097 401.6877602935492 140
401.4441617722613 739.6734058823782 232
934.2303436105193 883.4930835569035 973
717.3380125805852 160.43346809473047 399
702.0738698686647 342.6551805047204 896
721.0547946367249 567.0657086758521 343
794.2618867977961 579.1517438359009 94
758.0163327846219 185.21096944274694 985
112.42831054507074 377.5828284911125 240
155.29942725272116 929.5242587772025 567
532.9875941584339 408.2176516125353 697
318.71710502453 139.36724199199202 98
872.9695894946201 643.8543790345434 100
208.21101376302366 80.74122942756657 484
172.00155766875247 79.44896330475093 338
140.687850469856 583.6210789418814 627
122.18257733582283 610.0621305797561 563
215.09574333200177 221.60642899841264 798
489.4489083821757 878.6190757442819 920
66.15838956971032 765.4921575123717 296
645.0616278681009 430.4452555900029 202
488.8391142064493 701.5343279481244 665
187.0004087321222 976.7779975210021 946
696.7352127466819 243.56027938247703 236
342.0484083429407 137.14328486875638 561
286.143432284929 812.2739147298463 402
20.77028021193239 203.6203620625263 169
27.092537485361557 665.2244185134116 457
534.6530063779645 32.32477436025982 29
699.0405210132938 272.50763403586996 804
983.1407724790857 37.25583462877546 692
265.49212634558927 465.25497505583536 212
973.9148771175024 902.459491758582 760
921.8383059070192 325.1448500195681 214
554.5373044584485 527.3193212633553 653
533.0298924488361 651.7732265128426 84
654.1012644871334 837.5352397910805 713
681.9280531690413 369.1587974739875 385
981.0813587621006 765.5826231301471 235
773.2282117062975 753.5737388390918 530
16.649877933116898 538.1935183015167 756
781.2773155946934 330.25219016480855 786
444.442702419727 291.1015425801116 276
440.4847537587073 391.7435164323485 551
844.3588380761863 967.7139219036515 792
965.7976117112675 786.8008096715146 287
602.6721924638077 728.5061510312966 454
360.64068069023324 50.914270072482836 415
375.1050666440048 885.3399809506891 152
256.9500676972086 858.1288412951427 684
264.72971287107504 401.4620728726793 376
487.1144227715851 140.2639056065762 255
303.9383350979391 438.4018954510361 604
793.5899818976784 101.17031883876737 173
111.33814793791241 382.5231980880206 677
677.82525304724 824.1096976497807 845
686.1686595141591 338.9999727085536 246
224.0063047827623 580.0412300541661 640
883.3482164927796 597.2035581713732 816
49.913177317170934 216.60025268236527 209
580.7524020146973 505.3578720154779 883
178.03618502995255 729.2503896706738 25
319.7389271640401 190.660868380232 749
293.4666736497936 883.4702245162075 317
386.5463691486727 782.7658421447751 143
516.3758050695609 984.2711246343716 440
151.32688604682 381.2801688234626 229
224.50999475969468 22.58924263122242 512
170.2868410959647 765.1001230365557 88
531.106137355873 392.31545283263193 177
380.2406107560724 432.73014414157586 164
998.8927358841057 942.1573376528524 73
571.1775659843204 153.71433799318402 50
226.75116937142968 611.1205608238089 1000
460.0272751326123 749.7785013778248 514
772.2283447698749 74.63419498178858 790
583.12697201866 141.6374951364232 705
542.3275927502343 476.22345687668076 279
855.6931505165958 894.65839423652 761
631.9297719049413 931.2990384771962 226
106.10374105714237 27.43247136714555 543
490.0991619854328 278.0294879803161 998
169.54805595277435 845.5373541460306 651
286.63362091122 684.9599157900144 45
340.2890995913563 727.4995857558686 259
679.7020204676413 627.4404765869972 451
921.2299233232808 524.6135646361221 504
463.15763861034196 544.8223017464512 827
185.89752540662474 154.07366326298944 884
115.54682184206067 153.2608919284396 733
839.0145494465154 369.498159012726 205
255.6300926841063 463.5053250429327 121
359.7955105893176 461.0105173078704 854
524.4364708846922 248.1563010409954 577
219.59559704308361 827.0151002372453 796
485.4460611232504 282.4123960655648 996
934.0532882787028 93.01104373288105 346
562.5180340663131 333.6327855131325 36
578.7280317433602 393.2761759454264 876
295.2881950346956 716.03509323207 793
738.257121653686 894.7182067627788 912
563.019285950436 86.50234552723568 235
326.94246238456583 452.4835038098403 227
334.4937929620333 18.869674014591055 473
744.0117867301866 978.6901453559428 786
22.388508790412544 104.24990467540118 92
980.4233825748516 577.7263962244219 57
811.9159166183359 130.98733581328204 398
76.22151878060069 270.7642652170285 29
440.6380420016348 543.3915223498109 256
140.16608730955727 782.9163332595543 193
716.1403296782494 269.09844436221687 62
362.38324153841194 907.7514129142642 23
565.0934723012982 115.57947147941906 241
770.3454970060164 640.1100964335682 445
931.0412684136071 249.86895461513137 75
478.9710168596234 245.89346277420444 670
234.70003963519204 38.03545943197262 124
940.1989484865267 27.809414936022847 50
689.3354466199381 753.5986047064116 486
608.6090941788704 268.07693644478945 435
47.57499851336166 60.86230192730524 901
833.9366584032415 29.437521329925275 244
962.2708135267293 656.9828508822563 665
620.4039581521292 356.8373370852932 710
1.8002095480869063 122.57296763358627 38
779.0424648235532 866.7382120365677 611
832.5617459180011 437.2692310296574 102
48.25168576917571 247.92939601662854 574
379.40389017728194 214.98120038189182 793
189.4883088269249 740.9613915204358 837
413.7010518927511 321.64724388587376 343
488.92629652661134 989.1318629617149 62
627.7838006424893 229.70650825403848 490
323.9267016095809 787.9853753240421 954
632.8773488851634 505.4551037493714 449
918.2885980650774 517.0761856585675 927
924.0167741629832 569.617218142372 971
837.2581473395761 492.64531108942487 666
8.692130329106096 233.87374709979935 173
795.9276037251326 917.690611771943 731
167.42597897002187 827.217451373592 9
450.9921831275876 353.0586422289732 116
635.7217940188702 139.13722879550184 385
6.4538221387103745 981.0468058598141 943
483.8064480865193 217.3463321865473 197
787.7085636860044 317.16673165036633 57
157.17257236777016 478.926211752534 155
712.2189859156558 996.6705519099713 162
461.5050122129322 194.21847662962466 24
66.86192462880425 70.28442510654453 440
649.9228482069918 19.57500349141561 313
652.2502026363362 886.1253103494676 156
990.890769875123 291.8462645312171 982
805.9567421784127 613.0696346470398 469
915.8266341459776 43.05489687415953 76
36.24846013661265 475.1232414344674 956
276.1692755387093 633.2329079566323 616
194.9113438579767 427.40308300291343 277
962.6942175247237 658.9059318977362 68
582.6087866998946 48.295272595841766 89
549.7517412689697 696.7185913571528 458
635.725246682873 730.6188892415278 615
251.74102788451512 158.5032727878055 519
220.05165817699034 557.9294427488736 189
246.91717287631633 340.5949734606991 296
114.5613383027555 263.2801450031735 712
468.25267407452253 85.0196532685118 759
392.28473284748276 114.48838436002984 673
523.0095538193168 570.7945882258239 253
929.536350340635 495.00619161887585 106
780.5769658894139 57.48695542360649 333
30.590913046325884 256.9661351656467 647
698.5013364524356 830.6345691182469 945
148.11143637935965 568.7459336162395 438
648.5443364964037 107.40092601168661 310
498.30008335636154 974.2129924055529 758
63.617847774047554 42.8818512163589 839
542.6370060807566 528.4572449842325 28
100.69514803031888 166.3196465981094 424
786.7758610822366 690.270456373349 591
972.5163211734681 806.8311201808144 18
109.04823455886014 402.21099805292016 198
342.33409529009174 896.198918165971 658
910.000840192617 695.1675668110952 946
874.036694196787 688.3590427529234 765
550.3465867062573 2.1462825281793885 626
486.66886010952237 151.08331001445896 50
211.66642851743867 29.4494670091775 759
172.67407636928368 774.4608541832076 672
281.8620570051814 151.98558973845434 632
175.4877156922996 940.6824649234162 821
687.9025009602744 332.8320349989573 169
35.26974067940325 936.9450254911998 166
375.8845871223071 932.5039844391591 859
11.900746864668022 579.9532908602234 718
152.57096185222306 300.11787783877617 961
275.5922150198306 319.6900823127029 548
665.8231006860943 465.3278126952155 420
915.0474441835024 567.6840861009482 146
497.40105930803867 997.9676228878428 186
283.43880179372826 670.877501798474 734
676.4348267774415 644.2001310668267 319
976.3277083192701 537.204831308532 147
434.1950419181704 910.6346818280726 28
593.546119992792 831.8339901468297 151
376.0762260293049 74.6260250381231 84
297.4777864960617 27.118966832316403 543
182.18438731854536 526.6178992995139 306
242.9508203831532 742.0399123258562 68
908.3770515489009 128.60764714232943 625
13.681643681808797 447.96369530237735 9
404.0320192419247 628.2435755756044 755
605.5002929410518 664.85358184905 409
522.665166709587 134.72807282850675 97
641.4221712786136 251.92623182410722 931
324.28676500286144 310.30261112788105 334
550.7430388202647 933.6823190702612 429
331.97912024710473 868.8392150099394 923
944.3422992070348 923.3238784838704 109
441.8116029637328 861.068018981105 362
595.3936511349879 852.3642827618751 686
738.6463340378986 921.2033576131955 707
51.847056027533036 938.194222706198 526
115.91748516226453 850.4648557153308 206
199.73775475007704 252.26440359601932 779
562.068596132939 465.80171679906545 432
378.98168191264546 977.5568587892899 864
350.9604960183394 912.0267571575029 458
340.91916634077256 133.9208533925621 707
579.7630552662307 532.6180186214997 164
938.1767462521836 673.7306994320111 98
816.088536612183 566.3099481579462 681
60.60032694186379 465.39535740069306 927
392.1014746923287 482.75139203386476 456
852.0270400250436 989.0255855900332 581
926.3495438075479 32.895577765038595 230
504.30819820189697 563.8120476111627 506
759.6912409917179 743.3291571192619 873
646.9878297348924 601.3066001717027 327
462.8199035779483 583.0425819225117 878
846.0897389992308 430.3023417896179 243
694.631200402102 28.316921632303927 284
968.4580132212628 549.5505975124944 967
282.20654700651795 531.4891516840454 60
721.5095119662415 706.1105659968408 615
414.10873226131986 338.7127652505252 1000
541.9678640438425 629.6352508330481 867
676.8642931215717 479.2661287123041 581
446.4658986333571 286.7548584721035 674
889.9623455427756 907.6099491266467 613
744.3073065284095 909.9033489470555 642
949.2825005556617 106.76841888344879 171
631.4491231085376 76.21417734331115 776
308.45289837449417 244.3102477792476 671
318.2018428042681 140.216137849147 374
844.5975589318859 319.48093739858507 154
191.47609216716498 6.008889197178124 178
772.6149445660906 245.2397096402906 330
110.76747333154002 342.5867383188279 71
392.6572272565594 402.65875818359154 566
746.9924183676089 50.80684352514708 707
454.09331620644133 445.44923276078094 83
528.7774098627814 681.91680232175 746
696.1035465488889 246.54583185024237 745
966.3890807120144 843.7878280343691 832
475.5296170488964 665.9244883732433 76
193.74035393569844 767.2961840593072 68
848.4376427707269 762.0054020072507 832
167.75256888231704 465.8311476481232 751
708.5509561384134 369.6742669649465 131
313.65093597161854 184.85865673201997 570
804.196642721877 886.7912392994375 374
517.3698013536913 33.53886376489778 384
295.931923284938 329.3979260555141 156
10.780523528811203 665.1047731212146 270
131.68900189317412 996.3633069856697 49
588.6816790996153 266.39261688470185 874
844.4496226107613 19.571406161969172 327
411.50831812841204 879.4174463927415 939
852.6689645082507 231.95203165812705 977
432.5136584414818 962.5746910178196 677
802.7968526892734 604.6854048643313 5
297.35696198209405 759.3158505157371 486
785.4879460825425 68.69795103301234 105
332.2365539430193 630.851599316201 773
720.5403842064858 869.1178662970575 453
328.53537603298986 618.5268961086481 312
233.45818736160894 378.9879718224568 458
57.612863969179195 983.6601058796103 592
749.1473788907794 220.80565323965195 315
127.98697707466722 93.23280853532945 888
917.0763904423438 714.334546095624 432
560.4194992114052 754.1646196887112 623
376.24648646714587 33.19954542986525 544
696.0572663193765 918.7340537134723 718
976.0507616778553 205.3143609747544 882
224.45700617567954 889.2355046033061 704
538.981187940946 314.26070582831403 528
99.6413223517656 84.84940963574927 602
404.7377259106989 766.247827383415 348
306.9572380312381 955.007535303319 643
613.4816557471356 148.43746731373088 581
912.5082990644581 532.149714807093 137
188.01364765627403 638.9987699246499 168
417.91705179209606 866.3495302686914 703
165.15097959789927 151.56684794727659 275
848.3538685040934 730.1119715619973 742
902.4204467053307 261.8037927693475 17
962.7617490238031 496.9903189112093 726
928.5543129797536 338.7288683140043 473
925.725132829729 674.8953574502502 276
442.55559259392805 711.7690483924624 169
422.0677316954817 191.15795155337668 607
201.5815521426335 970.9272105051599 936
140.8746906763374 440.47735512884043 633
621.7794935181452 327.975728229387 624
469.8607296031208 214.67940088975402 121
157.47093955550494 582.2825019979662 106
283.49734774113267 627.7185006784464 171
962.323859062582 638.0978326750786 668
86.74023593158864 352.2665531461154 536
168.2872365381999 810.8124627012949 978
369.00216756132664 308.1405796386294 226
205.00252149490882 905.3529129689475 249
853.6815450544759 299.9333120860761 42
764.292296417402 583.4830627991637 193
1.9311018650768341 22.216425235802582 320
186.91038207619448 222.19305243618481 811
80.6171438590475 226.35027894036386 956
554.8839961566347 55.02295172033311 158
88.48684092840597 862.4193981079438 828
895.689063835815 389.6065604858381 859
12.098041346157885 860.9262939436366 372
546.4695279409325 177.61575082809844 846
130.67316783207272 916.5636686543374 935
4.294839556510999 20.34278349257679 619
567.0270946181344 676.439488377961 352
109.74641607850144 417.3641097010861 324
835.8807693673473 614.3162521868483 960
524.0246987504345 3.9744054880316293 740
646.9893016830761 772.8196598177817 105
609.8828726529495 306.46386754563105 576
305.98850232248765 927.6073045049957 288
414.41679083931706 501.8322744932019 236
283.6712653601674 807.6250414919539 616
970.9526904148206 405.1419230334874 239
267.53538645044074 627.5201810379796 631
923.3475205059503 15.667626917182155 365
589.1365086499641 377.1422620909149 845
837.9724896768237 676.2018037594053 721
444.3424744715885 571.627194701236 808
64.5530533338039 203.0267196902942 721
852.5568667542393 19.1251588961433 59
777.8951639484181 120.14539406710468 643
340.003698693508 543.9779298866354 869
630.6613600335503 381.6750265740597 171
661.3112205143221 65.08694386693602 843
57.079629242132725 693.1172977686593 456
596.9375587237146 335.11884672599746 226
950.2221782893447 69.20503470962159 7
417.9737185316299 103.77017628738028 212
209.74787812337547 685.6519281293615 218
208.073666524776 890.5841539080307 692
750.921334154347 57.08744050818426 732
777.136006891454 386.0818368110567 816
432.8383202679725 208.15143591134898 496
102.13977453657152 306.9771522676858 759
191.3670294466413 565.7418490329145 969
801.812778260832 857.5409262514223 21
509.90357092584406 801.6154653013868 269
90.51151542545877 683.3947966840805 496
661.7180219572683 454.7432841957927 818
926.4681618855008 568.0465155361877 21
628.7042869045046 233.3740773682196 982
751.8268783622783 941.8391318220482 8
118.91954312768927 583.1026977507141 125
496.17333762363967 533.5165870735394 329
383.3616340775162 185.34216320776943 802
349.1076862452711 660.0830408150966 177
263.7163690051286 613.934222017719 57
411.3572630993072 190.16279042641025 277
362.28614933942004 463.8103539175399 707
596.2308350400796 946.5184965809628 786
874.3087778012409 766.8222422131702 269
753.6381983341441 406.9825236552285 650
160.13202892633836 910.2801386715516 73
253.06692541591923 627.7507093139443 520
11.533246195770896 468.0798058449029 631
91.93573431415724 110.38879937474111 170
379.6024200242025 523.68102623933 885
28.877989741387445 174.28560127838168 991
417.7464002359035 932.2312429817398 523
687.8071898080537 515.4124973465865 67
266.45541488053107 967.6014569528206 344
951.990401261479 108.18015406277648 346
281.31195112066223 524.5131454519818 368
663.4978063100937 434.1308210615993 941
961.6343130365158 528.1979434979451 609
67.41607695917695 135.62098176048244 447
628.8000512800802 134.2920300875531 121
975.4294604096482 696.9409107751547 20
943.7722022164392 497.6152878358573 847
259.38130871061225 283.6336048553727 475
111.38942244194472 826.0088981982088 258
698.4077333090625 557.8982326323122 204
873.5439921461092 351.30547047831527 553
804.4552442911131 610.3534912175129 584
371.3557372329014 959.3231589184303 499
571.6146999785045 452.7712332249092 924
890.7724263197632 183.14404427436781 971
46.54187339130866 4.313750817537598 191
383.3772872380722 752.5025171881766 872
119.73777244094475 721.0482339268046 339
464.1751571835484 210.70055626402717 885
103.08522064169556 768.487249928208 261
219.65185466811488 388.8598742932999 438
38.79190553772205 287.49418635180393 236
874.8556815706158 229.69078305200264 456
140.21097235274237 828.0017250284981 404
810.4800608140791 530.2961804358723 265
996.4420852706482 69.97963908435223 74
701.319442150239 614.227761311707 370
836.2890541507405 347.83525277560847 871
598.8344694471997 734.6306785599718 397
689.3651020710333 352.363526718809 944
696.2892340026686 127.30557785759066 726
953.321781017414 983.9953223912422 744
668.7894128610808 472.5196891361515 298
757.6914782285714 363.99694181320683 393
942.8258776924515 625.9916940791378 126
884.1679359923903 915.7149664732345 718
379.48202457015725 292.8052971721477 483
158.02294382516956 612.0517881822307 796
233.16053935686776 210.25414324234282 596
434.1106570048188 908.4772798506684 547
677.520803222023 537.9187164378278 118
779.9109284333183 815.1810574865441 959
236.5079401358795 963.6684681919907 553
262.25679346927535 906.8656621561303 43
689.7191898122367 743.4239551346049 46
910.7123268478455 612.9526900261834 950
835.399249649454 960.9103602072497 780
511.28005252796385 211.0630337515511 479
964.4668530626021 438.0122737037971 797
928.0621273964251 81.48043583446085 939
551.4458048809204 973.5255836732706 370
771.4003757696785 192.92367509787755 159
650.0355863965738 239.5120389418871 958
301.3763621927855 384.3893029034588 509
64.09603795153352 834.5463389706083 607
605.7399526380237 911.8680468880266 150
351.81276993417254 491.0449982105567 545
723.0117565841875 5.94109260481912 820
862.8022895253075 643.556680852339 888
969.0785565993685 656.510786240902 2
295.23646909393085 415.6737135838068 202
232.13038154130405 930.5332455343915 814
319.9032646604155 862.7362922193313 292
842.308750408243 185.84287931034936 113
117.4758452165251 295.9010896886416 747
563.3532401557042 498.36548960786143 406
309.9439826473305 930.2290057279981 683
62.22529056067516 58.04992758681637 986
329.6276342918684 194.60749761453576 178
712.9725264413997 414.25584160531446 873
396.76897892066086 595.2361153619928 4
