201.26195108467172 896.943705836649 228
758.6553170415177 465.68582732096905 33
775.4406268053613 476.39763707745817 204
514.8106878441524 298.55931689974113 474
403.2151518193795 614.0071952385505 518
555.9055255049668 657.535826646036 781
959.1962735922123 91.55785904472691 338
383.5201459741008 659.5443287988139 152
907.2461015468751 395.93633931563176 708
112.78881751717707 337.18173524589344 489
598.9771544242577 152.3356901925902 140
677.5814745633302 340.96354986465207 80
378.37211948462203 803.2132924250807 142
909.8795599338955 884.6081984686175 333
84.06506077011045 5.353011055771906 430
529.8196727176685 55.206264359007776 917
601.9687698465575 803.8562217580285 328
17.43139503871194 189.39104263696916 999
667.0755553875418 392.52459846731426 388
493.41627198522673 447.57528060595985 329
273.7971555623815 398.4192522680746 332
948.81044343059 22.695065978665884 770
673.0707385568267 20.70332991680701 116
957.0253008022448 388.09401829966106 246
329.65755582307565 395.814104552112 122
982.0384445685867 225.6061857453473 798
246.0275691593823 973.8637577355144 385
858.032328694352 788.4299341697231 405
466.41082606930553 931.4319103511851 996
481.2491698546294 556.0451538881799 954
23.221727349565068 882.3199349460382 876
504.7220749616743 122.00137310417813 30
981.9884809906338 479.98425403835677 267
461.78959944316466 675.9034805405155 947
515.9188848487295 798.4893656560022 115
877.7674509609388 277.6918199694026 23
744.6064528711493 162.66873833733086 680
699.2402780453858 753.9363763569265 310
779.2534169043944 705.7246293365506 8
480.6369012600271 631.173018636861 65
969.1336399446366 212.49213729690507 25
224.65651156645882 756.2437837200544 730
242.53437595147363 961.0273090396981 883
4.489495191019599 727.9076463596496 874
452.5407531858201 562.1776468006583 552
308.2113969768726 487.40422778740265 620
64.00973141259614 27.195625666293523 219
120.72448868838359 697.544508648394 207
918.6794654680588 107.96318991257858 22
372.10904983067473 403.0382752390361 82
858.6510556113466 115.7973876780981 679
261.8554960398216 22.00364279463407 365
825.7611776883389 518.4858519970343 660
897.3784314856206 882.0303737946367 485
835.5726716337774 646.0346312595311 933
379.6032912754058 990.1879026676414 17
485.8361296186333 617.0196442877344 757
64.1587010111483 63.34128819723828 151
593.7454032543875 956.9932609417968 925
128.98506990356594 532.4586569010588 103
964.649396080343 278.96115365229934 8
317.1219757754755 974.4668311050683 813
765.3933985007471 515.4534725460132 893
85.27299038091097 795.4132725481393 697
930.2460195041377 467.4712871472653 237
134.31448626901022 734.0182117346634 86
982.8223852975891 157.9272794084563 351
479.75122262205025 964.5915907029381 769
798.401795387771 176.46865657199106 480
329.7585345022427 457.67727268843726 452
909.9654213799662 611.6165344418627 427
114.29566352468767 805.3633384432 542
983.1892419201636 106.36940716614008 660
296.31247342943215 515.2608864358402 533
863.0561883010463 320.8689603698379 602
103.24950617099648 994.5425881851571 527
771.8954851823297 32.96951428594974 689
238.84716956679307 151.9729585409052 237
46.84395982651668 773.1959162131407 745
358.955721408762 386.36270849341156 887
583.3896586897462 49.99608257090959 241
959.8533390849714 767.9300950798188 262
223.33992050563378 115.71105487554412 6
31.60112269278148 419.31011506409453 194
244.45324392883361 136.03406664811914 594
480.7908820418959 475.14785789300385 697
533.0446168945116 381.51407023701546 536
491.96530696744844 767.9993448517308 255
190.27941228430788 931.2747545606416 804
623.8503705486909 91.34560092132271 693
182.77023709109207 76.94440233184375 730
546.3849062768204 669.6631784015586 608
501.50927499120945 844.0394009512098 719
317.9962493062758 846.6731393045086 668
885.894568837771 867.224522025043 779
894.1230355008547 553.9542642707227 989
199.91223513977607 240.39715872353196 826
733.2450437074571 801.1960670968924 721
984.0898259287454 864.7012499917233 549
283.8881022199594 881.5866800047422 18
498.98603497190743 380.2271676168828 376
107.62752404440967 508.9535687155765 772
70.74731283379253 647.8938800513965 311
155.1378167853822 629.4258262714812 73
833.4223833216104 86.74824963331751 984
265.64863373974424 361.9894284327356 809
956.6806848932889 805.1295782058231 507
468.46616005708455 97.1262687963067 189
284.3343198167284 223.26644438872768 74
462.78983023493134 608.1081444656833 869
739.2762736657918 122.1282655008532 17
549.7498077825504 962.0684133850206 221
513.7001587251876 771.0448838182097 204
417.66394264420046 813.5952110206684 889
949.6718704148198 868.1146431817965 115
961.4069534524468 623.9851125860935 655
84.17589207831955 878.9806186591206 648
771.6104881473974 434.63301852094605 699
530.2318758187758 355.3195002682802 207
84.2942315272438 345.92704153197917 684
570.2615257554414 381.45412024065297 563
516.417528698658 925.7774234197134 815
105.02039236128424 391.82138258915865 992
78.5019207869514 815.029450272607 276
526.2528991160143 563.3774552530087 173
108.37803208363795 760.0492629107664 346
856.1423167704334 317.99219310675034 438
830.856938209453 421.5472059763169 102
460.7608451158202 790.3754652952963 145
816.2433985127522 993.2667014324736 239
821.4517380298781 938.766578930011 765
80.85810833322083 268.9179444323151 214
95.24617796310841 441.0408417521051 82
495.69547647815983 932.8008239641076 979
357.61752841861505 8.682615121504034 615
914.2472869004183 612.5659342810293 23
406.7088492201885 814.9990630834749 954
885.273268938243 87.29957191184656 792
320.31130015885736 292.6228608965883 918
890.7855499013716 521.6473720108106 662
476.0206091362015 433.74067337555886 885
250.3798412214635 394.2105496207623 892
184.08075069250808 196.88202599702953 845
614.5904746863152 369.83244661543057 904
841.2545166500233 147.48421512924358 569
334.06780834820916 787.8955783335294 500
708.2255439011319 390.53537624571567 297
774.8724741027745 17.866478744035575 179
227.52800327713453 133.87821379602204 500
456.14582862076935 152.52552352486092 527
534.4209734940877 127.78233115288006 421
175.41721076712813 973.5900199382346 326
7.748187370357318 248.08286056093775 839
568.5403982801234 374.7288516692533 742
746.2882843123209 785.9292687692184 267
398.1481249089752 852.190697544212 272
994.8916959899237 794.9972233312726 654
918.9526448653695 690.7226021098807 310
91.00755278084105 986.1740489368074 219
862.6300663547527 529.5869422387113 904
117.3161290556437 168.26652786475415 778
534.1643864577508 595.3283269385672 80
179.39950026315344 734.9676513619106 411
989.0926445841716 836.6507936927619 217
96.4605297659119 427.0305265959119 534
84.96744970878977 533.3964039746919 153
780.7612244254536 249.99927328281447 29
659.7525346699972 91.52631167788017 206
269.62468652769144 176.53525671918467 819
210.2557368620803 840.9929737647074 648
529.8249015916447 467.6449623035491 140
394.6156549431529 432.69747453598785 607
372.91624516426424 813.0041318416052 798
827.4268584582695 37.40767841954706 429
496.8355292801143 546.9415178649087 948
749.6973222435515 199.36896517327452 521
977.4039144653328 542.6341268009697 953
800.9743127906191 497.1554297666717 272
880.7319939969633 289.7179315756776 509
60.06545204010849 13.785334764150225 364
561.3285129501079 58.33246344916554 289
373.5944928247086 29.230207329485445 571
580.0398160217021 261.0212404455667 811
613.7461997195089 95.20716008391328 711
561.875264215736 1.417421151306053 367
107.8235451991768 410.5622790207185 998
872.5743447365143 771.5636815392534 939
636.4777477456195 907.6978532362382 225
754.2393212479578 946.5843279736836 478
682.2312547706545 204.9997162400178 19
968.4860870353006 545.3426310487646 398
713.2134459834017 93.23088583426464 881
433.44882243497227 155.7760946128337 163
956.1787341884002 791.7291878791829 191
327.33823152291166 892.975423494641 74
33.1487882172754 323.6040036254745 362
855.8099552956965 425.6839928641686 378
907.5990304540571 676.5684967796609 524
862.5237934012407 461.05106387549364 864
43.70170290587316 176.7639137678001 966
617.6068634124307 335.9909151625412 715
870.7725749077488 152.49359695246557 66
386.7246081024576 579.5420264154891 321
719.0078275805506 492.38844853480737 409
712.805054398199 712.3406443881463 88
414.27496086816086 928.9835270604533 399
711.8961810895771 39.08970703587944 69
122.33710076309879 509.9768398363692 549
427.7965596637213 508.15657943344274 297
174.2294626391345 582.3595469289318 758
341.9422875725072 133.6041023493323 859
100.43947600124869 777.2728283742017 948
231.05774413368874 808.6162290083881 626
264.52395652434615 433.38118145045735 872
82.77673241319472 722.5144638658493 962
847.3988459107778 47.59374494989055 653
165.0137097658011 871.5027629220195 407
451.76293075093156 932.8709148245928 563
352.9107778993841 966.8273502076825 594
965.5311463010776 838.0038593016282 498
196.34707563347052 931.1144508933321 236
431.24085745869456 617.7808559580211 157
64.42333048073168 447.1818646691458 756
69.99045069789544 637.6026603648176 50
730.1818781918339 522.3200935800043 430
239.0015101093611 230.54720793801454 936
876.6571705898551 784.4381407682903 586
720.3318622942908 947.7653593014658 369
4.726498964531367 95.86447139106369 335
83.07303937856037 972.2640784537491 445
279.47114090348026 282.52767668482346 326
240.72824775671086 589.8792312619374 795
212.01128276543358 685.7129700542409 553
669.1820584648788 849.5211133560471 780
563.5648990436316 469.4378691615785 829
463.8995591554295 666.7115783153903 843
555.1246423887184 105.30414964621693 153
612.5920110648955 645.100205406269 90
178.9936102891121 670.2604932228535 84
380.5604403097803 508.9777430951744 385
976.99986781308 210.9825323103265 252
95.52180837396584 806.1614125142579 815
527.5409296785364 641.0584647429287 722
949.453574028429 219.34879754554336 481
555.8385708310943 473.8111172484227 301
60.72235850692298 344.60514405105437 936
843.5597534832042 180.55505250792814 486
741.6913166901971 811.7510654249729 521
909.9142022214573 913.62174161233 688
715.7700416580791 889.902309875079 390
493.9200099405596 561.9476035880568 829
686.6642612392229 499.7560646332686 901
18.109457380612092 756.5613799124764 849
995.9904407185253 201.53514328765755 874
197.16411209588702 896.26295660711 753
44.071178162404244 267.2001159521296 589
927.6503044405965 303.26529358969844 196
865.5082171625547 152.199594753493 424
874.8895920229386 83.19772211854382 139
992.2546800695518 152.68629548501733 662
286.35163479179914 865.3899369607254 821
887.3141330749476 898.2408185036502 546
371.3066821690012 969.4637082717464 350
698.2744467225465 466.2643421458207 982
652.8607265370938 452.0725781592971 347
143.00986459243015 265.21223155881245 762
286.4742568691602 358.77312787132234 103
389.4811701758473 396.2617494096116 384
762.2335645448024 655.5558706766786 638
707.2698878406059 563.5584737019655 389
926.499847045034 87.74167456123583 808
822.7041327570225 708.2411760781667 450
843.8239684730296 145.89042422570398 399
62.25643312330975 175.40296944120348 115
415.5815324625889 434.80412022336355 846
93.28615703737275 563.9515811451173 129
747.4750870087811 535.3461992189549 110
736.2498244053841 945.9142260934843 961
109.87630921668779 940.7151493915784 750
168.90862567795284 345.8223150826978 729
984.31086006275 909.4740464072574 147
135.13478419435265 843.5113221351098 181
760.4078833335742 693.2983073685434 40
676.5572962864327 597.6889465395973 451
57.59331735109263 444.1856886424077 683
592.9038801730105 981.6305402177251 654
329.8647254581615 535.1176146839756 560
944.0549597745232 509.51450231322417 430
488.9873651074296 747.4606878174386 122
925.4563236153556 126.36569494045735 190
145.67157372709306 503.8936113366721 991
901.7502479366971 690.5647385653081 331
869.1246791388155 64.32002306295892 370
336.8593207549281 407.0043091239447 486
338.42168895230185 767.7078911886827 428
430.33251629397853 969.6118489521378 897
620.3316585922865 838.7626671745456 767
947.3406721287153 419.2257678960072 51
9.127197546788924 881.3883729369178 904
62.417052137297205 451.05034230102757 880
106.27824291882948 203.26255623461563 940
822.6797508160067 618.5773990965133 176
38.00870649003085 492.5763655447497 809
51.0350287017235 282.79018840367854 63
538.84015656153 78.17658689288587 292
896.445419384697 695.1863531472321 628
265.3768908221157 193.19802295239163 690
853.3119775056692 33.86164223465482 157
781.6040700111872 671.9281336295011 76
891.2904163998977 341.5491606467506 338
981.1504986968827 905.0470244577999 776
531.9310571148372 847.2706665145284 600
330.12898405811706 434.2564975209051 106
206.97383265046508 56.00693061858153 873
129.02743575732623 823.6650492213779 174
141.2936012591579 515.4867472958572 790
508.40510930100123 336.2902820251872 630
765.7579904061873 557.3730814075406 605
84.8601521296315 91.98525622762399 819
26.57620093015023 143.29066654981392 893
968.5100856157918 420.5727133445578 342
359.2587962862026 604.9692528170215 165
419.51510717014827 750.3554873372175 481
339.8183919233343 618.1667358660426 454
381.54896656652784 886.3906085207226 816
541.1052563668762 777.9056660749418 660
415.66261463924945 500.97142479795275 601
648.0581232113727 708.2486344678632 652
361.49035065643295 667.018494659503 371
209.63943841184084 583.7377637583869 622
203.4172832555723 824.6243139481945 697
280.7702551569331 691.1102308476368 710
255.56685988934825 787.3763040716156 744
12.092038442123254 652.4559742212476 17
395.97218772593226 19.049231544527867 233
61.200637775994046 586.889512420304 110
468.5260958687656 238.4463465762937 893
766.7088169794193 342.1426550405785 902
244.75834839627075 364.180915022003 681
95.89788351833195 518.0091695238177 862
876.654353774698 903.5496540339556 725
80.14256362689164 606.8429142656599 321
501.06817572256233 953.7879859419342 132
19.18749098695105 308.98685389628935 24
963.4386279440254 536.3337180473146 172
318.72034289522634 551.8576023313059 381
13.38058360090255 617.2421198463846 653
527.5355148755557 663.9018190990746 437
364.3726028907791 922.2939109905924 997
802.621297939889 386.9523468868993 398
159.79153891706522 670.0743521209632 284
412.57009514192475 259.58536356029936 8
233.4794003203342 828.8202444179436 727
363.19667497329567 895.2192207522006 675
324.59222964878467 481.790965052842 473
909.1654048612211 153.86184918871393 8
68.34213958283186 716.5026240228309 100
243.8594010268873 956.2429325871198 84
189.10162172726564 368.60940262846566 675
543.3014454827949 149.0555967738666 612
505.2403289947864 298.89456770153953 879
218.8957360103957 220.56949542484082 74
961.5394074050732 458.993943017753 845
442.2120929854738 470.7112888770583 993
139.97590510623948 619.1212056068312 906
719.6527023567033 518.5458631572741 244
819.0733909146891 231.02207513619777 208
951.4991771346095 89.48332109787938 42
339.7711702371473 167.50903883095202 924
528.834099801195 29.106228047416472 135
79.77395122698394 463.95983264731234 56
560.060566200904 937.6234868329656 451
163.84273672633242 813.948949584631 236
275.4133397419086 158.94463759915945 547
861.588207619338 82.53836156159954 750
680.3473708599952 563.1994999514143 57
158.19515288220998 908.7550434389516 716
91.67597330519905 615.4142328939603 867
643.400330958609 816.4547244188835 694
187.0534098959883 936.547505866231 359
235.64962087502096 188.47769908937428 283
307.0895114222054 584.2850213843482 809
563.6276876338407 586.7369783287111 569
842.6875754022473 179.06591418742968 345
159.12074402885358 505.1644489496733 78
519.7973222140699 722.9623686011757 293
439.3385621142861 592.3309735652609 438
345.51169933388735 772.0149300024852 547
465.88808324128814 59.08291633670804 767
389.5786635906276 971.8788528670193 846
11.505714826948621 994.5435389871404 251
966.6128271918125 757.5348088688619 946
264.28606686535096 693.412639160167 980
349.59708257224986 929.0040459704328 855
438.1458863929887 694.2577161562986 450
451.40862507857827 124.17423020070895 124
597.4641701291508 9.278644885285514 240
403.5765518214347 149.27251669396736 535
755.9001088445218 579.8752306721371 407
404.90044209820263 519.7488428110747 733
65.59705271925709 486.7578926025535 328
506.2259944119664 572.3975961732517 614
988.0178767649383 151.30332614858267 694
266.21354078467 413.67475398466314 627
654.7445868785054 828.2659543208655 781
318.2759622543127 515.8228566632667 759
720.9907108710637 542.422898711631 523
632.926434236179 764.4151511710659 837
660.9125529053024 558.7365264221685 232
623.9465343377092 228.06929426412702 755
255.1830560022943 405.73386905583953 813
543.7206151696297 539.7400797436918 832
93.90745443603987 448.12020415854323 356
871.4446857881899 936.4022894667474 633
711.3863441037627 533.2719484752271 310
355.6450229209347 31.467067009945836 112
332.6468252467313 772.4605264146328 492
334.280111050804 522.3544562992357 407
603.3419103241202 659.282622736218 460
552.9994464836043 692.1539700225778 468
748.1355883690294 134.97037632990595 506
663.1510890328406 879.412655321632 440
186.53445969278926 294.06861551865626 775
779.4329837816447 965.7826605260151 505
185.52694704966777 925.0522139243063 359
640.8337166921796 942.9584814997204 784
411.2912179201007 874.538323511383 123
242.57219781119767 469.1551722135627 410
89.83497295239695 718.2787551062252 584
512.4574960453205 133.07802713178017 69
419.1071832424931 267.8033611964643 894
450.7631349792879 504.83781059659896 333
75.14337855238095 65.06085084408974 277
521.5396697331623 871.035964958134 590
565.950279850847 273.6042477807707 240
18.80573490037163 95.78975431802749 45
23.3520659482801 491.6463344151457 995
599.265101082935 458.9407997623649 4
716.1397499196222 657.7074864143057 954
450.141211242715 448.0970831479957 487
650.8098676099919 58.4471786013383 569
474.350132039269 173.1782941342229 742
548.4872600748075 416.7214179405022 997
611.2589874362864 155.71740258365907 485
236.33131729309832 640.976489954347 32
572.7581623200896 175.951294259034 762
625.5276255738877 93.55409868613995 862
390.6213478692887 539.4665585972258 816
250.26867949571252 650.1447321242833 640
632.3168432358252 408.1806450867533 221
104.16877973259564 955.529030584326 567
619.3874518310564 676.350779221942 778
537.5638272292757 207.6372003279263 456
972.7095925214342 253.97478490238046 167
973.3236883855861 238.24240052371238 44
936.4046816233456 214.84757708856063 583
175.5103835535532 670.9176027998715 885
617.7529111249003 16.14149853716407 591
672.6062497968621 531.1827440717617 52
527.2083337626374 719.2126477946014 492
471.3262316778412 323.0173656877788 953
910.3619235519371 874.8131319049754 860
769.7791063499808 870.4733461078087 667
943.3054324455237 496.4986344457765 387
436.8611814020695 825.1343036611372 230
940.3135982060287 687.5201361605971 275
502.7027769152039 170.13556319250466 421
656.4059209756562 296.7234719731239 270
103.82192011243086 240.7363927813808 780
675.11075701428 363.7369040953374 615
658.6517432470631 745.8187786714464 850
356.5938231770679 441.2713937336743 820
468.61217114512823 982.0660122764921 61
421.15060183066265 923.861162876092 405
210.5591973926444 706.1843197173777 228
578.6521708442431 957.5935835802823 7
672.7405706342508 346.2113852294877 160
943.6038458505221 892.1316928426749 115
818.9684400842301 339.6102393531177 978
859.5187082788815 440.1411819507295 79
110.24151289121443 376.96857640055373 440
301.07532837453346 342.3970754936986 19
968.0749281698353 138.33452243603716 226
446.04844899017684 945.3665656234 882
349.9387284192759 897.8896786567956 825
261.34055430664426 453.3269211555235 955
630.0638301414925 466.37046988373277 397
897.1632059491242 773.874806278191 275
251.969386933522 159.65410731933895 800
383.21159490612246 535.8477462783908 104
772.7668577547977 103.75362363990348 552
949.1237271344597 850.6915974001531 491
523.7616624909151 720.8726294650124 262
400.914578602927 904.0039392846614 797
860.8669597597739 407.0928741504377 792
613.6634144415663 145.68770089889637 417
376.02189823413033 840.7309944683473 256
504.3316155532348 950.0483589765635 333
397.64584541514193 170.95890211580854 528
480.8065614122693 805.9586110312096 882
910.3558025753506 58.94000495593921 459
614.6846172489185 657.300521540998 882
977.8185166393989 114.81529430477444 645
408.156808859124 101.27741898618503 119
941.4576814671525 473.05672677432443 476
125.60462343522339 576.8945623960758 462
125.81319572209293 176.8406269656183 870
549.1042090189887 954.3369556564685 256
244.97875544318492 500.196011124581 779
824.7192700651578 661.8361719030769 599
636.7523650078771 212.85522087626728 810
463.48377747328453 828.7060361662348 58
278.98965028918553 215.5816821904971 938
104.68468652037144 250.75041096967132 555
333.7639992430058 547.3365671952087 713
76.91423837059952 947.6870669500706 605
91.06727484796507 835.2153506870015 856
103.22418595708238 147.299375266003 204
542.8638011159562 289.9627939411656 642
2.708841726408062 821.6796848070786 422
418.12534416447625 289.64453228418364 629
40.010351723967055 948.9327662074477 643
80.45267905718478 531.5969649242577 658
67.04624276521109 418.5034896946797 262
707.8862537129536 452.67303708187836 538
709.1324293529573 925.97689486168 179
749.1768014689486 680.2854870135054 294
539.0946805470049 739.5099765162134 849
541.9275922705252 688.0644251359081 45
635.2558693305104 44.71521833746151 341
951.9025039110572 27.001988543358447 390
677.6115717486821 602.9894235897067 905
490.7504890118791 822.4392964833946 801
358.039115398467 515.9159428043773 837
238.55107955723275 509.14218649335805 929
254.78380911745035 367.3555492313095 997
360.4362580154985 900.1222363948295 276
787.2395695587581 543.2699862521383 642
216.54384655851334 743.0738707778606 872
352.41823200829225 768.4493638316557 138
870.6258154434712 475.8291622127465 307
255.81982290566486 309.6627899414076 407
288.9593986789849 720.3858177067855 797
256.667939083959 358.19004759891806 652
703.6251680965805 498.1338257408356 534
825.6571095967824 235.531561310103 412
139.05825017437533 743.1322762305989 917
890.1238190844384 960.0078765711639 585
123.55360930548365 656.7218885732497 10
383.2799877267167 124.02837950631418 845
698.0997062626 348.6140573558881 94
813.1784243991708 473.6663299187844 804
474.63582948225877 852.6066006199576 393
438.3774681411248 56.51420454761469 732
688.448524159901 853.153251844151 896
116.42773761805458 846.7317519278721 1000
561.6440614474249 687.6362852156642 5
602.9572052056373 150.30947658628534 749
248.20854508547464 763.9382968110718 321
637.7850958479587 980.9552916451593 713
732.6128410960282 230.61792287801964 208
326.564785539323 819.3293586946291 783
343.8714919603395 319.61338779616 896
5.6122236435286466 481.61339501754765 571
623.0196123176959 802.9067622683941 780
892.9978252957685 245.22096999063925 37
310.0670701166278 339.09961341887373 234
797.3956074140455 263.56373133627 111
366.16737733708715 258.6481968074965 718
328.01818415243446 300.1051617912548 603
899.7489041414992 13.722375601962211 648
934.5722387519662 938.7669287949977 558
114.5250827505453 253.62086121723738 839
859.5570546341471 679.4157470122798 779
30.25001361332702 952.8413265909861 568
712.9866361310941 846.4349595367988 119
986.5856996296313 380.96018713165336 86
83.86806214870334 84.54347686141949 800
528.9791608112143 175.72271945388619 881
574.985362190414 102.82760008678483 98
690.3645143835103 456.4466178055374 618
705.8033356742546 24.382300540309878 166
918.2508003789964 766.5845342592959 267
518.5027033930088 100.96508088756151 336
445.98963619685117 203.19013366911298 96
626.5084689314235 902.5402531342503 234
701.3587229431699 839.5635570558167 813
210.6988428613804 144.47951056134244 991
627.9799994020586 331.4173949400769 554
776.8062692766038 660.587809807381 72
873.2075117411351 61.93872667006195 512
552.5981900997876 690.4467484247374 184
379.4233270859462 262.3735962271684 118
652.7650384693699 778.0598787542166 215
181.80773676643923 141.21317383677356 454
966.5672159105146 207.30720854298602 715
823.2203163544248 428.1818561957187 37
109.32634110652562 952.4923987141198 401
910.4855046329487 110.3940619867586 968
368.72703216102485 224.86449044955347 360
926.3567181525095 464.89606471816427 51
204.97602715539008 107.57958914687482 42
484.53743147670383 396.8419559590971 292
721.9492041800883 533.0306501733373 312
114.9863685537491 571.3284857923452 941
913.0844784015154 488.6384714470229 87
524.0351954796495 957.9667185857043 635
720.1233094618626 95.58222271753358 101
559.2194302399256 546.6895852858568 129
10.908705395011875 978.3015727650578 402
312.0620696848134 186.8361522292483 178
126.55939699574104 598.7337279264044 294
500.0816237532457 417.7229634960188 430
244.58448447142777 942.3189806101508 63
575.0222011932602 62.96574495998364 511
454.74298526416845 98.67898759763894 653
158.48118601049467 322.10785045013057 599
431.845138071795 787.7081514765346 442
663.291948103766 893.7805272355349 561
515.1630369671 396.0009641708773 63
840.4802449409771 521.271566717262 491
564.0699743907761 291.04165634790724 398
350.70890843253164 867.6447829117849 896
841.7738604744828 589.5746416570273 851
317.4304824211334 125.39610063555972 71
240.57979590526534 88.3224130677931 719
526.0578204530025 276.8749845455376 62
546.8620599426331 222.701410817283 708
173.1786199897194 678.8027160534507 267
183.89144125109658 312.65530720090874 984
328.4539829604063 967.5586902879513 419
722.1412654788032 816.4885592667375 933
674.2087327188302 9.785879537931086 547
198.85295293152316 91.78670444413794 32
200.97566967502235 413.8462280415626 406
655.6008846811761 313.7934592880999 173
873.5992708351588 946.822667975287 701
425.9335807075114 191.11512555268328 397
845.4932106223084 51.580636055923 985
509.2140479165063 930.7174619821217 818
243.21971060356117 221.78924665738342 861
211.81487710824908 616.161128734655 611
580.3301454962924 358.1441092427907 80
371.2290853980601 599.0394385561555 663
348.9808802416459 34.51031260315007 568
359.37822312969956 206.3794910542146 487
544.7439526226264 819.7592664812914 125
827.0395326964075 972.6992091180879 977
431.9801926151566 155.8606123203452 442
324.3160105513955 328.7355523218386 259
901.552873313123 849.3684031033201 669
936.1396177153505 383.61209913199315 446
346.26643664721024 447.154533246656 884
815.967807434043 476.28590223942734 448
730.455185047135 496.10345747206566 604
510.32842311758276 841.2720854968297 668
884.1847518345734 100.74696231874003 380
717.9855733160651 78.89292837036498 647
563.9774279673757 724.2325300160996 890
330.21434885350163 917.9742873634048 985
698.3979941018055 270.47824606141756 767
502.224767203994 200.15303041899978 670
585.1430553713604 58.369376934419904 48
3.51284102166316 489.10059335056144 512
434.7744729778248 666.0052655759754 282
683.9328576345247 805.3834574451514 712
81.94688258632998 682.8305517272155 126
821.6833417392739 332.6833099545431 547
378.1999367066703 274.99671499813485 853
651.0306174435246 170.22699790141203 842
825.0146830973894 677.7126406675233 188
260.49850316270687 387.5539568174491 581
806.3027814695902 166.66316048253847 96
575.6374280375614 352.96119987151167 975
776.5254772592998 662.4269842673855 784
491.9623840103855 577.0412238405801 366
597.430378934468 460.6052399413098 217
704.6273993251981 137.3045358073548 174
217.50906336775444 946.3919914881928 16
3.0699337734196863 998.6934858545237 552
574.7223747137897 859.4760265184378 354
547.8981692982849 106.3231118684329 9
97.42784300944373 782.9294030504216 467
56.995685709791076 292.33536907773293 303
486.677534651213 203.6122956937809 960
431.772365136559 963.4578019380618 799
307.5053518024037 859.698833925467 890
756.7757322823967 717.010432141519 697
132.7581964198008 586.7518160337726 176
298.0026682928595 96.8517293909964 512
453.3637008899469 504.28358662462324 820
986.7357332455641 257.0535605619012 249
869.4045983923356 123.43865692509127 744
706.0518205434034 145.4001198732262 190
441.5023888990757 598.9309791220452 800
453.71152392905265 2.3380642810636454 420
692.1535453002058 603.3993565744913 318
651.9792829774451 782.2915523769869 198
791.9053131875805 781.7924708046387 74
902.9165382523513 786.8601491029898 105
538.2540728121868 71.35642583823609 833
249.36553879755786 209.40332642925043 522
498.3841150842958 629.5382048069156 134
258.3715945416258 609.3552106572107 281
439.0009426919904 762.204197007742 151
648.4109357192496 478.98589319418585 647
160.58391430081653 885.5760854004136 630
925.1878089118632 449.147053651032 200
570.7752160792859 800.8063816201891 545
230.87009189487162 663.5949831098164 278
48.53416977519676 725.3746475418322 486
348.2533490948224 696.652993876949 170
899.9093187356344 225.92358973068116 135
709.9299529010652 930.7654881513641 723
939.1687006020959 674.6411330574399 572
33.95732518363381 659.278762311472 978
884.6695436897187 412.70972469619613 53
563.4372800771486 836.2700644778064 223
716.381585182468 653.3868536297672 77
281.7668017934463 46.77204093183151 626
850.8105848945285 155.20250385457567 115
226.76144329799675 711.1416809647073 237
105.71477205575219 939.7403773281059 670
583.6331700489974 221.43056728114473 866
466.10091378826513 516.8919226996899 790
142.75697296627575 334.71050183357477 494
911.948780256284 22.014621092188435 493
579.5121321635463 444.8885174698078 547
571.6327306477643 434.409085003047 69
807.1331220713128 641.4027836079131 536
746.2114378478865 317.74359298959087 236
867.9248626492443 10.014414573291885 854
673.0841322527906 282.12162718174096 224
653.012374901294 520.5598349569877 341
749.0040743955034 384.99864170510824 95
854.6546620423752 917.5248432319937 215
824.2270807310908 456.3262113370464 153
429.20604786591645 680.0674200514262 196
863.0850331894653 374.6130960535569 140
605.0076872078188 305.17414779603934 485
779.4567052404383 274.55881383990356 856
409.80593394717226 431.46621779293406 286
568.3121523846931 773.9557604277622 545
766.9950043842263 990.6311055491402 55
809.8453534095552 184.4714686686082 292
341.2183139771217 663.8864774805066 399
153.9991697119495 788.2656790872768 871
955.6881631502727 759.0810119998772 796
571.8112175423602 155.61716252263724 929
866.2372616053244 355.438813021306 997
711.1255627417424 168.39056646275264 759
73.90155465525771 555.2949338221861 919
652.3975745935498 586.5209282409663 360
830.3578771599367 392.64555762033683 75
531.1792578113807 274.6742956199201 188
836.1169192647599 926.4522765518509 894
819.8689704203853 531.5185800875486 22
800.011740192339 402.51710524981553 434
304.3805813110424 651.9889489256053 420
338.1630169850619 168.17367400935845 20
901.3924325892725 396.5683128318207 504
427.1741559614097 392.4469709333378 329
307.67996934609675 279.5673046007514 872
73.72832732992096 675.3084111380988 785
258.413812455179 899.9071004956352 465
482.3802611215278 900.8116812580661 53
304.4250663325019 28.992576758612 110
276.0500326828538 499.09461005203013 748
209.56734026844393 656.98943109699 507
633.1634593178804 868.2363231476306 684
154.9416960098966 575.2003926070938 629
386.9555973955201 719.932787133016 34
144.00046051210757 312.44911108579976 804
18.543398308774606 345.17223547102174 44
818.7500372075109 288.2241722564319 268
674.7161690999881 240.6081479530432 280
353.9128325549831 561.2858443478149 153
800.5938662843898 685.1248407536801 760
767.2512603973586 588.7044925919183 687
13.641661475952027 983.097614725006 743
917.0896174806372 299.95493977859934 441
434.48909478847264 11.505482561583126 24
785.038473164735 515.8410321340154 637
371.4405023730356 35.102490738426305 940
744.7538797836963 739.257455290475 845
547.4715294665481 634.2201066367778 738
644.3917840519206 169.35927681569441 798
274.23624592405207 331.19798322282924 971
396.5647860266558 787.4954398327418 312
40.897323808680056 443.31630497131636 127
356.8048659036168 25.274627052576104 282
289.6985380587034 482.4463004155294 35
152.95230008132188 900.4386384228151 15
218.72269101285468 827.3788455560014 610
135.89534463153495 184.1543531677682 835
965.0886332887055 733.6148179921817 282
801.3780780090135 687.1898626070905 215
880.6953785935574 524.4450504528598 64
6.586530137813962 557.7984869965909 428
157.63611962212966 663.302497566685 208
117.23821860442163 183.1828641545551 19
680.8563296697706 645.519500206481 244
293.84288334109823 507.15739340420083 318
961.8006539877985 278.64362942871537 466
365.90490529608076 559.91527368531 162
652.499697601427 819.1102721446965 938
544.2889925418663 314.1598708685326 953
188.94867670561842 205.67558874194282 480
670.6554039540139 607.8657167138758 743
945.2443401361592 352.4767667762848 718
921.354839733893 803.8666339083305 273
170.12592047454012 658.4861747503852 321
427.73197338245274 926.349853350223 88
930.7701575731288 515.5080631777186 830
756.91922577381 70.41451634238393 10
654.1357673384492 394.8354018484693 211
210.6389857367509 479.889953738932 953
411.162895347619 128.51220378889826 585
463.92635819392615 136.16604463885585 512
699.0043820363421 975.1855357083923 89
538.465324485081 202.13476033471133 416
826.2511851818333 662.261042705133 484
135.1803629526317 990.5235315190386 385
985.5513369210136 593.0884991491206 27
498.53485925428186 70.9568766837092 953
614.4529164202003 629.4909544041851 947
271.34108998303407 836.8813476492037 64
510.79197706955625 956.8851205748576 73
884.8423698268064 60.60252723372961 450
714.7535364678971 481.6454777345467 1000
464.09080074346423 305.128314762216 638
487.58487008724427 926.4377714386736 246
521.9882571136183 498.80223938713374 521
328.87348920530525 223.46120619151478 422
235.22411143334566 478.429213934351 527
653.0129303391047 344.2370825846329 892
655.8092171466175 389.25642281142245 768
187.69415630629004 219.31934890692685 156
963.3611148388627 350.3544186888097 525
932.8981018903581 966.4947523188283 664
313.7789263533165 617.5941544332753 243
901.0351576280989 279.4202492962915 74
321.3300701246657 446.05702836867357 246
604.5091711797995 301.118875201156 327
49.47610297416261 918.309147086725 393
598.9524296178628 267.54439533364814 491
224.60407856725516 318.47684547569753 862
836.95183977277 245.44604357267775 377
834.6907480430041 455.30614275840344 266
359.0649843138098 961.6957624584892 49
857.5874503799296 711.7214606968585 993
427.02870448449016 920.7000806719415 83
467.9450510242922 681.6683957279065 425
804.6744378622905 543.8789682691971 996
498.99352648928783 226.5952293200445 78
434.73888065195246 920.2979563230391 490
401.1881156023116 485.496385469244 960
421.5906137681683 880.1703910527933 781
878.2693663693238 324.26277394786695 661
178.36531721664073 578.1492286752439 682
585.222695070929 955.3019997661498 408
255.70586470350577 360.282258451441 532
734.0718392186435 984.4799411813651 782
16.898238557564227 953.3263101105359 473
960.8502591224961 626.2698103637799 101
569.5296104818993 973.2558421127037 902
356.1681012292672 427.84911728704077 537
570.916605585332 863.0549344398183 344
883.5563963193139 905.5762353879599 602
600.4598302799898 370.24966171966787 220
593.5581132884008 977.4187006410565 954
944.7132984898116 992.3293908751126 122
422.53261574185507 980.287121982707 243
676.8933978432501 981.2787241850415 560
25.25661979076621 948.8650455918736 533
658.4372666878901 464.3600347365398 443
601.6861546352642 400.2642627831612 617
257.90021029864516 861.5490809609689 711
340.5900797745628 689.5727699207259 201
759.5841461280099 840.5644614602852 331
541.8845471585669 654.7224677456896 260
771.1512428139255 563.8954941388307 331
981.0240335530042 969.3662529535342 825
887.2544250870168 327.4296727676287 209
541.9516514678029 505.34424118864706 432
622.7219876300411 507.64489154721 467
106.4477799661897 630.1083545892542 859
799.4869690628301 637.1539289102249 94
740.2425081807849 696.3292468192706 167
597.7821588154148 441.60988685753534 399
415.6939700725355 19.32630340885155 253
452.6816638676081 242.3370409878851 309
708.3332920309973 469.4093871769832 474
309.0080297617561 117.5962283513714 549
399.5189344557477 70.70955145759483 832
213.64585102769152 235.19366702011035 806
452.8797508748088 128.4011329861553 186
586.069791813596 817.9473603566531 530
925.7103633003612 894.7265464964863 177
2.7020982303688212 409.58416701350484 725
754.6277993387514 566.3464206682013 737
439.9522572421017 488.0324095612233 736
738.645746781291 843.6237235861595 948
538.8693581493392 470.7122612114683 140
81.84726782706753 544.0486583320346 980
440.53427675824275 876.2871579590717 968
810.7316874819517 220.47773860696628 965
723.9022092169696 118.00497308787172 963
721.2677782927163 795.9947635970898 109
981.7350355229266 157.40927052777198 151
432.8938051584261 500.37059827086404 575
413.4925609730924 308.1430012634495 707
798.1785846081881 32.17500615819369 531
612.5533727702384 920.8045675173906 700
145.94021410382197 616.7778840127751 801
394.3360697729158 703.6748435617437 640
335.52391669940585 714.7126494112886 545
801.957049892783 269.26895932174824 784
680.472490512639 209.02103309538555 347
167.15020075298736 16.737294614635466 252
761.7337230180331 414.99401375407473 644
49.15203651514033 605.7915857286371 118
152.1482243780018 132.89144304072263 571
781.4398466936238 770.6491623425347 368
147.6889192361498 465.45473012957103 8
252.93468473254543 980.7645335676594 694
205.73897587561584 983.2312873181677 786
633.4478068197736 952.7551634338787 129
499.1846272056535 862.0176840376346 46
439.75820963994084 187.16130003185438 242
558.625400944581 796.6458356574603 367
618.456303244611 627.3439790033799 225
707.1933645227193 458.83588185356064 406
995.9586946296819 43.15994165667747 769
271.75530213490515 42.4660797107016 327
240.73674480013963 310.42238594430427 677
270.8523754218587 259.0098978890967 880
898.7918741945017 876.7594803690769 40
206.5324692791386 202.2614170198769 631
634.5762651732715 5.404885883240507 207
973.3021007123017 953.4510363555843 189
379.3811302084659 768.1837592359957 395
19.57720495454518 41.42556533889863 87
738.3977992157683 654.0972571799783 537
625.6954665894671 722.1530017585665 980
334.78402973826746 960.3905452227864 318
820.6886903529635 171.89719666898273 531
901.5027601054688 686.1424127150561 864
56.958098388666386 533.5693664143517 928
828.9815451478448 598.4903595385698 253
360.69478725155534 553.2781288840184 538
172.89975026233728 557.5772452555002 244
949.8345967530008 346.7127418157476 750
268.42152247090945 351.2720544634714 101
818.5585821237255 924.7703467609125 885
694.6912818805029 611.5663588635588 18
6.162136067147217 124.81883472843936 429
929.6661064740141 624.2523284832387 811
481.8055989097747 377.80922029406094 492
387.0893745711597 290.3667434213475 701
45.233218018665426 358.4530025948788 548
544.2262877311176 692.5650680394183 556
566.7740315547218 26.883768992375323 66
739.3173418701124 364.3344071996455 686
858.0462252239004 806.0220253538171 968
290.0750851614784 445.0613993109077 460
546.4457521237997 110.89717497773677 723
635.3637462539895 249.81965282116025 221
656.1104307298159 203.22410178289175 377
739.2714481072693 877.6413706502954 737
68.24474206123976 988.5776008433481 901
61.68250336278336 696.7213506420991 916
226.29652888306327 223.02102891296093 779
586.3689774757553 272.3391990195899 527
363.7182384532699 72.2292879195372 370
24.956180088426372 468.803345624911 298
353.4479454752437 886.3176287706159 220
511.63339988413816 886.3340049260343 498
771.7245614009151 377.9831803881909 319
158.4953794231344 651.9202801400717 313
155.4114798403623 891.1699317295476 706
315.0884142762339 680.4806446229578 31
885.2545985669635 131.53956792676001 865
690.0136210585582 846.4804244988476 706
152.0542113857527 281.15754311616826 80
291.6012039316607 753.5246182981564 21
962.3424470075032 265.9441077489898 510
642.7484780559639 942.6806577861257 828
908.0820040608671 997.2315417698265 352
734.2513377527432 874.5199445963441 308
63.93933967788157 332.20506647439186 113
32.808114975438116 842.37418214542 56
503.04132334078713 618.8281033928926 36
534.9391894816388 612.7773679972408 504
49.014802803436396 119.67455072616784 726
782.5910564864504 150.53420954397424 912
44.5549042311828 915.6331404564393 130
312.59788029346714 596.0574750580995 701
12.415186632496521 570.456867958314 471
300.68097704348975 238.55841064900008 23
