850.1681026753404 682.6124450127817 258
466.6101295420484 875.192546623168 975
600.5442139798173 869.8307380225912 990
722.1091611187179 891.5093171970225 86
18.14989275513479 1.0645515401755956 654
579.7177931787328 155.25205591684977 640
370.04604968314345 852.5107623479685 100
882.4929910069992 659.9971998240205 435
173.97127029818893 902.823615639396 4
625.1373456832617 860.1667315736645 33
671.8555330083808 615.5281607754766 488
997.5385178193832 20.092314806632427 300
947.9909198239462 243.05462033648118 76
196.9642172757322 813.4194933737509 103
908.7039685528622 755.0399186595514 986
776.9882032655513 113.61822468229465 731
691.3480658680799 183.85354110404128 380
515.5779860824275 326.90703772984796 601
604.0072474842401 362.59307017164497 695
436.68172230941025 987.0948500371502 16
455.24739362735045 211.54351108654913 998
219.18123271475432 925.1606439317576 900
844.7739080937014 84.48370723840138 28
584.7083134166412 418.72228448001556 850
96.31129610994182 350.41080032196857 580
781.2041037646197 476.66389472636297 825
179.66571553279843 830.2530030279527 99
29.242586124312076 123.38739855035618 620
582.0882361155582 82.95408728645538 78
124.92298064845141 923.4223510792762 904
542.3411277647253 335.72169349878686 46
886.3938560473074 238.36923671736855 529
774.5343094632769 732.7527037818016 77
325.944540196308 169.30785476760468 548
848.7156198002043 967.7652484585658 788
676.7689007718252 884.0720353167311 326
146.9892740659867 145.87051203076928 494
882.0647861955748 852.2021176398307 483
330.0900479673545 252.92335946975487 681
481.7847653132396 971.7459812091136 125
47.93952653466182 573.4806438345205 803
964.1890428322083 20.548249972525355 443
903.02975337694 325.25789830984155 779
485.9638744833277 337.484396459513 498
721.4064205605833 957.1555099554987 255
925.0564273081973 809.2308902396794 66
233.27514403469706 481.3903944325708 97
338.0292842639723 285.1956961419222 497
24.697671604814843 944.9279080563572 272
157.10506224114528 377.13073370676176 109
435.9266936464742 282.3546811211113 792
910.0615026828223 54.76889741962798 413
686.7643032127718 0.40658638890234133 859
82.12685668378894 828.4931228752218 750
594.9834357016952 807.7401844560134 549
32.27173767994784 144.7285714036951 647
863.3818448308355 587.8952935118132 947
822.5407867666869 189.5882339448731 573
271.3433017392306 836.0529534451076 292
467.90098985122455 342.13567563685643 282
382.57586769398057 643.2441071076498 562
891.223257123211 218.80737107862015 647
741.1724009024748 420.41016933635655 473
268.0370676227257 899.0499058279906 393
774.342737768694 149.38042169970635 767
887.0041835309742 124.97176543110544 703
832.5672807929425 764.02423135754 942
981.2535508597842 142.14042248190106 894
643.8874880674123 542.5130089893474 759
709.7509287907113 573.3366266138815 497
515.084809928678 421.8355102520387 575
872.4546767085984 561.2420973362815 531
7.924106943642206 958.920917793497 514
841.3126990897593 482.79931640115694 240
523.0034435311874 844.135003801114 81
900.5912732271812 280.32887549214314 326
971.0781332204178 521.9925706712136 457
683.4658300156876 691.0702955481559 238
539.2261721735334 856.7539962414569 728
558.8270462110572 807.1259007983275 355
487.5800467363843 224.72452078404027 220
636.7350694688027 640.0806914957991 138
309.81840751268464 998.0124051219033 608
943.5132899383628 251.139369099733 120
416.434363988086 552.7750886700815 876
647.2320232698338 923.1385305357882 273
749.5922146788719 190.27907642365238 218
749.5745185918893 721.6580554421752 987
33.946905476676335 904.7278236987964 603
780.5781596847323 126.41722188793881 510
306.05730924294573 660.2362292711728 316
445.5500501825221 260.83722326137405 219
248.1035039245607 76.38596240551843 489
833.2746568889079 975.2221097025183 822
198.17108584842492 81.33415225074292 98
928.3965746084948 893.0385855599226 409
287.32928812813117 716.0331385360843 414
981.4570063469515 732.7693353255924 681
149.4391687459452 643.117308218323 18
331.9173576898705 852.5523617026382 289
343.38627361720876 356.85641421103674 205
325.07194388786445 696.3482068379433 496
403.0848719393719 809.0311604930693 809
392.5799454738319 478.3557582659761 427
899.5772243137592 704.3974441728469 255
263.2462089160383 189.35600007535348 401
252.22916657374128 429.8380173298135 229
618.2826053275118 262.12356762123966 562
264.8969473526065 451.25858289105236 750
596.062399292478 977.150766751858 925
261.9318227107571 86.72065209510649 463
704.1308081739006 369.91540565721573 184
779.1599574165457 409.37209103873226 900
937.8172793290926 72.32770045221726 747
670.2277260867548 329.9396423826606 71
443.54363229254466 700.1107421628338 311
713.2508053603743 341.6291953541033 273
100.41752276914994 655.3482471479181 643
306.34818315281854 230.8846670670921 944
371.1593998735494 922.0858210385721 513
573.567435482676 914.1434001957562 989
680.9138279680736 780.778560095274 973
302.0518841343033 35.9646677008435 516
886.0596505796817 698.3928604639148 217
113.29859306010115 967.710454052525 269
216.73054034915285 222.83845954082315 762
996.6717129326148 922.7302371250369 825
258.48164726253896 856.2762576898372 553
801.8669303571531 78.690735258379 465
424.8078370548556 154.26882637356687 582
235.51351491300508 883.469049902709 243
484.7731016563306 955.9908401486075 166
766.2230811194888 211.51062686813682 241
954.4741015217018 922.8635317243276 393
135.36403843371093 880.5281612799276 88
65.22569691372104 869.756965259031 295
533.966104129578 976.9399516278327 268
895.1921246019432 719.7405204401082 918
444.5319339649603 612.5075018009456 540
508.7670220935723 438.56579186803225 246
428.56253011488565 418.38652630279773 157
717.0235079807469 8.314722276983598 962
800.8151249146438 845.901270681714 653
558.4797608395176 256.0262487137421 624
563.2977965585746 240.007398102824 380
61.499511758488225 514.1806444252794 424
573.6944694343383 356.97974481025716 386
581.1489806305893 533.9342153720771 257
215.11955592143207 800.8989368205519 754
397.8679996405476 678.7081274132009 327
877.2815641604135 155.40293765138435 824
773.0255878257389 693.428773518356 110
289.93646417638183 240.8404409979764 763
910.7868455132954 90.94984566207098 239
216.2062790687648 150.8434581218121 555
99.17504551851918 740.8276040133345 455
971.8356155753086 677.4489884945133 396
770.7354101387427 850.5775463780097 598
560.6075231181129 99.31578074927927 976
272.1388465720972 961.154834864257 466
689.1215426529151 533.2724629402336 806
763.9031730811514 446.753225726504 314
527.2902955318222 867.1001194793695 987
264.47423222525555 3.025797665789809 335
381.5312964211297 798.2486306427523 352
298.58480007133426 445.5358819858772 358
219.45591691696086 658.0462734728663 607
144.94468881871424 361.997217944915 762
447.4701390319078 933.3675562323168 683
600.6303829313606 785.2684399713899 69
349.4267188689539 901.9969518379 428
469.6281537276381 274.8009068264814 979
606.3693095244654 307.29012563158244 651
854.937628197874 64.61848780913282 218
674.8096068888163 704.0904799877924 574
775.0145406997656 886.2645412838677 265
76.45719123849304 758.0682390446117 15
974.033680995891 882.4613428721264 39
943.2192051128634 867.974913829896 312
110.82407927015225 535.3840674883523 440
675.4723018603513 100.3192513150929 893
100.65772754303393 234.85658046465684 537
55.72200987372733 63.602647610034204 32
881.8199862147792 504.3846860193462 888
307.12654732007417 976.1275507624749 827
860.9890478972445 165.49758898718338 690
725.5340572152496 409.2474096936458 327
656.7952359353213 991.4842905956215 69
824.3059163616743 424.70543605714386 724
786.3275164589221 666.3873701146036 587
263.9444644803445 416.9422064916213 54
941.368254415106 279.77000508442893 932
347.2373622797026 482.97822912914665 71
720.225301857301 279.3069691520318 120
706.293350394728 985.6766202371841 126
631.6662761159017 717.575709101894 817
748.9426339858244 965.9459827190477 269
159.19543932933044 662.7029477201152 715
262.1559215608118 381.61473999314444 145
447.7098455340892 309.1853763163761 995
454.30976098377306 780.0676288444478 629
211.80018304207638 345.2191310638171 946
305.2264451217067 847.5051427740093 515
938.2801316657452 967.1844776755518 475
487.2574401567426 15.413930594238012 11
798.8895811258478 530.5587621106174 285
409.21233445129667 402.5571836372433 448
113.62958221441232 186.36538698739724 825
177.89916555959906 458.00886301689815 39
32.289494053088674 426.9572213002072 81
195.11550907301466 755.6558645878108 846
95.66217161881474 687.5858327109678 640
627.4392725676333 336.78720444282186 389
556.5721622509747 296.3462768273566 539
573.6737124741054 746.5997937986922 398
106.56649936544504 483.29246101945057 766
377.8785887585583 571.1056269272926 912
221.8149765050599 926.0788650115876 594
495.06094495921013 616.4950619124835 386
159.68540807430952 378.06118119735476 591
3.4613296891828904 39.91982272235417 256
961.4529367116123 892.923311950065 754
416.0495296599601 171.46266268406697 788
783.289267806808 290.6495722205932 386
819.8622541457322 455.5081733132128 463
20.80120203378655 146.87683180883727 316
489.3651293587855 874.064317094115 899
591.0938701802351 400.5726151770721 382
846.3083401147794 451.17068621262865 886
701.8789174671555 606.3030878686233 373
583.9445023298257 593.1472325353072 193
475.85129392501256 669.201481594222 943
99.34912132317797 548.3260231845474 641
43.910867595092775 429.02476215969034 831
917.1553535753033 93.19205379867623 403
596.8362122355337 542.3486434683012 451
149.08875661177677 157.25406744053117 479
849.1977391689501 956.7880577342041 248
984.7997737176379 61.127184074320276 93
499.43488008729685 971.3384108527181 673
782.4682100201301 485.7466848658104 715
856.4577656313745 242.2434425022172 584
321.2680186432424 701.9853330621012 858
435.71903231968514 889.2933406091539 685
302.22859237181456 191.98654696296634 727
496.1362213588356 188.67335523924345 865
353.6018454238957 372.2770020898376 576
846.9486972261232 340.4305402286274 460
979.8849856694204 642.6415180712072 815
356.7037049812137 73.02831921583342 251
450.8457981854077 561.1149159672285 164
407.1496630370176 285.12496356395246 385
669.1484985872042 302.72583728592497 613
411.4438408299009 629.6944314465283 279
60.4779365565441 928.1273773206977 358
485.51144412101223 747.743311183058 802
393.3996046591101 600.0720073447266 247
625.4679560577814 599.6338319994917 50
487.5819184377086 138.49058453117314 491
486.91433593299604 327.68661691869147 552
817.5110964644043 819.180089961575 163
193.24114228551426 387.5845972647302 390
872.1020036394681 226.80068092578333 903
191.67058639835776 197.16240481832625 394
151.69628438768135 770.9909700244765 334
894.0925304543805 144.25949020481045 448
750.3611889109877 946.0048260363086 672
369.5194444531725 134.7328056696211 208
402.5482271774098 641.8947820282705 567
538.441929312952 709.8038956098776 749
287.34666121141805 210.27162869968697 330
271.7721739204869 151.32771846161464 478
167.82422126921892 485.93523871364073 703
529.1929378243738 984.414287845276 690
800.7404724554891 795.1173527921501 24
653.3541612843451 826.2751453316293 590
207.07469827704116 228.83303987714288 51
488.61515141432045 248.2095290641263 215
338.3629911843119 645.4986305794154 177
435.1436940648297 997.2315613904735 760
371.94535347192704 585.2315458340895 30
674.470987609863 454.6006618925574 163
79.95939791655071 138.146384953872 196
929.1254511873403 930.2958460558556 547
883.7607406868473 257.296326869992 748
117.00189200446798 703.18929697083 863
113.85415076883199 781.1257730448465 573
90.7992385157761 715.1664869602008 781
664.004087862548 682.8267254745022 360
907.7869809351829 720.0275630195752 891
76.83606920458719 166.41779262874124 815
883.222731296384 124.80794233423542 722
789.2309990330003 70.55270224860499 738
932.6133444098226 735.4072486197664 48
757.7270334549783 716.3770193536129 947
622.0150371507781 749.9713980564536 834
468.55554778147854 399.2877713333287 30
552.3018254060117 273.48690015128295 320
2.4156403468670318 867.3088641999841 523
652.9249332882737 908.5394137419631 826
556.8162763863585 886.1809668850937 220
798.2674690507907 230.9600279088644 859
190.2977614327076 596.2453961739001 174
595.567815558593 468.0790045702691 785
71.99982317423792 495.5857180902642 932
286.9145906622418 444.16881251470886 860
97.20307040867759 279.6153368784708 836
707.3958255198784 373.06333367109625 128
384.52677418876647 565.0396970269959 847
880.7937595488187 516.310069990773 631
930.0700422598745 500.90905570197 661
799.7163096599844 576.9751806340307 771
55.674888945075 879.0857807053062 597
255.1806079397746 865.8069436435193 618
633.7431598250296 411.53404527407355 659
295.6598212756859 162.6417438919534 682
198.9191172624184 116.79469894472349 472
692.651603718738 366.42644922537437 272
986.4567933385954 819.779342738913 816
866.5975261431571 156.73181996942154 452
523.7645111792407 112.33852830930601 468
481.1760466385815 250.37726956081718 831
454.64471261853436 41.0467040565391 411
295.73869064386594 329.66560066642035 415
412.5212631202141 181.10123243526854 361
522.1356386145435 309.4024732864433 104
889.0915612626759 655.7463080380899 116
68.46957168018176 233.178304268147 107
626.3409748005067 62.06942798382842 300
627.5307968136431 756.741008772022 704
124.28313014608261 70.9089820511053 422
117.76464954924548 109.61153541774837 804
537.124755937511 792.5465388956583 401
169.72381354652165 798.7981151975499 42
778.3914592067202 638.6558607557189 342
541.8159014086226 527.0273007684768 805
730.3884808765093 952.8084708881917 33
940.970704308275 372.56965417637764 29
686.2626377847286 573.5581862636359 876
51.31411219598836 752.4541125441764 927
264.88879318156313 572.7784618513352 156
212.85930027918198 632.1153207532877 444
841.555557720446 467.62825059802736 797
815.1956555020347 153.7389412323077 414
923.0041621386093 313.81368304850656 697
378.6213412840329 948.2985931063828 1000
99.97061682929854 515.5951882866547 842
714.2019694708245 912.1504316873022 777
969.0712566710779 10.04092473809093 469
160.28227009221985 9.677626189860678 546
475.8019419021523 708.7639092641799 967
595.6514477650506 300.0304140742139 150
98.96143686682169 294.7412722564 628
235.37104077876526 982.4720639325163 352
877.992698025921 335.7987918700314 534
574.2801264201056 254.77999278301633 679
459.9626909573118 660.4687599644485 939
873.2518082330616 561.7603362957244 431
879.6890147846257 720.4710451551477 856
372.34746693031883 728.7576366847995 5
576.7760909469306 180.19918417172553 145
311.1001835959735 639.3319377908798 42
154.5739416763987 634.1525819072716 182
408.4846223348034 882.7963442768144 816
88.79961363112987 379.28979733319204 98
900.1441994878722 873.7101012937372 157
495.5975853543457 600.1124976950864 397
884.3503189523994 284.5811717540951 571
77.12114026896333 133.04157108587 854
548.6485115742747 651.2688344494362 865
60.85664601983076 535.7798190976199 235
288.8209223777138 250.41613279032836 329
697.0062870903275 566.8682908469748 22
63.470671650177614 601.4649729945988 649
827.2971960626742 636.5998998959448 741
661.4606666625609 178.95514252535483 451
686.0579165253137 704.2471399437044 780
539.5967674954044 186.39954497325039 959
42.49383446289523 156.99340708873834 661
258.7021834735611 660.6382776749605 107
605.3020374280729 865.0755452400215 608
700.6256742869524 974.3186527328209 29
114.04467530090656 33.25928450022053 29
355.85830779623495 642.9071669084303 439
904.6110759435825 546.5024133052225 281
938.0456211480764 5.724172321366794 751
882.9051121721045 606.0067412349938 867
668.5880513849701 64.38874718269582 991
603.6865442131123 939.458817754121 676
589.6447880490833 407.4192556649524 823
224.71084956428533 309.3435997456064 790
797.4851809958892 135.7535402526686 143
974.5858011827082 941.0382369679736 573
156.2022860776704 381.8842438283418 288
953.3357854915555 889.1612545278392 867
11.892343114812798 272.74765542864986 299
188.7543419053881 900.0431964675162 883
567.9495480237833 187.92011850480384 763
420.49156524741835 866.2801739190875 642
702.8121562294979 914.5821748530515 914
538.4746311865101 460.57285387455846 259
623.4471557552441 22.100526532324416 470
482.09862164070495 331.04250938373804 598
518.2802762093429 799.7316865991465 345
641.4109619588602 146.04454850112901 518
922.3083344633905 962.1665285046004 199
238.3374406766472 285.71764163049926 624
686.6393263352653 636.9751090825008 332
104.10031361647454 982.6820631324349 649
974.7742024442442 169.6776277761086 960
43.687758760000975 62.75292322689663 212
951.3753393871788 926.7713356024824 443
723.070620512734 678.8186848607763 788
140.80119437657135 953.280045433147 985
444.4036994627699 267.21123894247853 260
188.23292336303444 883.2283811892678 434
612.3399563888561 634.9413184199734 156
93.394807250052 623.0181697363903 575
586.3828424818605 658.5386659367676 365
935.135355577351 273.1882999458981 24
724.8327716824234 20.53333091472942 852
547.3226583133417 288.19870090436604 276
619.4135120563878 627.7821623221855 941
931.7179542187113 60.93153769209236 115
251.36499755508058 625.4564025067432 98
581.5542983896338 775.851888086678 182
252.17115044483197 605.0883186152822 264
7.901525070076132 563.5663170769838 246
956.8181122231391 414.7006211378808 629
719.0820473899103 397.1319032430538 843
990.576605836693 943.2763614908384 343
143.03484971286008 406.54691674935503 372
4.727672431733332 610.908111155193 565
354.69492421394233 488.5276311526633 451
582.9676879109247 234.73136962197515 498
478.21672405932804 316.9145971738767 128
337.6609901954337 596.0144438046193 591
569.4910574432747 369.2775600557006 743
239.95677260530636 147.76399916889292 732
795.1315017063389 790.4959571905517 493
102.88613890461373 224.34196403019502 959
374.8139549474739 275.79585499254546 793
603.1552147096536 984.6932701560397 139
215.0319277893814 786.7841326437109 575
465.74121577153704 936.7541240834676 722
472.85210251203534 292.83357698837307 519
779.7751348416376 265.52667779710305 83
13.532818819580239 232.83826630877547 727
852.1570024649516 474.37743631134623 667
725.521393954612 244.55831416997208 764
803.1512057740788 524.3507860033908 193
555.9644796260452 154.55917011618746 693
155.246235531322 307.754875082919 339
35.61940138375619 889.6020370560991 517
576.5391863300185 595.7949299491313 935
51.35802786434063 758.8565156646545 231
731.6726506550494 842.8058703460739 823
365.53854754737137 967.223774053946 645
94.2423989995167 466.2576226951302 847
426.4191785625909 176.1911842844236 899
379.7004928863472 652.0620958131933 603
435.1671670255158 113.32702496663904 620
858.3718903474444 628.66985916885 930
380.5983853094512 829.1086175685132 136
640.1701130893277 201.6987644061914 505
670.7957901938374 480.58635479860544 193
882.523841252029 798.7734698197922 615
909.4264866826043 861.1080743565764 463
775.9815461944115 597.633009994991 773
797.4890344930272 509.4856872859275 264
509.4574662030699 769.7995849253455 518
258.7910242206203 208.165982353979 957
671.8707863079916 110.20437850274311 690
329.2353116824304 400.78711324549386 779
615.0438064904279 315.23665899707873 85
295.74065440347897 909.6133161765896 966
473.76162032417324 79.5483588208431 451
238.7030769512788 238.61221156501833 894
913.8847488725523 118.56786501516714 351
109.18137561119701 766.2492927010086 189
924.5589798992735 491.3981037793126 591
937.5905176021108 399.7889825204194 590
277.4914890781396 798.9922504163964 322
656.3163000485592 517.3143387015979 145
810.1009074360923 589.1195547650808 368
936.8095907490222 857.8130149156499 837
500.25377805421823 178.23637533615133 11
879.073864998052 146.6530618579617 750
796.2499855544387 870.0534804136432 936
463.49002938677773 921.2757881763807 333
285.3643351724805 285.54362515878563 656
488.61872190428477 106.64483110460765 491
209.50682818008747 900.4243736874188 851
485.19837734989426 713.148088506109 63
749.0116650338108 817.089187584688 316
377.5298043719273 959.6599250808362 991
367.0880638418652 934.1104257113109 10
190.27999207362078 265.773312911876 937
247.34755776537887 651.5431155956873 925
656.2735908163851 357.22711477844217 492
399.6436751084601 154.05919221663544 95
468.96108577109965 619.4123122253466 928
995.4344550310955 335.6544584185113 267
174.58390040725868 596.6325987172326 155
414.6843734770074 385.4283586778303 33
561.5691300712597 19.02760002178805 316
465.1845745263943 52.52833106784849 542
281.150665900613 265.8974840073588 450
311.27070999819983 479.3418501841877 340
558.1542943391431 537.7865340206989 465
243.2246494302226 282.9706659079483 874
174.57233969367613 537.0565454368956 25
127.56624109235304 807.0890994545493 588
753.1987636048548 352.1502681769163 199
556.0829112880397 861.0590924362532 57
914.4039865260308 248.42290176204617 521
281.54941094994825 187.68557121386354 684
531.5985525941747 982.3928128714182 830
105.15294999126634 815.667698849589 307
296.1852566981839 664.1137898436175 532
653.2145764977907 19.85376013933038 205
618.4944171081034 403.385830992821 62
307.9416543558393 964.0063902510864 660
74.02679302042647 701.6346296822317 208
707.1626530876285 942.4358889544817 400
417.922399256086 599.8487568661051 290
266.7653562953766 819.8572079010083 40
317.62776881821 165.32130105875564 669
830.3290943115053 343.5635779602853 963
630.0208322796783 500.4038504297469 245
646.8347613561313 357.1235587922559 486
794.2973588532519 444.681169890757 742
0.9984529365558714 194.51766962304117 465
258.40776140876 684.0081430456632 42
74.77950279182177 147.4111999162022 264
513.7306473024254 792.3390222591348 952
402.9768944197135 454.8386880767674 247
371.06799605068363 919.7217542073364 142
565.3553524584052 419.6697164506774 703
114.5838741009313 562.792873277969 575
102.23274653537828 552.7199865094318 324
387.5652667248436 651.8977757660659 395
302.97615578527615 661.6999374231284 298
563.4391549490052 388.8228941057037 408
403.7826409784203 695.1806457409729 917
847.4611682243728 870.9934787268288 165
585.1406716304239 341.81194799821037 535
205.7816025395489 708.4731605993477 894
259.02817359134355 221.83089448009895 277
954.744115961219 378.25845313381336 178
540.6417010362104 412.1864105001064 980
744.113199355523 553.8093993861169 599
120.08435040179589 379.0322376909141 410
899.9634539768405 616.2655979223894 588
41.24722072572173 751.132395887331 248
164.07271492448893 646.046979844514 739
939.5395406517398 337.4272633933313 179
384.0920933720805 171.27331168264638 977
185.26833451134382 890.4823142735074 632
628.4109601388013 170.3329951702458 417
808.6916307200297 459.9199518679712 432
883.9608802627192 151.8383337606154 407
797.0563643512083 283.0038102115733 516
514.045349343668 799.4388557715844 949
341.24082432712356 736.6165415344914 387
851.505584548544 519.2590630279278 157
922.0262523273218 62.914458024673216 268
103.45935361923286 613.6626912457391 492
616.3982440782792 658.2135066401986 186
342.09793414138613 811.3168138816028 186
354.5506003962632 955.7625514716594 376
25.668055840821992 679.2201055584561 123
629.0124763449747 125.8531790477011 358
930.6228404955365 651.5992888882258 354
858.9941933477071 264.94907149124157 256
227.25667248200642 570.3905861087804 46
265.15593445912157 693.559296656277 511
125.26786567307158 292.7460434818554 589
8.066287398543427 273.0879289153191 370
956.9399036937297 183.09239370007447 731
415.4927972277723 260.04887992505434 743
345.5901068658618 439.3585383707599 30
580.046311636788 648.0061348050148 133
153.04161405605254 808.2016068584459 147
19.190896479347796 453.5363277078923 383
373.5024315002852 882.4838964857782 258
788.0602641321093 684.0830832253508 175
262.9083715901994 42.59638721137915 175
856.014427207486 861.7607470590308 789
893.0805510519629 314.5914101894988 760
826.6290615232888 744.6137738842198 439
903.7561558046085 13.769072560319229 939
481.47025345035286 985.4437888756785 676
945.7448651539487 156.81543377321583 71
196.53242373735625 188.96528048798334 696
885.244410274014 705.7736417532391 765
281.4417648853622 323.39925440981244 215
388.7361649184801 987.5033320367783 557
164.80090729916708 62.80535577406887 233
56.30602925810402 601.0785417105523 568
746.5128063312947 502.1654194896622 258
284.5937437875715 855.8355460471015 651
607.245865062396 239.99685277027737 290
877.896937587487 233.17141083218007 861
510.11351003737525 708.7396463978604 705
153.85457178651686 400.9202643153896 103
488.71338110553484 307.099859263692 701
316.1577196403491 697.3997698144142 873
20.874061631199538 877.7843784257939 543
5.16653720913729 904.7617973021152 690
678.4443526736361 529.5051033313222 751
228.15861152372574 840.8849769198039 11
982.939228398686 509.69573775036645 535
498.09076834782076 25.67964710418391 986
882.2520618469201 721.8110625959343 274
615.9174876678503 212.2367607671236 823
738.8707300771729 24.96793488671367 57
852.8437928095562 613.1819081911607 314
74.72442432371484 314.2956462017237 353
869.4302786691027 934.0068399040649 353
929.7014863959773 610.8718976721402 720
288.70489990828054 779.6443739549463 38
933.9325948402702 579.353812634771 816
887.8091377411982 438.4545150899688 484
810.9018849038755 317.79030514653016 134
563.0244013616444 100.23659391853512 802
781.5300970840036 190.1204829512174 282
418.04148299379085 685.9637758550557 798
41.46322982344508 921.8281501623575 143
247.3167728083372 585.9882063944776 169
891.5851946858411 717.8247561860003 601
26.998426116020102 561.2086356037602 812
206.9254004600797 582.1256461632148 344
857.7478256048389 972.1777537322494 111
44.93600312318957 699.4272679766268 973
99.0306887436233 222.22409436924363 148
866.0423129595735 390.58308506001214 398
740.5076350569659 684.608763853915 265
117.6207100999258 322.98531015105124 592
628.4057439318251 659.5511253925613 604
204.7131478848586 997.745110089239 247
28.84486126363006 205.4905699732126 108
917.7949879973811 789.226850771877 817
38.883424298524425 586.948879951858 204
108.34332393757273 931.4354431861317 197
424.07260387011894 115.89514929484845 192
857.9864583987016 791.6919539099102 654
385.17009843520657 198.6132141197875 745
126.95009779408772 856.8417354062284 14
818.1211121262489 991.0079243936668 178
596.7835094758354 522.6651226724939 608
480.5541279076879 102.71644105804711 758
152.7845273257362 370.6345421592927 253
88.40798199015165 830.1170384395195 213
774.4740398834347 395.5766547276198 573
221.96939886644472 255.86785768540966 276
841.901654549736 74.94341404692761 119
224.5599687439287 835.9318580837817 777
345.4140959843649 116.60239560316366 917
352.8460329619663 723.5774234273613 897
48.367531233730055 547.5448947812978 940
850.8367289196096 795.2370792076338 752
628.9239941360685 886.9190881617656 865
363.8339384068765 644.5534018866077 551
447.61547131001566 535.8981762444612 889
379.9153432701099 311.701109300773 159
772.262159528091 156.2781958315098 327
387.26971936076995 37.601283433706165 304
345.94140327223266 992.7547901990175 951
514.2216116374644 591.7320228020711 287
374.8930164680211 417.49990565037285 460
881.6684549258188 15.667319571958881 117
407.93493336383256 443.56318829334185 136
933.4769345138324 492.063357466668 818
53.50030532318695 524.2816358776848 361
21.95197651975389 371.1117257119647 923
933.6202751701425 788.9508843360247 345
416.27446980430415 502.581687828518 724
276.2722050537541 438.668114658712 542
714.4179034514054 590.0606221379384 808
610.8430220994346 393.85122347548673 9
772.2552347019009 521.8329228789671 341
806.6867335809236 936.0002738180119 86
815.239437994708 137.88599861461847 947
434.9659591571432 163.01356610891094 640
864.5368654236239 310.84750947183835 230
22.156789980103508 193.3005048550892 136
433.80028622779963 635.7001689789026 715
281.95949103061844 825.4447599991697 97
805.1177433284664 570.5417015847577 549
698.5043897336542 874.233363844564 39
238.4448354374008 479.63453979297964 57
76.57167598195413 991.1348457210556 928
305.40426665685817 129.0511931658892 787
480.5813904487322 921.1677269252106 915
898.2691555624554 37.466429091870815 528
830.8091856815461 287.63149498687534 338
641.940791385243 550.6267448355087 843
741.012982586177 605.2247542454693 962
900.5594037363725 655.0092432222314 222
472.0461899061649 286.24607263138404 365
720.5110071148939 773.1189715707206 101
476.7195744467411 113.61379457232191 860
50.49525922559228 805.0816836416823 981
906.6732658452661 423.56854201359806 217
786.8359455357953 39.27429937715099 842
445.4270337692953 733.7916882419709 1
295.7030260546597 219.18465753225047 643
752.9072538508169 130.89318938745242 273
985.4427613732362 69.28300573959633 608
720.6785097870755 26.408441923075788 647
221.14573702086903 367.0030790736719 736
83.60712556465677 566.5560448353586 401
883.419327777849 456.7090035050616 444
794.8179224134757 908.0802182349948 987
95.44376196867033 960.4212755692689 460
15.062691237570313 324.6303600373325 175
664.1231137094979 359.09804072550344 81
4.033911730723205 311.0868801790061 662
223.52227395228252 923.805659385375 863
199.90654945642427 807.396380985696 267
508.1224112035224 142.00316314372063 138
136.9028008009613 230.08592586031617 956
591.417430125217 339.695100751241 688
500.14421337141414 923.4798641076788 308
228.1840146490045 448.023957724714 360
783.045468129877 312.1651452400017 392
96.49899942274986 201.24448987551048 963
727.7407953249759 214.23530177162874 676
217.98071363929583 767.7879156625336 894
747.0032701632853 405.24916832869206 967
586.4617788048172 469.2825577159052 981
428.0926125466103 238.57244688602043 244
573.823465460513 75.7477395744538 712
514.5033207858272 317.20580893526915 505
583.9762608010088 398.19942033975695 752
714.4802567621492 877.5024301367421 742
620.478713939092 201.2248427715715 509
579.528895630893 972.6844290654574 359
906.390696132187 455.19565347615753 847
17.54989981344879 401.7072471422018 186
197.3762659891919 359.55982996693933 324
513.4528073619149 747.877649796885 652
782.827297293403 178.97284162656135 538
344.9691318526099 432.62733941029984 98
200.2480908801413 133.15740824514432 216
155.2372505517289 167.4698444967141 704
383.1210621054315 463.31953018616423 652
39.453304009107846 947.970802811456 24
63.98599141288308 592.9673200406427 764
320.1094421654777 556.1737913442225 911
696.606099779637 17.83303625330801 4
790.6379054510942 654.463872597673 172
766.2947740086757 357.4720770794256 195
43.72098803955771 921.1414504302163 597
238.55132888627995 799.6613266801463 120
135.26002012347593 551.9827890949729 867
364.4875248035137 61.824251025131446 300
562.629969816426 681.2939770600811 491
740.4259087589708 244.6550361848979 293
559.6534905440703 79.48351444774349 461
958.777567277038 989.5636560230108 224
389.5316853210191 717.889628594984 618
235.30356320904534 161.77933255204968 842
341.0011999003525 510.5455671980491 498
630.022938012921 404.4471948906548 939
364.0743785513031 551.2439067801782 439
805.4656405715057 652.4453173761638 261
354.47297716002225 885.9088292996021 42
636.4016007028051 96.86418857369794 258
337.7300203297088 749.6055065564989 751
531.5042934057534 516.6177041945226 610
318.4072087875921 528.8421002580086 925
378.2851235694671 74.37052697259328 653
143.22289877000216 639.060662490949 559
527.9476368848608 18.16837726314735 563
276.48136267371103 495.129264667856 133
88.75537438223702 800.0601635950248 197
658.5343175629733 748.2938697016575 739
102.40176894232656 532.9503241194816 347
113.37358981307078 350.4541220750139 509
858.572102877585 111.61514088326219 277
529.6530483262561 133.69608668229483 265
993.1813629758419 832.9095308764661 517
574.8514934310149 796.2320548256262 948
731.0925510581299 674.66933381386 35
487.6558736406734 453.01861246778554 771
448.15349479459144 551.5274379175119 545
310.8336117652164 708.1314867598411 79
858.0956700247193 925.5887378703964 399
833.9920784854858 73.66491100196492 122
807.9194483181258 854.491075791397 191
856.4901759901436 852.9862925653863 80
415.16370136821433 722.0202894085403 640
863.8213736933291 481.51186152310544 467
389.508807202112 824.9605781622305 208
524.5171208788394 755.3928591959524 376
76.61991751884145 961.0924118713655 593
814.8212032824293 943.0869385942773 520
198.92554585603594 399.0251198439969 297
54.33426866800506 581.1547309692194 322
408.21720616872216 107.56687238601192 300
747.1734292125395 797.7649657231532 181
219.1477775074423 449.14117044138766 410
405.27138811383367 856.0030141538797 959
543.4197751561021 638.250023768524 707
371.4812367896907 878.9431019660657 807
115.25556814346238 407.3069965392232 208
461.197067225517 425.03599349181064 967
994.8714501040031 270.81126222276674 986
369.0830234297383 371.1247546732237 728
569.4001525830517 681.186261888986 826
495.7925875034266 888.5527981363056 907
385.8917635403499 405.11952628491974 119
229.18723781866402 446.0624305734151 41
602.2535322039918 353.55015952499025 480
62.581446802836396 163.58168078389556 372
143.29784317207063 556.7870452827003 315
239.35714098054518 219.2042514150615 375
212.15292769249638 759.4748587004134 43
388.77716840688106 992.5786562156424 487
559.0506344150238 550.3060444195655 252
190.10722457525887 734.8643850784803 815
806.2661119882222 631.5850975032545 730
726.1882617817835 302.48000544935326 66
270.7360689464413 801.4132985410201 345
332.22362633546135 963.7281472688089 139
419.49484413921436 58.44632882382106 682
865.5267098039278 885.047009113026 895
97.11873892675138 262.327095407515 449
494.9995228304366 881.8547093621142 824
139.0600917862471 410.7293237061922 668
783.6333799724943 51.96897089513097 598
327.0583946771732 66.75939092685923 840
323.410070246418 388.0387704594662 17
993.4676482455582 74.51099232875858 862
767.9199096634051 983.3065956177513 343
128.49487357680522 49.54206013047102 748
191.51889486642304 283.32164011201 207
707.930403480804 969.6416112529092 362
227.79886204757372 635.302932906029 313
388.86490477896297 544.2550496992694 696
231.30654867025459 593.2487735504152 408
307.37021530852206 916.4019624158698 870
764.7864739443969 499.2045623468695 989
420.12981608148226 286.7122821361306 667
887.5283784074433 979.1889997127428 175
937.7774219477354 152.94183358865143 976
342.58929390311243 299.3210833925374 828
612.40071154179 644.45993690705 652
371.14023134370564 66.1399223417639 59
991.0944506624093 360.47350812152365 450
749.593349537801 93.5568992015815 521
556.369437154165 68.54211173426839 655
148.73631009989563 336.3562417593294 621
639.886122098918 796.3911578722802 206
564.0452395163709 366.4280321987445 439
64.17361084297902 666.530052253814 45
188.90089563078584 333.7389623273399 435
14.498543699386746 958.4765167206837 834
235.15782867718903 961.2909706403901 588
63.94034346862354 337.58716946802934 26
989.4043504423789 854.5779419255837 525
773.4121822659215 63.45711631607853 741
448.06991097389204 697.604478260811 870
969.5412346263388 431.23439586538603 516
361.9989086005418 135.6794489041726 767
833.3522057393895 913.6599245990714 58
694.1219411624711 693.9618172953266 209
649.3479361029364 936.9001131272302 657
744.6683087668964 303.8658862648044 935
54.33081570842235 65.40529562137864 846
951.4481507909728 16.684525674748542 172
367.0934147903364 485.3002527049063 338
388.81104132968426 369.41104653109926 672
1.243855730496124 962.2810320760456 782
704.7690923856034 282.0201928691795 340
818.1544549358294 953.7705181028272 968
958.0301280764613 549.9078970113118 911
136.08920570652205 693.5275415931937 597
820.9336346959861 188.9524812546619 765
723.7391522595605 640.2066911445868 192
210.83283036588318 802.1486007440022 415
696.9272686277511 827.9517542436092 865
735.9748338001197 419.66981324698395 413
61.869011840673615 206.37208166100208 772
155.7644169601231 424.44194052062824 966
675.3991891345337 366.2592526276782 913
911.1006582987455 468.5336467455142 12
636.1213122191704 433.25635745972556 936
167.2452261956533 890.4466511075158 834
96.24098278842852 174.57391180891236 771
812.7872939827276 630.5023463625722 185
973.7362823549663 864.8366681900397 858
713.6637598789627 990.7496218358405 692
984.0354734613401 823.2337668087565 850
659.433609690321 899.3438543696299 466
117.99472786296094 282.3774153660229 496
890.2266156217765 526.4079916119742 955
766.9515359162655 77.55611507433957 562
495.96948585900225 483.560739052792 311
272.7116201930805 733.104332570618 416
589.7197437668044 957.6933309238676 184
709.1214419765538 868.5560070780275 751
985.803088483848 138.83577648609568 841
88.97687770409269 63.902604395783655 17
839.461262137269 947.5152963856444 897
541.2689880212855 589.5909029462939 253
208.56169812587976 313.71810992311777 516
879.1142560130783 396.4245393858635 450
66.91872355360795 913.575078183514 434
756.39092015904 518.2052501616017 243
230.02531750919786 642.6391523859824 461
225.19114859677913 611.6018276833412 791
971.8122117848087 864.4516512004964 982
448.1750647415255 277.1117640676536 712
230.61389348709406 664.835811920523 532
37.9815893555806 326.79585231981235 307
792.3444517874235 843.2170409928176 230
734.7038636084804 115.91723926425578 928
269.06701406119316 792.9575740141023 532
444.7845884130386 135.6493539608824 402
991.8036674426644 388.80960142075037 5
406.2578264086507 117.73067357195599 901
889.20269429767 99.10149596669815 139
882.2555279006223 85.16449801019365 292
588.2747945186111 480.606083271915 622
991.2511936860694 882.1729357043263 104
719.443739213474 265.4764113749971 694
527.7154413944539 363.68951647133287 552
625.6696017670248 576.0504187937314 633
61.958160371207825 548.443314150812 521
312.0499864009115 286.10753515662356 486
886.9805035351275 709.1846440732511 756
358.73605080026493 644.9301721246698 472
402.4422130339276 317.51264075442066 473
815.4112352043256 751.6610692473394 233
47.054942878705816 838.4478590490289 655
842.1608644580149 464.2772986573257 278
812.3184830856143 622.1507306033425 696
845.8679780846086 81.25035346198273 176
622.8725037037955 497.52435870060674 237
179.16346928764716 309.82275657876613 10
949.8689466771509 217.94625650685938 194
381.5541963837742 93.93141837440811 882
319.9146275628849 856.0387082048649 59
418.887313195269 281.01984121938074 451
664.3732829912873 227.72105831129608 509
239.2174766706522 567.2782183517547 521
900.733989030277 911.1780320990352 779
913.3363019378327 496.46992507193255 431
131.6428042799207 747.0814740862771 828
932.7552308868106 597.486780902883 732
447.1732189451918 198.88939931455485 342
468.3314224392103 447.3877349701907 381
976.2225309096589 545.2982075657693 985
894.8815080628024 423.2552556350617 970
65.92348482973509 643.1799344327663 848
515.3404305635081 750.8979649644824 599
420.4981165899647 227.3419488803431 607
477.30272176443344 767.5948620358163 297
143.75830637994568 667.3931377186358 400
649.21715125944 832.7516177264255 854
737.2601715937866 88.51548925171426 503
206.21425734753973 899.040531140401 70
118.89314911443427 992.8482801259177 495
814.3771888902272 981.6051679547975 321
254.72377979443038 583.2382631288555 905
500.3023053106611 160.053483031217 394
927.2512411280223 673.898228341398 778
73.51510468587696 58.88651068858031 168
13.4759086805486 87.4782917458654 433
700.3153458931878 152.22274452231775 759
708.7571841361777 273.7352271903143 980
49.92884049335677 168.14986820397127 773
679.2381719088153 649.4325812209784 172
53.54024842208727 925.4946277853138 548
574.7751978899698 842.7134194585396 689
803.1383372702178 856.6471767040643 920
424.8547467350963 1.3017608597776231 385
551.7472793017157 6.257905016262111 41
911.6296713078244 683.6080875218685 66
903.0499275812912 966.9567198000258 734
527.4623176157528 643.3661611507721 225
100.89673775403529 924.1074876907342 146
384.4739694242123 232.59028147519288 242
39.32600546010568 355.0432469342712 293
23.427350807720515 292.58287015829984 760
590.5936880319957 636.8978764904095 395
317.2855315554132 674.4950649632909 236
488.00593211381135 529.8888981309427 700
670.3282951105642 943.4906885245903 140
770.3723772500331 145.96888229725457 695
238.2701272755109 557.7080097666403 487
511.06089127286083 347.14003828508277 979
168.1662221426635 169.46568161794474 963
635.757267140253 332.3054788496678 682
397.8459124661865 860.1969596343453 854
104.0250620169465 273.3375923865167 508
118.29249395148523 920.7806931655152 49
