353.1412511924252 735.8601895170524 282
490.51153100339275 122.35523623593781 954
508.24590017987094 782.6465455067417 535
7.944681099818607 892.4471850857765 221
279.04495311302156 958.4851643265231 594
365.472638168564 681.501932932688 677
498.5465130239436 937.8048208994406 828
433.6371764984298 301.15556904232267 649
700.6969198004741 406.49223285579495 681
345.6219884716436 337.2633078836699 265
8.333609128460594 219.376550441693 150
167.73705191501932 121.97699197949485 474
117.89406514532685 980.0628877370551 677
392.92666425468457 344.11055549271174 458
556.4112919694413 412.2553955998676 729
949.6037201946793 677.5844898122718 917
848.070921645326 299.3479337772875 425
890.5890081896218 215.67969164401967 78
869.381538534395 275.12544411612237 784
805.2635850461077 940.4655416159371 945
737.4632307164597 579.7000787002441 976
194.54841487356333 942.2671433696801 115
329.60067201815724 986.5199850971582 380
388.7855096827655 496.6773931827675 146
768.5014251456699 746.0061045092626 909
82.97230499105635 441.0592431251157 962
611.964549165901 570.8553922502406 948
512.9021058987121 706.8961506190491 63
246.95347765181108 576.3237556985578 386
400.9991892478413 561.6060313750138 82
430.5823624712741 394.071238381636 169
603.9116636453513 972.1977746769433 907
890.354425142702 363.03586149905067 336
997.8593490481684 926.4433113507005 593
414.6675608114573 924.4413982994431 491
56.28822039661041 193.8606001666401 267
495.1921861521541 380.76776524741786 859
358.110243203163 702.5888636046865 917
48.521636690631475 729.2228349529865 110
728.2738963446079 178.33945650047312 455
128.61745927706036 953.392101368489 932
167.6591259788339 467.8615313255171 687
122.37635146976066 943.547340038444 397
32.93056597319433 526.5281952027809 918
794.8145112192772 399.6048732979763 403
925.8908021486685 997.5022341773445 982
894.048777992007 424.9452612941905 643
358.01142005389255 95.32909226014041 350
222.70448195227556 226.24969236357651 916
223.45403394959928 706.6259376280041 223
452.6060817585256 943.3592700206706 966
473.31205815474556 115.18034463499282 490
975.0383813186436 17.584465161578965 437
121.13971565765158 439.4670689972037 27
657.57765040402 741.00591962407 803
841.2894616929402 94.18200862346914 272
0.8781760799566607 95.90674161262902 191
239.11375322222418 885.640669148148 984
933.4371328252512 950.2739381587104 304
436.96950143556603 62.40116361979997 397
502.9314522114483 161.76677742916024 608
165.62436462239526 603.5124630503398 140
506.4972643184109 104.04597297559104 153
631.6374087994725 866.0398735728837 323
347.44506400186793 605.473640380707 193
764.2190580345531 511.30100676370216 518
37.48030651035894 285.4950065346501 638
990.6830101734008 454.8237547544738 940
49.49130376737787 466.7781281171685 831
401.7766668551638 584.274404182027 574
698.8095310055443 547.1011271014917 283
755.1589865442807 524.2095850311301 396
429.8479976685383 281.0840616896476 876
95.88375117423975 928.0364636977235 117
515.1424928628678 569.5113645044855 198
867.0374312938658 728.9577081558451 949
93.25528497432212 786.3217790200271 427
942.4042682576704 621.0655991974712 40
758.769889172039 562.0702345476019 893
688.7730977046116 312.0333928587341 20
66.43535896372876 451.79439501666076 818
6.088453989208542 970.0921677690244 91
631.4327275949898 585.7590302722892 697
665.827326874563 94.05856733104012 830
857.9163444197867 38.18290945670133 249
766.6586989169447 364.254457424502 601
291.8557474075182 586.3984301895435 764
764.8122839015227 945.9865688429612 976
588.9484269665649 841.171260976033 656
899.2609503829711 468.6621137143048 196
323.90798515646316 966.3861065337713 50
783.7868992966712 515.0533788441828 309
836.3513333111413 422.3706759342768 235
593.530578856386 459.26480684545834 393
201.37987291944592 871.7733871153403 490
994.8520181395226 625.4709195595482 149
140.11055188594324 602.4107636600726 461
612.2871585944505 771.5877997486016 257
776.0895676855299 244.86821391790613 383
570.8017244439766 932.7420796461943 214
70.92743084427799 595.6246328086156 45
982.884677131534 310.4043509928208 611
276.8674196281352 639.0835623368794 54
606.6370719077445 789.3983384790833 79
925.9427955073975 181.80688845615333 989
253.57235395399113 241.0078624494406 982
41.49728563870148 558.2652021594082 921
547.8718104462358 466.9562084924407 364
112.20528673101349 142.71881881005345 362
684.0089061012143 955.4528607483521 944
289.96897374262176 225.33338444756413 760
439.4175080237899 956.2236360480207 842
981.3421725242298 658.7520262190278 874
472.60095718859094 284.73502482189696 776
412.6292652626502 630.8821858092984 243
832.2943928875037 879.5968409035884 689
61.68195751833216 709.0263740426606 196
787.2324935689345 365.7085399209571 599
187.82855466364688 961.9064244340725 329
296.0479751709518 979.2802992566972 553
239.4979955180684 119.55478823638455 970
304.80192522965945 599.5623182883686 33
584.0328299643106 616.825976828116 742
883.8622737208343 431.2100640099636 353
844.884266839711 425.98311067050065 88
283.7232186757983 858.5649801346127 400
636.6618575062715 529.4509513875998 510
950.6272493323771 895.5510648587339 595
437.2684696381649 417.3137077119433 808
955.3306619743996 287.06381308337046 880
875.8591526525227 308.72846956148095 769
484.56972614088346 355.0604859508916 484
496.5609744212379 417.8878016053732 860
989.242653631395 576.0243275470259 92
609.3269999323936 10.95896814949704 578
166.19853189247468 494.28803070474027 525
113.36166744016285 585.7263704474053 937
0.5335635563891161 239.8707977930322 463
261.32326993471276 967.741559526331 665
703.9245886864389 39.557968365598214 143
353.1051256243728 361.77197384809466 523
497.7144661789645 807.5154804471614 847
277.5798595507075 525.4581832362903 32
236.33431816236606 516.3042980385696 466
425.0199892540898 473.9124025101726 582
504.2045340249717 129.51389599709407 59
820.3029648435845 304.8200371838008 930
235.44882104661747 798.6454483937829 337
507.31963760792496 457.6629180613837 265
149.90470650685972 675.4126638807762 654
989.7569523245949 329.89186337383256 950
574.352360852207 501.9967031412111 283
212.6656840871729 312.0823753584158 25
965.130600395029 519.6485003607623 287
272.2089473398481 780.070962835234 426
812.0875690216917 882.9793319469296 951
934.0928892775443 418.80593662732 304
968.4219063581871 250.23777698412397 316
212.45789571393203 202.96009411162495 935
543.8270638857122 946.067865007081 837
183.12949688806245 696.8492353304041 650
718.428882767911 54.84205338685333 843
758.7212489492406 955.8481053307218 746
424.5878379835319 116.36015190477966 224
590.5872993096403 715.0060039758436 403
150.12169072250703 26.20670996674224 643
738.2319880467617 363.4074432709252 660
807.6164642311068 863.1997788361876 505
265.48250107369665 663.4506522100573 36
206.2233603578528 613.6978686470741 487
482.17241677114345 62.29362632872959 374
36.65186284229149 965.1157492692386 811
672.4689428672787 72.91490388586652 693
863.194923372052 438.6548968483068 140
675.2548607475513 73.49979964976828 478
204.88041095468424 460.8483228236922 967
610.2861497720905 570.3144309316511 335
647.1275062227147 818.2607918551004 831
188.19080890082716 621.4602477589865 413
535.4046261583957 593.7183516159785 891
338.42171683674036 683.8601054583038 401
526.8431918890294 566.63680761728 736
837.4251356548467 90.26681205974718 892
536.4989606368689 819.5015814116285 980
524.4047749361896 772.1962226958203 57
173.44846326814834 952.0479089245076 21
196.48613800817384 518.4643010335166 723
359.1688576548019 38.19297014727474 938
804.6801132234226 687.0202288845303 508
795.8867114747343 441.1305715934626 192
968.0667390828578 649.0252558322574 278
16.093093311447593 504.36663730775564 682
670.485248186494 256.5744255336956 455
78.10998794045953 509.8053377476326 829
885.6732365707777 719.0227391632603 535
836.443429538918 878.5419945411254 912
82.07129679654479 112.04859922758159 650
227.77886065540366 60.7508865307923 667
649.3171668164599 757.9600055827291 965
736.0991165724771 934.8200072031105 185
272.3760338649145 889.6945043683437 230
775.3930255288017 910.987963387442 806
371.5043518233737 979.6356344359862 396
117.17751564171874 734.8320955183195 414
597.8287885660856 538.0921471006009 281
770.904675820458 157.7691170493627 371
219.79222171453182 461.1493822566878 770
717.6873750736758 279.2672597856208 882
267.77099625688084 420.8430155907712 961
462.1416761575183 441.73971502040064 813
79.35293398017151 98.36651982428745 366
537.0196770060376 814.2077906965833 963
841.0541743123429 997.3624768630972 697
540.6666908914782 199.42547763807494 115
184.60749267608267 718.1734121743423 688
751.8018617850826 439.6171870223486 777
584.9548789981669 546.7434755952635 997
542.1074555191241 983.1118001805543 681
730.4136371180907 250.59246350536634 591
880.0633869623113 169.54500269680173 868
147.9489403228814 936.0864112179245 220
106.96946886853964 271.03175111434166 627
383.75224811082774 929.1971525169723 288
677.0475383425753 110.3583861125601 783
852.3152533456662 588.6524093569725 354
988.293577025617 677.6094396856671 311
231.91927722926354 37.00676625150179 966
137.7691702242141 415.9127875155537 244
982.8014025158587 779.3462092013837 127
408.8557622695137 115.95412767823632 717
587.0863442745047 440.8620961341565 785
408.2231901747 419.35733686903654 278
339.52183321929186 996.8256505446707 664
211.05124726924862 999.9336739097824 901
837.7996435939153 300.5355559908721 841
42.24672707093513 147.29462909683355 557
554.3632439416814 697.3484248042996 583
800.7155613905751 644.5910231476785 159
692.8147673775692 488.63791839455394 320
346.43371354104266 778.4978507923981 770
887.0244025447493 508.01102478181394 2
651.848029800654 351.533925902486 931
27.622025328841726 713.9508317682015 338
715.8369106324247 389.1853344935763 645
814.262955834309 104.70977687732486 392
458.12305572450754 10.209146855536533 526
977.4888807637979 271.29381360428727 138
475.7027582188722 97.62807545553287 12
196.9127861250879 716.9509580963984 244
647.4179602750374 667.8107841945083 390
310.98702928073794 869.5067388632224 643
51.16513088230301 643.177175934013 425
711.1135514533178 274.20492151597807 123
637.0148309651114 693.3769233271388 484
678.9574426441162 636.6000604589964 678
468.41879851538357 586.2030361421602 342
737.19309672287 74.04920612941734 56
320.0220344236555 921.8908076169964 412
121.03648943864454 379.08023922172464 890
63.851822674275695 639.1582943137723 140
361.81671177901245 517.1413290398135 162
840.7723934497701 897.1403336133743 784
619.9085543441569 562.1825254923674 542
196.23055410602973 772.5499031024716 159
913.2274809762208 246.28132462794662 173
50.23175556703408 614.862299359801 844
805.3313523170925 974.8945284527601 134
977.0336858359819 897.453996292428 937
222.9389903726814 268.6550205463659 66
304.2985055128776 12.003511862028082 843
11.151694895943255 568.734012094519 351
732.626201893444 737.109080286037 946
536.3119027043244 240.75427684609707 173
305.73357703669325 840.6479023987423 716
606.7114228921598 174.15504717628716 719
352.88082870792124 474.2714257364076 601
522.1780258881748 216.8203441023775 286
257.44276980003735 189.72640704553532 983
801.6437845752445 41.59806850510761 162
973.3083050439377 788.4757714453671 333
666.5046197035323 693.7129317103628 5
401.7002767321406 946.41475612038 312
287.3671708383456 106.4703328612423 863
622.3798880891519 71.92851606551476 370
922.0847193746795 149.92073480166778 88
496.5238417164244 370.1079440660959 221
53.153351482280286 867.2517972419496 974
61.77118253492975 642.6023785477869 818
36.9580393578478 198.59956191615913 607
735.887281602711 142.89524017172107 381
252.5730613970103 504.60456097062536 854
734.8290419132154 975.9889693643983 382
481.76723012106413 146.3378880447358 368
32.70753005775917 806.0965782319001 515
236.8432282071432 164.34260776801324 520
144.4431045299428 125.01300254644954 23
323.3071045270826 840.9048851430895 417
327.4493941664144 775.3840508236336 295
992.5011592773681 608.961355790542 405
214.67436206399282 455.6409506810718 208
23.160441086466086 435.7907974840064 858
961.8710467281594 257.08673963911934 115
414.21289631625115 463.79332828704634 459
349.96298003939853 212.55055407330238 385
183.4053294733482 307.0630359384392 931
457.13338639872615 766.4562504651188 86
885.6517504825423 203.63751500132287 862
289.6743505853505 567.1158264875528 665
496.23499789000834 240.2354603825142 161
75.62734327578457 305.19504935702736 966
430.8621903211011 68.08847320024181 799
563.5745245639981 338.86936785523636 810
621.4520586987503 160.27413595386776 63
331.1926814126579 928.1641928878983 947
263.9561681324215 780.5679441176292 479
652.5645013400992 24.043180644212292 640
829.331918831394 390.1604746069085 852
519.9433442497473 54.88848793919843 835
449.7050396734984 649.026921653204 835
288.8232701749949 517.5722581672987 169
27.55785743803363 749.1418037792538 838
672.4105577400501 37.21947163943362 549
445.40859656919775 929.2045261156252 343
490.76127837521324 947.2985560583272 674
529.2127554933318 856.7152179151926 391
258.4256591833286 810.021605995393 484
203.56476969483228 790.955822705621 57
651.0860902905205 619.0003425600087 604
29.40948810467625 924.624249380666 375
435.5460124023514 296.78524659584406 802
262.4269475522037 813.8923778869585 584
420.9664520152969 306.53292561221633 824
429.65219490622854 527.7966555649508 928
834.2336229441962 154.15908971223058 521
629.9903587704482 203.38578527508332 703
381.90878161849093 36.57606496481147 587
416.40558501303525 90.67417168858927 650
489.52500161032896 254.7744528887962 70
242.9701945031839 663.822854231758 567
975.8547224149025 250.10499516396078 686
771.6220569924471 239.7074731626121 577
591.2222534225889 123.14062372307943 351
600.1906708308495 805.1158128738062 478
511.60973149498136 507.47344611307886 456
134.24280674683087 428.68260558046654 153
883.6024264858396 181.81988052091046 882
760.037697050101 898.3639045660435 1
590.0573091749557 206.75968086636755 909
484.78165527271767 138.4309631454239 313
466.30916690345657 776.9826241856376 792
376.8183435008143 139.46086025766834 146
441.74965193736426 805.8194336378978 773
404.0149330293915 346.51449895627286 489
429.06484246621324 559.5333484588544 755
187.80178183730158 824.3024039144562 902
121.73083653025407 386.2997818358317 516
780.4073307502808 636.6462069800125 589
459.29745390658684 99.50850147034218 652
768.1180728986797 620.9235003804299 373
696.0740731824529 731.249341342414 508
21.31859265949021 137.6360076862363 16
845.6256563063721 508.4997031110957 681
185.5110019470052 271.2787210978783 291
506.4727026315489 868.099203369925 994
297.0498356274669 908.7522305440084 720
820.3113050607584 630.5542991460941 693
316.3209223883163 205.91246393693984 733
106.38213649051409 518.7476026684474 269
213.56899145404105 109.37382903560378 792
681.9512678656733 169.64268111434677 446
672.8189407867026 164.69313859835287 219
880.2596137187048 366.98353169294717 818
393.51579013077674 163.2513745474232 577
612.4473769877352 617.0568640228806 796
891.1698738634308 36.37721468403443 472
691.5211958004109 925.5637022787727 976
849.6152571099295 473.15467325855656 74
623.5181108427153 619.6038867246847 623
738.7864834841972 48.19404921096726 636
342.00621854838397 43.42851695765382 514
154.15529678340368 404.55053181882926 327
185.1978288260794 143.20661126246915 348
287.49249207948213 445.4422208860607 186
863.8612765646833 207.14245487960338 858
739.802979414058 275.5551903902068 949
887.1616066848884 282.72481215296864 225
258.7079948156484 49.544995676418345 714
40.096007922465034 251.1185043761849 7
983.2421345614306 199.5252413309303 916
714.4257252957034 499.7343727450263 154
836.0422181723715 312.1000852253093 828
393.34115095218436 748.4987993062499 546
797.4526878196938 289.5967435019384 999
364.1869694193647 1.6217912928614409 251
555.4780005925875 705.2509138954666 115
654.048147271636 474.05634547324127 262
746.2172348043738 420.40950054992123 700
772.0097633891023 91.02408912552274 750
882.7168749196683 918.5269660698762 808
587.094802748044 311.9645897349884 880
19.78879664508282 238.74022596027123 888
114.21001764960437 431.49391593776875 586
11.887225649390043 384.91063628115796 366
73.68160854428186 907.4723459788861 789
878.2023766500514 414.37427451304285 687
18.57010180609697 878.2973864706161 126
88.00959851555623 240.2844030361141 395
536.8253402061233 709.866119785467 268
377.5687586484323 194.26934042331513 584
103.67874254487074 59.31445871422725 92
532.7468418597792 741.8218465586824 918
746.5174414948042 923.2788898155426 456
280.08743590307614 919.8962136500854 842
804.670823702364 678.3396479067218 231
21.18795482379221 463.96347744334577 385
448.3163345049578 476.5216319677498 697
339.99688202782073 697.1430269809348 941
740.8741122972343 711.1732380744722 515
925.7015514395811 859.1216383067708 947
419.2471489954117 697.3288504945862 924
577.453897088902 620.8298623800077 841
659.8876509406174 709.681189016166 2
820.6502938733652 222.66998005215467 523
143.03045914044398 74.14584761632292 914
800.7252757600035 16.599106311901537 523
986.9917438764078 809.475995260325 879
530.4808843284005 972.9989442412985 129
508.26648837419475 890.3216530527332 313
883.7507841212499 0.8436642543783179 199
439.23443254229863 591.7181140334055 431
355.4265706427032 876.2321760423629 669
583.9988339098 313.86966342743216 689
303.3641609284355 167.0706356057734 301
583.8691925348639 900.2044236421408 387
242.79588376442373 490.3525192037256 481
457.52595736219024 686.8842550306447 640
544.179925874764 324.5923411922058 588
115.92903182651371 441.6427159745635 62
74.09015121654217 636.1330275293121 812
121.8170772371634 495.97321191016744 787
346.696656055122 622.628666368883 343
685.0504536186035 605.2016777677925 690
3.794834765293298 400.8287446838103 427
468.396209135201 733.5106072043532 889
705.4719847987047 926.6163689978188 662
886.9716670439459 880.122926406308 136
190.19340654984484 97.73345274607625 402
327.2532845654691 156.33258306730758 748
48.62217150777071 237.16288203573288 771
640.5013093489495 480.38498674046735 480
99.21301594020527 225.70789316412566 435
361.39243640877726 578.3963667532381 703
429.67317436262084 80.35154844507575 331
220.06436007078568 567.0640085568897 169
642.0013025655197 265.4352230312609 276
209.03114378434773 108.93372081333396 251
246.51325279351687 994.1905968823439 660
465.8516807048657 644.5304824969435 832
245.55660392144597 571.9138180851186 815
138.5479569126884 387.3687552713598 881
458.84515069516874 284.6869503350572 423
789.985722008708 636.3748719774495 501
866.4966641162732 537.2197233439059 821
351.7432535856709 342.96083695477296 518
388.9936594201504 779.5374620585279 904
396.10309362070996 788.2060429308427 808
835.4185133368538 368.14859578357107 519
498.0753412482548 821.3068970493086 468
941.9004221129496 332.464146154309 965
613.216879386221 211.7740661764299 513
672.673618365639 55.681162153599416 83
327.1950780513209 710.8186192427559 526
396.8770483053293 107.28917858715504 752
229.56722603991642 253.54358333224903 680
536.7792560775771 674.3511337946368 480
403.43924808258447 929.1048258156108 756
474.0752256575652 992.8605451917415 254
413.67542013576417 314.96976219900796 837
451.2069020083624 428.86096937206975 217
488.1527718972257 754.1767315203971 53
168.7563589960721 683.2442384326035 987
284.0977705448471 493.6752977089792 368
722.4000306755748 157.65501347335353 149
133.76920918310975 977.2172655180082 469
282.4602572923949 664.1141051166279 108
682.8198807417621 568.9121732665062 107
281.17277209469694 804.9545322576479 551
510.6664336551251 51.4900010538295 21
880.8442005369653 780.3744630340531 704
749.6342388007926 779.6106128907235 970
317.4930147104299 978.3027032073355 723
971.0356127750292 832.9536914504456 267
121.61184494917609 409.3427817435109 13
754.1056486782171 196.766692024385 653
823.1419708327004 541.3014313282147 178
990.6912674056753 352.03120821016165 300
666.7293073936465 156.62454404512238 294
930.7146189289507 724.4249116371559 591
685.4189336189909 405.0385972937834 792
312.74249745419024 519.6168384306543 130
560.3747940994303 242.73773553538913 360
687.9301692700581 710.8124667020296 931
570.6689730658401 343.17277725212534 77
203.25296079056366 468.4187836305096 593
467.5853662284426 966.7152960885638 145
947.4116331998473 336.41355414819543 571
125.33894267073842 130.36033122941237 485
194.40493250413616 363.12423068757516 150
945.5464654344519 197.96334206400778 234
183.96580687841623 430.6826782826612 139
385.6756990861326 379.8646908824762 466
180.60001866432307 334.97488351157256 722
222.62753606459606 350.91213239850185 77
338.2884080218389 395.4479265394485 269
11.436341401427242 346.08669803937045 429
945.3676779605039 485.0817811000705 727
780.0432491933377 130.00441305587017 641
976.7646920253 733.3274868718431 415
242.40030715918493 906.0028846788983 699
76.06341378630577 795.0968623930421 852
243.14522183048183 95.45759810527643 988
93.22807977157655 928.8828724314894 156
400.98702699728193 895.332210070705 8
833.9471055100367 650.5796001409324 21
993.3754436421777 11.285965201595971 995
311.63990422489417 276.66436144284336 739
979.8229199345254 158.56237455162702 599
938.5578564631716 819.6864443477266 197
663.9134448081226 317.89133255639314 379
845.0830658457766 912.2634976095178 723
141.19600337638983 409.5664220125902 727
268.32986558355367 754.0368478774627 403
792.8614860241782 383.0629006886839 958
30.601119993370453 277.95478638245885 933
513.7295024207687 257.4203543937289 143
533.7671125863698 502.3949519801918 483
806.0044408594199 111.59412974433003 465
247.8555269831112 725.6329991912796 785
642.6707411529693 524.3628915922533 804
918.2862834245309 602.6834766919723 640
160.1495890740533 810.4264422530432 543
306.84708143310854 816.2117734401871 402
204.43194523747744 356.28477981840877 530
58.30966123837455 911.3144879529425 47
936.6743188938367 995.3313090103508 639
336.5002291380885 670.0901912021477 92
956.8856302763819 900.7795009546758 854
287.6721015783854 871.5647787385519 914
640.7475718162561 442.2135584703598 573
228.953349608926 542.456774139266 117
527.4536691456851 799.2251756238518 982
485.3357320069698 721.890477189848 618
338.30241733073285 176.3343269826204 872
105.94773036067417 69.48951870055875 251
552.1658933823946 364.34671068397915 250
578.2381798875198 209.82079413053677 690
680.4650748682559 689.916284940178 919
241.36121506120278 297.13073005326305 810
559.5822162231649 797.8847989382981 928
781.6476748439152 940.2804876769376 154
999.7993012123999 966.8518970246399 732
270.6887173788598 889.3687474165012 855
156.0459109254596 510.8066403941939 221
550.6228404065739 55.62277665508986 733
487.7920199179141 696.7352743429705 49
275.0646558478871 722.2147473836378 717
390.7154916890512 508.41625719175363 491
848.5133873450058 134.94057660613302 979
479.84914247320177 525.5792359244643 201
163.49527220972516 999.8737984966941 520
458.20467942987784 966.0504272838544 786
456.27428140534766 248.18911121355524 521
634.209755420098 236.3914432757548 176
708.9085727911709 89.94811763167299 102
260.89914476530316 152.30816931369617 12
366.4935468548407 860.7072786567269 765
925.4953218530459 960.5694157411538 644
247.96531804979017 616.981503163869 832
238.0981232704048 541.944363091385 724
719.5575181903386 531.1488120087749 846
530.9607311893332 53.516837666924054 297
680.2565794355243 351.7640974309091 897
378.2198227562112 453.3411666497904 202
512.5674948275299 98.39811664954779 545
774.666147028655 678.7064132616355 386
207.55466086532516 649.6104610367228 438
593.8963846817519 547.9819041312038 206
801.5017437481904 347.79454485920405 457
548.18549659652 973.697258290423 105
53.457788771153815 539.957905907782 159
531.6181108480607 229.6009254190452 36
103.78575713029569 863.1481091340119 116
117.09098880447732 0.1417695263423724 807
48.561895937988986 712.2932929709423 91
804.0613704019012 454.61740829545516 824
445.95798895306535 86.93771700474662 674
825.6216082354383 59.49266340170334 194
213.77834430957964 383.6859234120984 543
624.960063085767 58.09818808871681 620
124.64677789341283 192.10558440015825 443
487.3684144832534 509.61049708077877 36
648.8481947509806 146.61245381456257 513
94.52726394107236 817.5499212320067 490
130.75776949374406 0.41779520510110135 152
600.5342254903981 506.17392120718876 387
598.8855641152898 995.6124456653691 128
193.82958944151073 237.59918994687 484
293.7060072771022 174.25059125657216 203
609.1886830233349 433.078393059491 812
947.3877144957216 675.3740682140381 500
567.9318813795883 261.09413575666696 79
724.534863910867 306.20751538780866 902
152.65832679202617 770.4502024713344 407
581.5258085579918 361.00810628423653 730
702.2081740214431 649.3470029447418 868
168.59362919591237 204.45011315532503 180
490.5536777005398 354.77423934336196 181
292.13116326189225 410.31633622087196 326
986.9329353865717 752.7051576760058 680
764.6824549850153 505.0580726569813 143
25.538276432894413 5.4216062171903445 121
913.5572769648521 722.7073563349046 37
119.78310373300106 256.16230371850503 445
797.8852157139909 174.2329745641633 953
147.8774435612167 909.0475121286208 477
468.60787539131866 771.8151922240447 996
351.59879931338446 759.210422979454 285
468.84012061427774 826.8161264931516 609
993.237095088326 30.361548481562473 120
787.50995175546 507.70617497282456 299
990.4674644608192 569.6496171211088 744
276.86500788066724 127.7349352661421 524
752.2486773393574 503.0044182491538 536
357.7403516802151 275.4534155662728 147
929.0506139338197 703.6742857401302 372
73.56095349218117 304.96586468440233 987
830.2006218980368 440.2228841296385 807
27.402309347236418 970.7731750424356 692
454.05225907207256 467.5677260365911 740
747.7871981075078 449.28942820513106 770
161.9211964658902 856.6756219470728 407
547.4522065454734 127.85136657414876 546
748.9491341406213 536.7170008451034 837
642.2140778609361 133.8707365222388 221
885.0600921854508 889.7263316065252 421
970.000905403146 487.02957577323514 803
373.5260274362103 79.7616936633343 525
815.6627607309663 934.1381147730988 556
660.4458193738027 67.20211787513774 249
390.29494845683155 101.14896700661613 116
977.7753555956467 793.1362378274545 261
250.0280270062447 949.7366028179958 500
172.21340894547566 747.3046936058596 308
404.37293414379735 166.84604223357834 880
381.4013398288555 434.6626130702109 615
501.55785969118614 778.825649586383 455
221.004286201104 679.0951366312469 451
872.6036319922968 781.5236087530761 992
216.396535026957 426.4851029409683 517
128.56509695868135 873.750631884924 459
409.48268723532885 213.0289644655564 458
713.5824281654702 680.9062372349474 456
175.36372001125412 379.1178237392213 667
958.7084326444078 21.676584071940507 225
407.0803198810011 78.92834840280449 118
204.09626387109537 965.3683154690382 327
634.4700574593124 396.0793060813795 870
217.55288087294133 541.7371449930811 544
949.5384921363702 729.3134064923349 1
535.3284543892352 749.327956381039 805
778.3752732527797 841.0268196752235 991
114.28274277593763 16.16611593047834 731
24.774007963298427 366.80013102078925 295
492.67058842474364 594.8064404977457 825
188.06115722608473 422.2778864449132 718
982.8140796502297 102.01101718692762 261
802.0057787529969 916.7548213542644 479
510.2944394862945 9.81628578256033 842
970.6101739722648 958.4080203430215 393
745.1172399359984 580.1295228142915 483
614.8272147334791 520.0645922882893 485
819.2155459848449 947.0643249205722 898
906.4245168609118 852.7087976381931 337
897.7374710200199 914.2461416141109 348
689.0703740110682 67.91874225894223 982
432.373248265662 956.070466515682 144
382.140876295278 847.3875169948872 128
527.8812967215787 285.3010140847684 457
150.04918515962328 169.85039259682046 804
895.2772722465437 924.509246968557 189
861.3936538909721 154.11865164916028 348
384.608885411053 992.1632096376908 523
539.6611682064243 430.0831566088199 983
722.0630575678865 569.9440378993543 77
21.036916087272207 546.848255520447 121
463.7079560399869 245.3729131977861 149
876.2368412512071 636.4574841434235 835
431.8549521533359 350.47514486642194 684
504.59081396323035 80.29063952590543 148
81.89182026161923 106.92148479068697 367
190.9753318476105 195.41735050425845 537
687.4036505575675 80.15911636355088 733
126.36356365772083 895.045152170006 237
542.2054587181422 928.2140178096605 22
683.4719628148505 44.38330821161174 227
878.9522153837321 20.075296620186144 890
72.65017372687777 508.7459220790587 343
445.65195499930775 915.2891770737472 758
980.8580772358691 997.4149311723787 473
63.70803037077588 45.00765104538229 666
670.3200026786028 951.0352229181766 403
939.9143197131998 298.9918990065246 307
741.759683043341 600.8780733702392 439
512.133661946106 234.94063961943678 734
235.46878423885752 128.05378387241518 866
684.5237648428748 650.5064809714089 849
87.69804937939884 595.325235973635 327
760.2741114050253 284.49144677906634 89
721.0290697967467 374.1668297112414 287
745.3092321363873 773.2680167316253 232
134.75873792760495 647.4784147066621 985
52.75288342994566 444.09047292152457 528
226.02193502680558 92.85851711532112 897
955.5253922325896 17.40255378241473 793
953.5166604062703 149.21594597583322 248
150.75725217060088 42.46847588449787 412
615.8702539367364 807.6198664861186 579
679.7756741500136 919.5375704610427 182
65.15045151502218 149.20287345349814 286
301.1090579146869 389.3398136321806 181
161.18436971681683 947.0625867616181 95
4.718210970088177 870.1986650047023 505
894.4540481690955 484.3755602766332 412
252.0209618574658 763.2067766595168 513
177.23599322316795 70.4965194240006 335
266.67326259026356 122.640424660453 645
955.6340947299607 936.5434981435543 888
899.7575886281746 428.3815827539601 147
123.83208204555885 969.1993028911612 564
540.5829159078688 860.8601651787653 220
789.7373052662476 145.24156491761664 941
812.6474730740691 257.50161127652706 298
524.0306752342836 51.1810439854673 26
167.7262437715551 250.34035776581965 327
935.9997929549925 205.46339458225094 107
274.94015935976677 584.7640717407481 752
824.2609161962721 596.9761979519947 547
278.56934110579346 172.84675218025814 776
713.3450867239098 918.2798869971555 862
848.6486511113352 144.7738406224014 927
781.1136058648796 80.48044411107391 629
951.7677890716934 651.3608403454208 535
390.29734767296264 755.0563079011616 990
581.685206874304 600.1925491220248 231
837.7051061468741 525.2754454144829 346
19.564140006601782 801.1015319618984 33
321.23213423450727 754.6979598786583 931
381.2149518041921 719.5682907679463 49
471.6724633737621 629.1397210597876 461
825.5155152594499 25.804129327135385 342
895.6214598831824 774.0304576500421 250
311.72119605347746 904.0111145945204 286
312.1914212448543 288.5760686540122 914
795.2689763548549 323.18490383527876 742
748.4105145992423 20.84289942399309 545
217.03335096057597 452.9539860288078 68
325.83353679592307 108.99533297707265 181
75.59419112515553 914.9922660068922 259
135.17928730723227 915.533152529383 727
763.7290446181503 709.3389224447842 335
844.400512645304 748.3397156705964 411
434.3371804049447 452.043705251994 945
379.0175700611129 993.7597107628532 964
415.8276238815016 412.558510048751 933
129.88644941813266 467.6584970443528 460
812.5609319748991 240.60574672730252 466
322.4213969660943 830.6687517600025 916
873.918718372171 335.941983384485 511
961.7445634026167 823.8996628529218 742
746.3243264157444 472.5656329348559 720
475.5613380448204 387.47702550664644 26
695.8320102054654 482.62756147159956 436
121.7423299579521 208.92444298153313 620
396.32271675882004 897.9633222927108 909
196.0917481295116 703.8704924369938 36
5.625829734136389 389.45325950157775 620
763.8136884845032 481.7772498395914 939
794.8199485378568 458.79645185059013 363
731.784584856667 144.44810884534854 560
813.4727736686632 317.6121663556057 192
986.1280129559975 388.8615457784733 961
72.43735836419485 410.7073070784755 470
61.70689644803495 16.749881578561943 110
984.9390124334585 94.33330642683634 11
273.00279347805775 818.1940766816195 618
875.5578626966479 708.5237481580774 366
27.890117016131533 434.50325572561366 108
567.8748368969417 271.5838207196808 198
200.986374855062 78.61403385898025 677
982.967662729302 967.2661867569896 763
202.39294436839006 139.16565907324085 690
791.290360286293 222.86509394756914 676
420.00543331478036 670.1421980483946 229
958.9623724927425 898.9997551291686 345
353.9736289681497 596.6478818961303 873
700.81104530838 223.49961437448496 875
281.33987177498244 321.1253702472112 850
852.6074352434576 622.9267433443615 149
280.4611572708915 13.270870565491698 757
526.5523089093622 952.3561908979092 289
800.606519185227 130.41361443469435 745
476.45035935256 757.278402342462 14
157.20263249129573 285.47595972739146 604
97.4655315121864 685.1375711117524 86
258.59559494947024 524.4189048770605 157
573.7904136801071 914.2652251430136 923
79.38415393310383 989.2366977599754 940
533.4653075430415 392.9645209585052 213
259.9494515455629 758.8133973425073 828
339.4770263946572 477.1195108633862 957
881.4272779421508 683.3053498598636 993
524.9128399753321 904.448381486958 634
877.3603333930164 928.048125544526 598
867.3830137970831 331.53206655650513 701
956.5638650111766 819.7657604211721 258
835.9431043784828 229.46838202561125 723
626.542651809341 480.38203413907564 892
654.4846609260851 357.1725935358162 406
397.90548330747964 928.8156738648114 503
241.13352313228043 148.93000594198935 444
598.6912933835399 246.6409022458278 980
537.7757854022943 638.1958118756967 495
248.92346782847918 251.92990527578195 277
803.8428335822774 509.37415023654364 991
512.651334894941 857.4938314127737 935
555.5288453915269 885.3791365733396 66
661.1735174157432 54.66223647761126 87
87.75384666195463 266.1542014283861 877
300.084176632334 760.2423299056481 352
596.5493169295158 920.3283826918787 379
342.5894881146536 12.54098653067759 631
417.1802274008883 376.37203070274904 922
318.1802570720713 382.7677344269388 289
952.2497662466178 250.85099505806795 524
361.47484977129795 196.71792710002467 318
225.59000812833773 590.2917878086128 687
723.0885115929929 739.6349253155121 136
6.259696178357532 318.42862624513015 448
346.42107234168407 851.004869673468 492
773.4742849132822 786.2482445594809 458
952.9543899531272 924.6435804045892 46
423.4587519199988 381.6376127700672 797
438.1288842750886 851.2684196954297 288
251.6982151290289 572.7899517759716 111
348.014944022131 8.547012866233494 730
726.5408247067484 175.88483578458525 161
697.2337507308029 608.6407662038895 931
170.70937012352783 693.1243730999186 398
543.4379916447441 584.8402634213967 35
610.4242337123741 274.2870097035849 674
266.3553593691439 577.615887580393 171
103.21202748634828 447.8862624554816 548
206.23895592217377 123.41975549760664 962
344.90889547813197 241.12218250710927 797
939.6912404060021 218.80356349544417 977
611.2226631665729 991.2779383375523 878
632.3756425821595 226.1929804213676 495
920.1382340931652 851.4261630066597 539
106.73998751697 764.3597885699818 95
688.7717726319141 719.6165158621453 665
685.9888371397632 562.8547329368204 970
476.4916965160389 830.8963803142922 491
115.38637212700942 310.54142918409053 306
234.25712680291045 334.58433772158355 347
133.15564321664698 375.5692442037809 615
760.2634264400123 913.4424142103398 183
93.29658848483146 504.78281493361345 293
104.50193315994727 39.01139559514433 137
773.7573956665155 225.05603868149726 951
114.2459473414753 299.38982198963515 981
875.6263135612433 415.84200957087825 715
301.4774886661343 465.5802023682423 530
651.2418743572463 407.1280413574184 717
174.50198520369443 448.0220160489636 768
129.41757717307934 994.408685542504 249
745.7106245029174 393.54172667509704 460
696.1713807101117 540.8006704693177 851
804.8997522811019 55.25991991486612 703
742.6298044282183 384.88136623565407 582
1.5076120669188509 47.417172942200494 5
746.6152143290545 118.89234817183969 410
870.0491579131548 930.0234343866301 2
319.4494252284925 123.05875893411178 551
968.406198850429 862.6454181653733 398
881.167246313244 470.488361931431 957
5.589007696490067 120.79378558278032 769
628.3043392130943 479.5117299691417 169
956.7475948774162 727.6941477215776 132
812.4561388900347 164.16231704203432 923
897.6212895011374 802.7362408883936 11
313.69102999708707 46.75721619243489 823
93.93701064457771 254.30098456176654 906
627.9183183720249 683.4630042858543 119
139.08268093205788 28.11675833936189 797
12.660786071608698 576.1210023283344 243
124.07887926294569 12.655962870184446 286
290.6836088348986 647.2988355324013 349
985.5688595644859 606.7898478148567 223
103.2249559359124 764.0714416829065 27
691.4338575023104 646.693204606003 147
95.16206835428808 546.2056480055063 99
715.4194841806387 861.4609685858906 859
27.115617111304722 608.9274199636477 287
918.2194017770265 900.3587298303321 751
761.1373236549131 326.06921639834405 755
983.1314687961712 80.73206460555504 998
164.8116304168471 655.8365711725877 783
182.66237135070097 574.2885407764143 837
630.7734561469947 249.09855559688444 826
546.7744447617396 574.4672153195683 90
180.9875282634146 758.8469014674206 289
170.68477081423282 49.78639888257086 596
38.60830448273389 794.6016492953909 339
344.39545024304243 31.476954240927 228
259.098501686012 417.1694753907664 210
637.5581065121493 857.3564007811647 886
133.0276539400551 589.5430043164038 152
118.52612671306173 171.89860470882823 711
35.45272167810553 124.87722767089605 662
11.506077663002712 502.8011228348268 618
578.2247461462205 569.6362758744993 964
291.86432026785883 345.296558732613 437
990.139563541715 344.1279367115522 546
827.1146474359805 259.4994007043061 589
702.2403029714784 847.3589547448742 596
298.42619449524375 627.0547604617269 859
601.3336677695282 922.6483598783034 475
840.6561903931024 732.0546695892089 755
658.5772126998453 891.6608099927242 737
496.2137199514897 611.3723489776911 207
641.0638830048574 325.3051337065119 593
925.0383052369884 594.166897657389 397
47.85305188735689 224.75091725905116 556
314.90782244186346 203.23938594345836 543
598.05597321679 587.5016853974771 799
29.540573115406477 803.5948363765814 972
529.3577045273249 77.48744396190187 307
499.62091279008536 287.76419446859626 715
404.77374194644875 458.0181190835546 995
830.3098367474238 32.48182466136906 18
152.50097384753659 873.3689851247577 635
651.1066393837671 182.4590870142132 116
180.05753373457688 354.987381622889 200
245.31444756151032 249.61898626080526 523
205.41343477098138 522.6412089521347 358
977.5719124034334 233.30963927713987 240
145.1920662839793 359.5445496950661 436
873.3073519658698 516.9180656964735 824
996.8914716823524 259.24043447370303 213
260.55487772266673 635.2441978665079 406
44.54649828023949 759.25103376431 113
221.15215728200477 124.84660256375058 101
185.5774140298 851.0894771892946 895
766.982541713614 629.1972250618928 747
623.0790320405752 750.7706923212756 164
636.4133390042915 839.839214620342 874
840.8450983665169 130.9479389886017 645
265.2174953948735 384.7251288676141 167
207.40994743349583 145.09346298947946 454
903.2032086750066 405.316998143746 147
259.0867497812787 941.9137120131218 708
616.9402198066514 460.96640109227025 751
439.1726775232031 645.1989099643736 142
496.82110671363876 102.23115748425937 126
525.4422616667832 734.8994042165052 971
33.601163038676106 515.81857726918 425
549.7270338355061 639.5236148668282 951
870.4500378504334 435.4007046032002 135
715.2590739270853 622.8979713831567 531
71.58469422631374 724.6231894156974 668
60.56632717960964 629.8390789256646 399
817.6061364645374 389.9536905955181 29
331.579649400715 49.5004755862416 506
366.15843775362845 291.99171401979027 761
711.9240927930617 594.1032880922098 64
262.18622049875694 596.2283480151203 189
629.8338939910761 548.9258049100097 431
889.9975533650696 413.8062121708972 548
761.5652678095017 726.605627775746 148
941.3636307602711 636.9295625139448 208
917.6056979724451 130.7519799862912 148
922.7378696753558 492.6489666126361 217
661.5719652564696 158.402535469895 537
436.8061640729959 265.994830043646 778
203.5162742294201 236.58805032842022 851
737.1414893115201 654.8869548256927 659
620.4146305269198 588.2775932684573 263
112.33265997310005 142.53057724452688 28
103.057727017128 921.317132762014 310
422.1258816387519 787.0239250559626 887
