624.608124163362 54.458235636462796 530
936.7013207942673 183.66607909835497 41
520.0862735266376 405.5764080316789 560
852.8314571983238 661.0774110900775 449
993.6895762088458 490.35042187364843 914
137.08583879551418 564.8544847802818 354
390.1945206157975 559.7859618440784 992
224.33139734767593 707.1215880248579 681
580.3419950783813 556.6742622403422 680
474.88519586851464 587.797664479499 587
870.0768442404676 915.1471204299701 605
312.5794681709049 758.9446406765204 131
438.4130718415682 452.13545482805483 329
659.265283698786 343.9701890968545 753
971.0449961397422 746.8591811371784 732
767.5356139363001 790.5078959106236 526
744.8187845965984 990.0178759887278 636
525.1086916413219 798.0252483009282 264
113.47666458847405 570.499940275665 890
34.958565158490714 82.0323278959768 439
43.60737178483465 160.1028568149625 382
304.85053939759933 261.7579730427023 914
813.8758845784648 750.3505905614342 758
265.1204659638111 694.8402906784731 720
159.16954449790032 127.86047626093955 873
607.329629609097 784.041063501663 934
709.3881379761465 193.54570831006035 478
506.7627459746987 404.34563930336475 288
367.4379391742186 15.741391003438965 694
635.6045356262731 117.20487184288442 93
366.89754593581523 482.35457976522434 323
753.8515104220488 349.23803346709406 863
915.5436846000408 274.05595517283166 645
115.84597987732448 462.98938875243414 346
552.6715421513 407.11445851847674 206
503.6871312577894 839.3971010851848 182
892.4837955158642 204.42613405103128 82
892.6754244461525 102.45569215475447 387
904.9355542058448 595.494618458137 480
346.6634872489087 131.4137033252224 641
967.299817355469 892.9605588473997 41
327.5208723417941 141.0993458770846 259
50.607494855710364 49.24567638783317 285
101.88941575665844 705.9773501522063 87
733.7358932419424 494.96151502704157 142
990.4334118617163 296.7273680813594 599
125.51923113898977 142.98339594181985 176
904.3482475355995 371.69913779929897 40
874.9441453004015 128.67033495211788 575
594.4424761842082 177.05442292181183 702
726.869716678792 918.6188217946205 991
5.805807343113867 695.8038813839073 925
819.6245746927945 554.2174853678871 177
551.340219503626 595.3600620307908 134
587.8762211443676 942.2939976994134 560
635.8282451886948 462.41369190570236 101
79.30172708653049 50.551448881874684 426
965.3222458038891 333.95694773192196 336
208.8412192166228 572.2763438884847 458
222.9225571066118 569.0684962781405 820
792.7117425251928 201.984693829222 917
181.09850682777807 670.9209068440692 784
34.62288785074297 252.08137378477446 474
562.5806850146629 158.36097148339678 952
789.8729251834704 306.10510836917683 217
966.8507395823971 251.77750438404945 183
42.645994480480894 843.2773329654094 946
306.311407518703 873.7864364543705 3
477.87410138294825 894.5762063949395 249
236.15781425281145 745.4755712674062 659
141.12415220368868 194.27205769745294 400
55.522836246010286 340.8703198252243 597
600.034067409224 531.8141887343108 364
138.20331466269263 837.5447475317127 577
338.64118754007933 942.8100315249385 404
944.7287920682452 900.840242264789 153
951.853591959124 950.2384108544695 134
327.02925014821716 180.0185492183165 450
202.09674343858552 36.65911671569233 789
524.3981557574706 744.3254595866925 296
569.0868755585198 135.75139831057726 107
918.0176099774985 420.7616794685647 520
814.4819682078902 866.647294926871 231
408.14766592576245 595.2028734862112 339
431.97201740337323 307.10005163642285 84
478.52699701978986 979.8677242384318 233
259.9480870658679 35.98584329458132 648
363.7679619793707 617.3966067230116 688
226.2726654934879 801.3754188766578 868
791.1460134101895 706.5139201700284 669
58.5966750714948 452.47568401991987 742
534.6789024453075 908.4816679937189 282
480.16313194546467 751.6703638531917 154
483.81226166519156 461.89142806869444 663
407.6020379660652 299.248589917505 343
126.77715192626505 958.0032882922716 797
399.1171602078966 705.2836947359577 981
721.0365720904782 893.8131817987432 219
637.8351831387901 325.73094600773777 504
650.4989610021528 471.21680716656897 46
87.96533176101917 454.04002831286505 64
223.83535957691092 363.0519167456818 332
485.964793132482 672.5199250421646 804
130.86589340272548 803.4921792304959 722
450.42569120935804 70.6661021601892 622
211.64272494387802 135.3401383892787 221
366.7790937792353 805.7716360671774 454
165.73820588120404 136.91473125126396 165
459.1200109624788 740.2886947850004 503
99.48297838799147 317.5900949111454 588
188.566983560694 557.5394313566638 566
106.446991537416 603.221162439319 267
884.8289864709967 460.8734320022609 419
363.59395604563207 825.4293398115892 234
839.2895987314457 440.1306374143704 409
934.4969180807524 6.419627685949725 421
435.76210331970043 415.2562323694597 792
752.798113078853 401.58256054951323 656
736.227898801526 608.2597019136082 94
699.9517209677858 88.98788209579355 707
503.3851072924215 631.7660261198155 644
9.489796122817417 595.5053981107978 90
708.5064014697401 717.971021678774 79
926.9376650782426 478.97872776617123 684
657.5957410987452 284.01660068974985 316
994.4028453562354 31.410787686118823 529
798.29024074531 272.3518856555337 644
734.5410334208374 865.3498435800617 256
693.9236810004387 613.7816895921225 789
959.2714760298363 719.8820736932139 701
469.4845771237832 507.47587098944456 851
400.6263686130737 200.23636987871816 129
308.99958621313925 126.6350412877394 8
669.9955141464543 645.5115371249034 329
24.457198079308906 451.2857614006974 511
911.988208522108 6.43974856391516 53
204.90275978262085 569.3599845116128 65
60.18432726478329 429.0293435216191 941
733.6001356937145 574.7049298443205 912
341.01054549710983 853.6647658828575 50
111.60594063539564 892.6380031156295 480
317.33699381666844 718.4366571438343 933
835.708500438326 906.2979539895349 864
789.8379612552394 21.522037840952855 849
593.6282881260739 74.62039586935254 453
158.01544778725975 624.7330843680492 695
768.9682322685421 893.2135389329419 940
325.98695269781086 702.2489006390347 839
168.54923499924647 199.84450261871643 308
308.8615195509713 955.4446922307671 671
550.464857868668 421.19226411030695 26
642.3810919354063 625.246178722247 936
484.4508682766665 82.1695003261973 608
889.648201262102 23.065648126144644 674
469.80592035013257 747.9163632261518 366
305.09445016590433 446.159527751408 254
811.8574769741214 373.3542075142797 975
815.4793765572774 509.99687581869614 178
897.7838657132028 490.63891251679416 789
476.58989417682386 818.2581019337856 518
616.0161807311354 468.7946249428643 680
525.6126567513976 256.49591415603237 354
899.7511718331646 353.40269698883384 778
321.8126754219096 557.8968658230453 742
851.9346177481472 731.0618020687307 499
365.05846570495794 168.25313895983484 559
694.3833215862599 682.0826644578001 95
413.27229080762 831.4181067284235 246
307.5548855117968 522.121083355182 809
136.16685122022275 17.581611821985366 34
119.58915838119933 429.6492987160463 109
553.2396818955991 769.7650510103362 685
153.626376134002 408.1127796102644 252
484.0397345615112 869.1448531371914 369
521.366083559222 710.8444949976368 220
565.740591524239 942.447016933994 37
422.6523662959023 743.7979484359355 816
345.7765685995039 761.2924365319693 896
755.2037788354806 334.8955085718985 557
410.2070824235774 686.270254447823 47
825.4509119229195 474.88417077573695 907
667.5701996045354 951.2136120062096 620
566.068376452855 811.4302017887778 271
198.80982841663663 624.0919501471514 506
189.90942163897373 167.3509146751283 457
833.7819544228172 949.7433690368823 433
58.51532106922042 982.8815095180331 136
952.5323093608941 91.19834613890954 402
422.30023683245963 753.9172079435212 939
237.243073391619 734.2515977605401 376
183.63999079258474 616.9588726454292 455
542.8026420820117 488.6167105832748 73
541.8366789857959 202.38420808952796 872
302.83835615478404 679.0339777798602 496
486.98259652735953 583.0981609625185 947
615.1321525614311 677.1882055559778 187
7.950213380514826 942.9935212229283 775
130.13647026736197 787.6786273274992 244
279.46673202690863 701.8114963232468 6
737.6879085453045 828.4241017691497 51
502.96671903444036 495.4645836303262 887
467.0040548421438 464.1151744794839 326
262.93288499371994 824.0806292089912 749
648.3484122166767 963.1804994668248 73
223.09491531546323 219.63535996872218 823
503.43194460524853 209.32596503566924 268
271.1583600416528 66.05081012970437 827
903.9002840786658 853.7126874410818 423
754.7715553481095 640.0465838573074 78
403.9331210413547 784.1240943446097 713
543.6441239259435 227.7969375536242 509
38.17304275524591 753.3778128672893 349
972.4004045496064 380.6863556137312 272
264.31892223336575 97.79743578562494 985
16.775284479893294 458.94962750055737 117
591.0967935993116 251.82409956913244 216
75.29351139433238 493.089715593007 743
396.86788557572936 219.29262941160786 508
731.8208382863368 23.707867300959528 612
935.9496047622431 900.0034012364516 914
617.6972389925678 262.49545755693913 53
886.931000782291 760.0092817032853 694
944.7547151411788 957.3154191756277 128
799.349103216389 796.4615316231615 503
137.0760255393787 7.319857916863959 34
655.7168449860924 420.4855357544093 318
259.57569516456846 913.368610912882 916
650.0732363148983 887.0667698951161 356
168.34437520313716 857.3467801805157 440
340.63704407058503 721.4232993957318 889
993.5996273219976 277.60650310256585 350
909.8268454787915 991.4352271665311 683
644.498825932499 783.8895033899943 39
626.9647526585999 306.68286191327866 766
119.32823671835091 552.5708440976828 111
94.12050704070629 948.9282861397195 89
510.3659787958771 537.8524729699791 906
503.1553717286631 387.7715191354095 766
406.66861966900933 258.8178890078704 189
418.0537206985685 276.23755158113903 69
782.3988193633916 713.5183364242207 110
357.2213051026497 401.4974386537123 920
358.17754900771024 549.6527337376027 435
261.72421337951266 717.6399076149298 930
690.5470472131095 646.44890060512 278
293.5596776599154 811.4365110553587 543
518.4787355370187 789.7067333731281 469
267.61848027783174 45.77637613596064 224
786.1592021591082 299.5754075949275 775
533.7494112393448 248.45751394906034 342
395.0298627705797 425.6943859845883 101
906.3894987393746 432.56442056506694 89
0.2900839081998452 886.5674049663972 856
573.1927341717253 20.15537072623419 341
572.9229851049677 114.42555512144436 816
288.26009957601906 573.2722767766188 273
395.279996447782 514.361800671803 582
556.6311462052919 399.8782012700808 121
433.19384672375094 874.6760088301895 673
118.06885201774686 871.3958234815356 446
67.2626308308798 244.92006608178673 595
679.5090862170623 794.819215918652 860
155.82662273694604 885.4869106085723 666
156.8515426114778 479.27755309165764 215
128.0890366760584 447.748784130662 621
490.10370040345606 492.95261682712885 73
295.28938060461684 656.2896569441812 150
655.8170687591705 140.87240236544153 945
498.9672029774751 581.0021028774723 577
871.6443363745386 614.9943469604091 951
797.4924792273404 648.3960957473768 280
779.9058917900923 737.5125428018075 860
614.9187671799119 462.91026434994365 298
971.5458376288317 716.3307017253535 984
411.1097300323723 897.9203040820099 310
727.9205024501007 642.7280336654318 364
469.00411069377844 238.33519005158033 809
614.8295990689536 734.4339531296605 886
230.35046080877896 529.7605824529114 55
956.2899493726426 880.2664359329868 969
57.26933187313066 128.6977811974972 265
38.813708025880686 170.81636716394078 315
217.72127746951898 298.4471041408764 701
849.9297000931018 591.8097276772555 433
849.9875206545447 344.6590746061956 117
477.31083068135547 523.9635377694584 341
893.7244236085961 356.37587961962134 37
347.52130786249813 96.63557497044562 40
653.0512715447684 632.4125792400743 597
626.3189371707366 903.4594753685329 576
990.1236357807541 24.100558779543647 374
597.6279304915084 976.4500236009817 510
180.23698682836263 3.055364909594682 682
975.446150856322 62.62645259181887 741
654.8627551077868 63.321465751497556 642
409.1543015166036 591.0876049470105 787
775.4755746517528 187.28117109191166 122
811.5371239412802 257.01669588018814 66
329.8146171042438 887.5397376372765 345
803.4898947063926 20.020552656067835 159
222.62508662493119 228.85617984588757 766
307.6461899565006 572.5824266812815 825
318.49336320845913 668.421517149569 636
657.0859768060064 357.64321808253584 627
326.7005158528794 944.9852823601734 981
52.43482098231866 655.9304314038063 659
645.4358841049756 667.0390480946193 795
187.5163834832385 749.5295199831404 767
916.0895215148569 338.0534109575481 964
150.52323456626593 488.2120502830923 411
699.1289562488452 231.93952709685084 676
496.8572642219188 89.41699637257273 506
939.1891914213413 406.6176051633088 871
33.7349919303489 399.35188073979214 960
841.0357584037178 564.7545916377564 51
765.0578790415577 575.6867155413357 976
487.5813096431587 877.2303840299431 401
621.6168313186809 936.4720032896871 477
71.59410321050719 977.4310548197943 529
868.8864605919916 588.821910244995 834
907.9111374227477 595.6540404550337 397
325.980044425502 366.41485530818653 84
816.6675591251976 313.22776460921284 683
253.10827406540315 710.0835596298637 612
826.6474667421173 650.5628550636698 508
794.1280199695993 639.4696257628196 378
228.34652178415715 928.6809181135814 34
495.93504897038133 487.78441412616957 440
763.2429972134744 1.0261916398122128 510
238.08924159565626 605.5480139791983 964
962.468199353718 748.3683774109977 1000
65.33153318032726 941.2016742177741 143
16.099336065456548 30.152234799634137 366
878.3321190334332 497.15917971092625 674
304.3628683127626 408.123299175288 641
193.67526566280014 560.5861803887294 117
214.8826226466315 516.6938250235503 762
248.57907801552537 431.41813311874455 415
941.8164751659683 69.34542917893094 583
564.9393041692572 123.97677838999788 745
625.1109927416883 718.1399015927445 284
240.24656892774033 243.0826712085452 998
944.5971613769113 139.76466949239207 466
961.1133290660963 492.27660705731125 199
395.9913955015987 174.10795517984678 396
153.89740643028927 218.9971278051953 715
747.1149197455214 957.53238700447 274
948.9023362256287 57.793728959013805 23
962.3317668949599 97.68823865387166 34
260.84982769923096 673.694848285817 884
902.9999664269152 931.5896518473266 986
989.6465320671323 9.375823865145904 125
844.9624267507538 953.0466991332271 654
389.85373125100296 785.7524830440942 553
408.62376359631105 845.8774614561199 32
569.5104915753748 35.37076911026771 314
945.9014839211495 98.11736374853098 231
877.2917955445077 654.1725278291393 990
518.0828363644217 760.7531421300705 279
529.1051110287358 68.95001408754031 432
51.50511750013376 910.1660671983433 187
264.5463014384612 36.38452272524928 756
821.8762751562416 564.2061387631171 32
12.83305107849353 114.30066709179698 425
650.4229221140157 388.76645657678654 858
178.10827582836353 62.75291253240667 680
441.26129516312375 328.5203878968604 622
529.3751367363606 999.2107473351515 92
264.5710407465683 453.797956154526 159
902.3514270541829 94.83209976492735 579
801.1161182533594 205.59682539464376 153
639.0706073088974 121.20101551946149 606
42.44326093368211 707.1545099612734 907
912.8206610294668 686.4851562244227 719
102.50524062238343 242.76928797521268 470
858.4288699617856 853.8459827778189 663
39.34515767586711 799.901728394483 212
26.10862324573704 665.8579186106065 643
561.3305732207724 272.48087361161635 550
686.5526670025906 787.9857796668779 395
158.89217836025892 547.4745364060706 196
409.83036729692935 877.4564982147435 568
333.74127275085 812.8699859217314 633
381.84575196947344 525.1488977341372 678
501.9031642662094 611.6160658860999 505
885.3042186510187 131.69292529244603 738
549.5670150413198 646.4417243762887 96
755.6648084066959 56.691230954633134 721
921.9833445668231 89.41507535880022 258
164.30257916653767 872.069062765095 364
318.95884628039926 953.9134859474335 275
693.2364895714056 894.3188490730522 903
917.5242388509026 169.44658426490855 616
635.8196769827912 701.1046846071546 832
518.8624939182648 811.8261031383129 251
106.81713448285723 845.2043151682052 413
418.0477691517449 488.37173189103066 52
422.83787081251546 193.7242434394063 873
102.84614876865106 970.5624089185882 99
947.9524404620159 502.2430133384648 118
566.2890030104232 559.9328479166641 377
606.679275279487 890.5936913095956 487
651.775339779693 568.1947081282589 19
770.2314292311517 412.05624577665924 880
547.2073256291918 119.46504790894497 845
191.4259392957438 150.22452346868798 22
808.1073704266244 73.5566070310355 396
183.17020576942767 641.1623765908934 509
24.407170674688118 902.5413914951667 603
811.4344372186823 967.0649790991627 863
967.2447468039031 970.3614516386774 834
485.5555109609072 471.9361409947641 247
700.9409818979952 490.8046935916467 981
841.4770974050238 968.2046881240387 632
585.9784399888562 353.27442353151486 571
363.48096507105146 74.82544562875137 839
728.3877292246066 209.77272711037787 21
44.13954057166081 15.505624087818415 513
704.4524257032082 919.6335683446008 408
688.3924199894249 118.05061639652725 154
910.514330965559 76.79407764804102 779
320.7788028048633 986.4640804220829 155
623.8719559549232 369.2777621686606 61
932.2879050107291 483.54165672953076 467
741.7824728182351 411.3676325315182 105
880.7777685365294 384.50022139165986 37
307.3245762546081 448.4025620688685 424
389.8038819557741 472.4843830857858 352
280.6012272761963 350.69945862305974 999
672.1190020889002 279.8383546082397 638
392.9914473583085 422.4393081704465 632
989.6081264457614 848.4624584026611 642
261.3397310144664 786.7532515583483 757
220.1919689829881 55.86036294105179 455
442.9820844325209 231.43339778163298 9
410.16007626979024 856.6059573892959 192
0.798617708582916 943.923464065633 868
214.12351177224122 795.1231288932555 42
142.78809227576704 673.62463256827 815
276.67707532691423 457.3529675260062 864
306.073507809293 969.8548355935221 670
907.9876809263267 171.44312260269444 163
898.7205217235748 193.86176805152422 936
40.413832653593 524.9996083239583 700
81.76708026507961 641.7400437922735 587
408.7535107292654 180.5250144451045 547
233.23727014888874 912.7115615417011 471
372.85617390926217 764.9733374957701 982
407.2292991347749 123.22174908272999 66
366.59717244396836 393.15305978090186 301
126.49060773472709 165.32936294231936 523
258.92903878024396 478.75622411408693 207
762.8218691750681 777.1278916997793 708
976.9126891943803 901.9071859995075 547
383.73880837718644 822.7281069677919 390
338.0911632903146 620.6176146679261 644
119.02183530054222 375.06709272771724 428
628.7458868491931 16.453823636417674 108
409.9999269022081 700.5821893248103 699
756.2627598390305 947.5632726579358 261
30.247458431994833 521.7252493472783 588
664.4721356159143 93.82063774937544 389
391.79509414210656 100.1135098797895 734
335.4597095546892 32.50106181126233 378
590.7026332147213 279.1776280923255 622
844.5684758688463 144.6006680864922 795
855.6425794100714 585.96627129283 668
305.26174400464123 624.1916711196741 909
113.77223752154065 938.0541458634299 537
73.90893952528654 79.19138984057894 4
716.2776928877366 214.3011060459128 662
340.78379409376913 479.99199520720805 190
221.7836763657306 136.37178058395682 444
757.7006299879389 99.57432453357762 638
229.5667580121754 999.6133806971953 986
461.76033803186067 750.4215348371023 459
222.2796599475737 452.104313380674 745
263.8774231080817 660.9902962906863 716
478.7092802338193 921.5250928778548 932
397.51946732142164 145.12285294014538 334
325.0869657446013 512.536773612305 321
911.1434484449227 703.3691385036448 70
516.1579805526762 925.4974363399115 929
18.91132597674272 533.7842705495194 561
868.2123852946789 499.4307639539662 397
995.2527519031489 909.8123396762184 362
158.10571209512136 82.31121950123044 611
124.10440306971049 785.7182547033258 722
197.03718562157923 612.5741331871931 23
607.848303190419 808.8668236257075 817
366.73481340587364 494.92877219292853 991
446.83250285364795 395.79740699148323 222
96.4453510796831 832.5305439072057 425
217.29111013534552 460.7405256555512 207
848.1604305044457 480.05739443466075 221
546.4748187461746 144.3518065115059 177
411.3588543631814 526.4655621436549 515
169.90088054241227 352.45487788518017 301
27.156460143638263 395.18849294573045 136
64.81556000348488 478.0537953964438 400
679.648889590251 470.8188102369185 172
394.0515369068119 582.5048757790357 803
666.1620959485412 688.6193707841296 486
266.49501951100285 294.37690249897287 5
183.72213429744167 925.9348655562319 647
523.4013389335063 481.6436821852538 535
518.008991983315 824.1566077129677 369
515.1207826364104 330.6261239283055 979
222.64813911544113 236.76624431320613 625
372.51838087978416 833.3453056572972 525
904.7608265293989 2.031972789418024 32
138.35294246508877 678.1362460005109 425
499.30567801506675 647.613844932001 946
332.8232923842082 813.5437404004753 700
129.00732576783312 700.0370992491282 394
884.3757598170371 169.32991671300712 863
869.2331521368932 444.5472709253673 992
826.8696381649908 134.8002063018091 183
284.40632797513246 59.84774672092041 820
875.0772823915552 427.05940211471716 718
374.5441573052497 127.7350751755988 816
84.50047573081521 369.9863846883069 941
404.65141001355954 779.7610634056466 21
182.21515895161698 275.4533330375718 987
353.0777042447233 777.7254081187798 610
461.419865579296 922.821583527801 496
573.482254379592 313.76671522012435 454
457.5809721939045 470.84325080117395 605
956.3265696371382 871.0636265666808 296
480.89488019483707 726.8836961465553 470
62.06013820213474 377.72886776889334 854
441.13730598436706 175.33643880956274 225
139.5927617906375 811.763904822249 986
353.4729270211945 761.8982186092765 336
821.3125389309378 375.7809112345136 625
766.4371387137845 836.6653510051518 510
244.02491211798105 211.62412808645902 709
791.6710101085571 403.31398363047833 888
443.68015675212456 254.37206966358917 13
991.4199614740472 432.968848431185 945
601.6993813420858 343.1216027448276 514
968.1925933377753 151.4391135207034 706
273.88149261531714 429.560011101759 502
752.6261681497112 340.6126324053241 461
453.53839336633206 151.15213071239154 320
614.4856420908809 161.75409498694125 305
579.7904639364288 844.0851470946859 627
861.1438571445717 178.7527826295886 946
919.9053918953906 800.653467886728 16
1.5649647426980717 946.6317983582605 119
789.848926575805 53.548199433700596 867
414.82235786323207 916.4421691439096 3
686.2044649559425 69.13638738660921 617
160.33993785075097 489.6215607294657 956
36.65046097237423 302.0675898903766 239
916.3759122054227 532.6417832168428 444
723.3659701215889 643.3461451329239 501
678.5945247540782 133.79671514937064 597
19.105724885004506 807.4349598387602 240
276.88460836250584 994.7546178220703 292
300.43032353171685 914.7534729482263 300
321.19166254470946 343.82682425565594 44
529.5976797139783 917.4463553727996 195
706.3411249188954 425.51906122216974 971
32.31243764192093 249.6765652140811 307
591.4395514141002 101.268468126949 402
54.71414316754641 9.933079660954247 203
390.89303896207497 395.9876212253349 455
156.3896081926478 238.56448695592547 1
732.1137738086883 251.82425206862635 289
342.86741790850596 204.79584201934497 827
241.34637982785668 486.10392084526666 830
707.0249058445 779.4773048032895 892
310.6735778478539 57.401926373709 359
264.2907925218775 393.2203516705538 151
338.05912351700186 429.12667334788244 958
762.6432337240195 408.4127867731817 804
647.2935949600538 499.81773117739715 712
812.2089798067485 175.22329364725087 971
846.1396369078407 231.7066950236768 778
333.92891719850746 476.03616553392015 264
349.6090782601309 557.2476507875168 724
206.714206004215 767.7151752461358 65
412.5018817666835 85.47367091411928 369
333.8966016604239 764.6408186037685 803
52.62401710961673 686.0618726680615 164
169.19422092187375 902.3428704697154 619
474.3186143559833 760.012578600065 664
144.89357703497274 649.2761247312585 591
699.5954600825135 89.17995604103434 789
229.56986958915314 614.8475117389513 598
655.482314721666 332.72721559622033 355
448.89529888132165 360.88251675957173 150
346.331617152297 903.5796256274868 595
636.9623152048956 41.427441431083125 228
132.99990944586514 58.32851762205416 102
75.1261658694774 944.0756501601401 566
681.743211539966 800.2362630948106 702
560.4450923626428 223.4265745069629 488
80.95392253905398 314.0713373283399 29
979.4494052891912 441.7508463478264 546
314.07264815011746 376.33273043300863 170
62.58628427289037 39.53402757763946 9
862.2629020318765 820.784074388507 288
166.16858722609274 250.870856353428 24
84.76031538407214 751.2079360128312 538
221.3949510443326 366.8796962116777 848
292.90833405346217 139.1136265365054 532
63.86035307202664 362.1814093839244 841
26.26598396604807 431.9890640070477 568
124.22493588125738 342.60910277829214 344
134.8128516204462 64.31381967761307 17
300.19736448539203 211.3353896801049 375
981.070283105521 402.2128893962962 448
36.79460243907262 647.2028343289106 434
656.9238211769127 154.37755010724985 344
623.1626336008577 468.9751896659565 232
805.2999994383799 205.52383917344974 136
546.4346912212061 944.0296701611051 393
536.8440331788919 233.2488327775164 184
291.90493971455913 791.7682841483756 26
601.3513589478736 564.2473326994531 757
729.4542246906485 671.1650396395949 888
272.8219852997655 394.63767324550514 544
910.9133416450908 263.26771165774534 551
299.6261726671563 752.2039741187498 226
769.2348228905342 371.5754893158596 662
62.37720569205973 316.32368840519774 792
288.8084263897579 816.0084304508458 630
346.39296583537606 105.23726925069332 100
95.52805233074224 950.2245432870485 35
718.8593755946866 45.153646934813054 130
114.36831859475893 282.75952248316094 107
211.59868789122527 610.107382365556 59
340.61560375525767 980.1515729094207 485
251.00563763948313 152.82507925605003 219
740.5171986473059 123.50359130947386 411
357.0000993603443 477.9199514776532 615
211.3629384485398 660.093558273304 201
600.018408294972 297.48088503291115 780
917.7649627588173 882.0406940396077 708
98.70221486903641 34.234466721020596 111
527.0999049657016 755.0975213515346 358
833.6725658343912 191.28479170498358 778
431.52661692353587 991.9313846419707 685
684.7396532975523 745.2896369547141 36
861.9860641876596 21.473400159574773 824
505.74600790438586 992.2143867895963 335
943.4929002131187 107.00609184605514 660
833.7658778631976 458.9625305512695 312
381.4644866950684 833.7875321402308 817
62.72323138240055 289.2545361399388 24
176.72364142113761 231.68056755022914 791
805.9428771514041 82.29107921125734 511
469.44831201715044 616.9197957814044 271
207.18414954895326 144.9463021623152 210
774.9692997267719 364.67237027873455 902
873.8150621006588 738.7006776790389 660
141.44970600712702 314.104250069851 873
879.3340645472127 735.1080842103634 423
36.16612045285939 865.8696186219918 259
727.4072275918903 847.2402733332835 248
755.5033549613412 730.5110263125725 494
52.9512130826193 690.8370434809327 502
180.24008912112376 401.4887449003035 136
156.44534218739224 844.8018134116328 472
650.892918563357 335.5080869770627 401
129.83587366316863 139.66767777683765 279
988.4191142691295 246.45578167114823 468
640.2876299029874 560.4999845314403 35
955.4360470047814 47.06862665657108 525
269.5606258832214 415.81261325613707 583
837.950459539043 497.28975763083673 968
593.5472607349005 514.7949458418005 319
483.6349887709973 958.8925939699869 655
148.0028210139438 899.3182546219793 868
259.6710659523329 462.8888643059309 321
272.38618471976883 982.6860951187069 885
578.7160680470491 604.1320361720615 31
890.8168256435582 728.6301493944582 224
382.13296582493217 166.72359850231 181
889.123596912529 68.48413728298142 41
59.68198365169008 546.1418251435936 429
502.43844813094574 982.5074607221975 956
753.3772195876228 252.05243264999456 169
664.8246290491397 948.9552984835454 769
251.37049473193142 752.3290745407887 883
712.4898946276077 8.704589057298428 916
718.6335266052552 413.57372585823725 366
689.8004299130884 716.5168323767102 729
473.5850375394295 255.29420433472117 673
131.4618541742214 752.3071641129716 381
316.5768036703508 430.52185722185567 598
846.6946850650053 735.4230184054751 983
51.33679887207665 847.3522614116226 493
18.30322716363897 575.0751403786046 774
655.8116812368355 77.32637188237024 227
261.2048577387314 320.77170829590364 302
138.17763347389655 733.1334245631763 585
637.1366415280982 942.3096114677116 755
754.0606625086276 416.214658598963 327
949.0828346396729 587.0787474287107 948
618.6425333238151 374.53100800541705 26
398.528642942403 845.0357661731464 20
608.6291392564831 493.86124414429946 559
982.7652322143887 288.2563739364553 143
787.1779631671292 171.93186406093298 805
865.1141876872082 144.4912801903907 198
432.3223474017559 540.91741318328 446
869.5095698589703 280.57199323028703 409
274.666438274905 585.235653229146 133
72.63246118395017 300.98379052750255 763
261.07502897839373 834.2810094917523 690
426.1217289132573 584.5614597420649 222
26.093141181196657 973.4635156899741 468
221.67319041424872 962.1980007273114 955
521.2898347575224 498.5300702950595 727
109.61963701246435 461.18151972728384 313
332.88908233935246 597.2319147702602 679
279.5674953786027 953.9909702656067 237
812.5118891733081 162.2041160981731 666
778.7073524687644 239.74515366242787 47
394.47156341143443 647.7613248464437 718
323.25039405210333 322.17088340504876 245
383.51056095543254 552.8767725751978 92
420.70071008264244 613.3234659805418 910
740.8710901341017 860.3449221586174 153
619.1737057130845 944.9606434362689 986
509.7561252245949 273.25860778123536 445
474.0278303582176 963.025239109483 858
307.8889543119676 412.1649874115032 884
900.8839286630556 348.5206115401868 678
663.809138464264 577.8482111374973 41
433.0939421695689 427.20173952651743 313
382.5528634016415 728.5574258280741 447
437.007664601028 786.9130542055377 521
610.8678433029727 12.772994226244894 87
978.8037072296095 133.0880324467345 671
72.55632979937387 876.6366661284577 108
194.6273610390077 961.3317928290203 885
910.0125202349373 678.3210282733116 606
319.1342916926542 187.65783068358732 2
554.0686904478806 598.4929932324684 805
102.21837875945027 99.1463767888029 645
322.64220566093195 341.51246018625847 997
254.15024554770605 475.4209510218015 680
749.4657718418433 569.2094346658564 535
928.0738444294251 141.03209747496436 967
952.3257900140314 570.6126459993193 623
67.70172014928811 662.4462825441259 382
640.9975736861678 729.3203846692968 641
705.7205164729962 529.7812205276608 725
552.4173052643943 646.8218105343772 240
559.9865639028261 520.9614652845231 369
102.12147781161607 387.5963582846688 445
174.6440715545302 724.9519081924799 449
949.9904172973218 661.5486742977985 930
905.5364868339174 616.4211093809379 786
961.9749146542314 956.5555789951848 531
204.36026499012416 676.9463867207751 772
785.6625277460913 121.07139788809862 596
873.8827771471083 450.63675829922056 181
12.815155102399611 387.6376608696107 113
519.0495164244143 251.37973216278075 300
559.3154399348653 666.6326529839963 862
312.2077787622535 44.94843224487022 609
907.4413911055335 712.8471882534159 53
427.4261833693327 320.7283875940033 928
182.67370906274428 171.67364200305968 315
661.6576116712682 188.35463406818488 219
136.96349360617765 104.4771411984583 480
279.88024644089893 816.1502417095281 836
550.9447745469934 554.2538560960622 430
194.26407330479555 914.5982055283631 732
119.03091411063849 714.5521680064318 146
614.5673641468471 839.7981481186871 97
822.2565676762907 389.5738709066452 46
575.3792241785529 749.2295876045232 420
697.008556091268 297.85548937063953 97
181.4640489872177 548.6916901584459 121
818.7847427194383 835.1063763601489 64
557.0347086435933 828.4230911347362 792
663.2940714985153 16.61000819020653 719
913.4168090025963 929.4824517649889 39
920.953859749977 13.167855953978957 506
913.9002583087884 469.05518525755963 975
945.0792756414822 692.5306522512305 513
117.28493400525065 66.3649956661374 616
94.97369762708429 565.0834189170838 747
375.8527405303183 251.66961166819468 859
707.1249938897529 678.7929385502272 985
462.36182482879286 966.6073339752428 261
527.6937043721047 66.28627246581354 981
87.09317736517863 983.6235929799514 225
57.726605494786476 493.1464414739786 96
721.798136624069 686.8888758106677 29
763.7200044264885 251.1897004548299 518
975.2141779037593 720.3064176425831 879
898.4242028165248 827.4763841027933 938
407.5870088870339 889.4902462057319 222
328.1415074981875 413.8759375139858 462
473.7903806503727 478.9414917784597 205
638.1944728368308 501.7252703369217 671
466.97995906986944 383.65158543617497 147
217.89840871961962 588.3914516359747 730
69.80668259821033 773.5003552816827 832
279.56768180471505 93.20658213453437 14
642.7305989665052 664.5783498298393 208
93.42249694878069 638.7316835119439 923
830.143414932537 64.35756781529534 191
22.4085544190874 312.0783289065826 539
684.0873263679383 559.5960644378396 102
417.7872616725815 483.7465919481423 834
675.5716522897843 216.04882451615947 323
386.663162308691 276.3854487785914 590
18.186058796853423 619.0162218734939 261
291.93969436212996 276.19616732863915 110
745.6984390952516 333.93359140772185 789
87.30631290389024 681.775655392811 871
684.1469319615975 626.1114690131338 69
684.7694577377176 280.60012337451434 760
864.2542617497486 590.7373570301938 396
629.266421075418 40.82975785291432 501
383.3627261280762 202.3796791606297 231
991.589307882089 138.88150547238277 716
478.53366185186695 181.50127756857572 151
177.70607705542773 971.5542167016443 67
232.8896345784258 699.0710217478309 494
875.9308803019514 79.94532245841879 85
668.2489729217991 466.7312026206385 388
911.5747315550523 927.2929233443284 763
723.4368237584794 333.9230512089505 687
350.82047168573496 706.7135480520126 343
590.9233670769895 364.1958109529917 744
689.6569549459185 902.6854568924949 41
344.80430373451765 383.5236633676038 500
888.4630199551964 779.3278439003398 26
755.0132053757607 591.446674069173 544
904.5907625427477 620.8190758206428 777
446.07281553111454 989.4927111565281 797
676.6568191310637 904.6577578732856 392
173.3229525255825 355.8239784864554 849
58.28743354771315 282.5152990203327 698
584.8803406077753 571.8133070350146 442
181.32611899308426 87.59737628097864 387
911.4357247777004 246.24017543274545 671
476.06141636733224 408.5725333272127 441
254.49675359130896 946.7878903776713 518
334.1849858604532 689.5647459901091 70
790.3480785606379 273.15427260993965 536
124.48086063225338 794.9446259685675 686
607.7609529592868 599.587811566186 897
340.4346674161637 193.03110543255076 605
419.3042441661434 609.6019874522195 486
762.2983764494654 820.2093484070631 370
170.89880474221442 833.8154876833502 377
569.7258002825138 253.86272328572014 991
552.6516094979874 737.1325055421178 549
324.7453978616327 308.9914275645562 10
271.3106394696014 35.882961373317926 316
400.12711278433045 899.4994922513612 225
520.9152035255364 858.4834799051324 357
951.0217917449052 271.67081209197954 909
723.0925561892582 156.23080113323783 303
865.136484022216 340.07074779631796 38
910.6301812090154 650.7357376325576 941
778.0126631920117 322.30588442808073 244
715.0414665770356 643.8772375741329 549
546.7361503161987 298.92610489155015 594
0.7129776234708896 562.4930402428504 323
298.6718445288684 908.1299206197272 525
570.8591424628395 267.60696319926734 148
319.92461117663 335.7521140386033 215
770.0435937045013 284.06000258704023 355
67.99642617209989 799.0817271062512 62
788.171387311912 556.3772703874162 86
202.4252757235434 796.1035003780142 390
201.22350113334107 847.2128911302174 161
921.122670823359 755.4364083391276 233
800.3075769540087 718.2508668201244 550
236.30854952941237 96.24655686029071 850
676.2966107814269 425.39742579796626 56
786.5867438980404 791.1756276955358 335
618.025508361159 630.8587161999657 258
159.9403267054169 734.801183475237 776
330.1657191205033 575.2826051165194 225
977.7198569624726 655.4318389682103 115
854.325287199061 204.67336005722547 677
60.16934526280215 721.7114567948304 436
291.59829951998285 933.6904607350399 634
658.7934836629792 705.2275654082525 166
113.74843319661609 570.1147571027934 42
339.82961999689553 812.5386142644505 961
753.9758477555301 165.73688810001397 118
252.88217056000352 335.6298937549881 229
212.63476042815554 49.4732239319845 9
213.0958827715418 970.4189381409535 404
405.74509727355303 717.1976534150955 868
484.21784696825455 576.3682317894136 88
545.2873128914516 899.6455598279316 872
607.9613664488419 776.8536403799022 980
751.9339123972525 566.2497045121289 474
233.76843915794998 4.258794666195165 663
888.3524074937794 245.36279708643616 856
798.873108099394 440.11785228017874 629
101.61649444008624 7.674477920386447 619
305.55417412527675 761.709769318736 742
248.5399862687554 690.7250529374902 18
348.208012032299 312.3841362822354 470
777.5373129198887 443.7709071602196 637
571.9702090246249 513.2183435294605 963
958.184584166505 732.4603184186522 739
229.1548741485976 594.1645162001597 622
836.535956410113 674.0016987634896 141
218.77563212296192 719.9768327291617 574
611.740083258635 224.94207735219175 472
13.50935508927764 327.79858762906366 257
346.46762374701945 555.4299365540844 344
69.5240119348558 289.59877261380007 745
164.38793378954486 143.7568695228001 217
617.5714029967321 458.20502858499236 554
276.11894133147206 570.7305081055354 625
692.143740443259 342.7523424129192 808
864.0734994442721 7.619542266977697 850
339.3806346337428 590.2501233324268 277
968.6026734939662 307.7527203521644 217
107.69994488624401 533.0722859736043 581
864.2853452383753 829.9867112692862 229
183.44255156298505 660.4645339165507 234
711.9272292627222 806.7870648157073 993
306.9341632575917 138.18791078410197 634
391.5588993487783 894.0354891586052 848
823.3564722323563 326.1068239874946 329
768.302642521012 429.33099768030667 398
435.6672154500094 120.14203566619707 566
488.6758267758322 4.9246700041869484 757
656.1054995064648 119.19649169697789 792
356.21867379827444 155.75261137066752 272
839.7912755387958 890.2267400481965 271
867.8310639616909 152.29231045826174 142
146.7195904396027 348.8383190334218 709
724.489715791205 415.05547876508354 898
591.9342808254537 732.0068013947114 567
150.38725890658966 195.12997259147136 22
407.5785916699232 128.9535183178686 974
420.002043933247 526.8678837994689 211
41.80533594382951 812.7434821608023 620
353.571875818822 476.69016178173604 159
416.47510000922495 526.6603425374753 655
130.70067701350285 328.2425004506898 431
223.83769053753488 566.942988841381 375
23.91628846536986 890.8385340068036 570
919.6186220806195 644.1631018869653 583
888.206818108732 477.4835924920583 461
391.1024155542936 109.58714817148218 105
628.4383263504383 758.1140245437489 975
297.68575480294754 994.7753055678393 851
700.710025868986 352.0355311713641 550
310.17580926359324 832.7155917223483 670
58.9028867522774 51.82629332966782 354
487.78919314548017 61.13629018847067 747
520.7104954481389 663.303160490076 649
180.61983874603104 268.0404139528755 792
394.93336999981057 513.2468617086245 593
195.8298490533722 844.8605165134327 614
781.4756565676571 182.9063480650377 569
672.7592763847971 290.6113976565842 661
193.20572435623762 498.9782156936974 562
107.6665876240459 69.98783286836074 314
902.4670383370807 971.7962558022662 541
228.578140759368 807.6080946452597 24
974.7523386272696 450.10582682589984 556
541.508095811101 949.8570960835331 390
995.5558494799119 303.4435705313355 571
886.0552707540107 342.87534092737246 884
133.53158660062604 503.5606413693967 561
82.72783025827567 836.7443153166122 366
856.9099499421459 768.1600830349367 785
190.79848473739392 153.22538704438728 716
456.08936811640933 324.88134014409786 702
487.25516581371784 864.0063159514199 409
181.75810167528684 829.8665818755803 557
782.2483741880172 32.4483810076005 651
536.0303497301015 640.3095576898338 455
559.1935074141976 78.99866145064016 32
400.92107147547176 233.57851687599674 947
773.9505189334654 651.3046016618468 492
654.3154540710843 163.93501279283763 677
477.6274271115495 7.359657534306785 337
662.3011244153895 147.06547520441094 102
847.2103891788607 44.28652418221646 205
634.4910262245392 247.10104863995176 610
910.6379494183308 728.2500219883207 788
62.19078791881538 337.41997134127797 233
901.1835668749263 263.3307179804956 103
262.5106045870935 382.13246000446856 713
366.83391108219877 299.78112515829145 858
517.5803826666067 508.5150798859145 228
539.6273047675279 527.2884105285984 408
213.55522077720858 705.2342038932048 72
