505.8740626125603 822.0030068406267 694
569.5670842239119 175.88479728376382 216
98.19584076446475 413.9989649756305 805
706.5296812246212 94.92758174332916 246
599.4343954863905 433.45540371082336 514
979.9389045963574 869.3548321754604 776
226.78854672593175 578.8220367180938 486
562.5117134233808 819.750934087559 933
130.37342032670364 808.2251898372176 232
123.3017114818622 868.758620394999 835
472.60564337812974 421.7860808089593 975
191.67463850770739 507.0285231391944 650
989.8528606131056 69.81957074130474 896
370.60014048570764 875.4197116110446 888
324.3314120145013 121.06567888653852 33
819.8997445540788 686.5031169225678 877
479.597509267389 603.694854386048 897
246.93722476653278 103.21296441470018 473
30.023174300527145 879.1291727939794 645
737.928014307255 789.9472828754335 950
772.9055628291401 655.4767283622695 16
69.28514662015873 587.6248568827862 175
773.6018063813075 126.23454769105913 317
765.6578213158178 372.7344201699141 550
513.9665158565421 717.4425415118553 436
913.2958289900516 69.4026309531619 29
891.9743104800752 953.097364410449 605
361.4647447911702 359.3573126840356 481
22.415964213062246 8.199796210488387 967
915.9415435476805 748.884241197786 64
426.82555607084726 988.8620752315159 569
965.061794064177 250.05369908264942 943
79.00848158151031 458.2432928547061 368
749.8803774282125 94.67578032926416 988
980.7957444363324 152.63398435616514 389
541.5028647719478 545.2519754781888 429
104.75347678513324 636.5012314800389 92
759.2768233367825 560.8103512037 342
576.1570663370151 739.4005374611177 428
266.29984041490553 215.0857846732448 296
518.2388728880511 961.7741053491402 377
126.4434019088222 766.8237679187632 99
981.5726707164995 610.3182388959885 196
453.2601286485871 68.05869465298508 547
306.1551041058754 483.81566089442583 420
4.9240351846434605 410.27733136403356 971
311.3805652431993 569.4817795081933 267
356.9104368245799 290.0075687280735 658
214.3029995391016 220.7491908192103 581
779.6315215277018 108.31693759942185 742
731.9832162851118 746.6920742531744 139
563.3308424389038 141.10259054714146 301
145.70007694635933 799.1447477051438 992
280.7460094344497 397.0911094333434 978
706.8669294132983 97.87516016916709 918
198.79091439145148 106.38006598893956 63
428.16212925862396 393.6838507679309 235
956.1809922042592 511.6949302443883 46
238.90206049825758 684.4172009810926 159
181.6720102643441 181.98504176774955 253
870.3234876814555 166.00765428769836 986
189.92021901806777 60.87937630896001 661
235.91977320198453 468.2760890675983 261
824.6538636719132 768.6687303836138 30
232.14185615477544 168.9141908548777 654
993.3745888488855 290.97266292057867 17
956.2477095701045 685.3862731388841 155
572.7675135357262 242.20921408658458 933
419.02172266785175 358.885184648186 748
950.5742462638867 718.9430968972456 734
980.6555941545878 861.6364638384584 906
651.5012918340473 364.8046468542759 849
943.0021829378885 3.9984379379909285 362
241.12746193088074 919.5284877432497 187
780.5458675844502 248.0964318724217 787
162.44121383642153 641.6461552090541 401
600.5126238008792 582.6913064305834 303
549.2386791442492 370.8348046871744 51
842.0584265321661 699.3053109243244 251
69.63808707826524 851.6448448629542 925
725.962497465746 5.950996921733176 448
153.5446730208051 892.0894909728337 443
359.3448561710704 35.80652087946523 371
893.0551310017977 937.5364608467926 758
665.6232989156786 768.2055667546214 489
163.04568376981476 773.2655917573533 997
498.7976942786403 725.7776121577691 234
906.4314339483687 28.02720734733588 256
115.7600020539169 297.79532869563377 579
443.4250478961892 495.4687656531347 9
557.9961004121287 970.6497912146453 907
472.15299473343174 860.1243659493127 499
639.3119400245961 707.1759758714867 519
77.04908609647664 972.9355954040519 765
908.0904378118687 657.8995416212576 438
623.8652287872936 727.0762068419027 749
200.4775844480129 457.95567254381086 84
993.091419262166 645.6506448025696 753
16.379848719312086 128.94315030876712 263
392.42124968715564 755.0877267151429 159
58.879613356931706 355.39774286005365 59
902.0170511242361 92.36497282970856 207
206.83983766437274 16.300919653417623 890
38.2666371343352 882.2313681261487 373
810.6456873510942 344.7563099990175 968
108.50660337334983 672.7435038640142 479
128.5746672072735 313.888265282922 328
195.13502969877027 524.3329271877002 486
836.4167110872459 612.7576264298897 372
878.3705703054582 719.4555250509279 817
937.6437293917895 137.73347677724345 50
14.059605961982303 168.26127627809782 297
221.60560855960142 317.9006278040704 137
82.25413685466843 613.038566530475 505
26.113090536287743 113.93774801216661 965
341.84075849287154 758.6029073183267 111
895.4609142178937 886.1155538981257 736
123.84924601543335 367.6022926682093 312
579.9029638403595 520.1639125387707 23
141.82891221956507 276.6773992798519 331
672.6105848649829 413.7888005276445 188
671.312623856755 264.0851830558003 110
599.8303230796018 579.1597904586123 941
779.1566432556398 739.4518364655837 884
709.8195938881902 729.1486802053673 72
670.9814360925997 919.016377636022 214
911.2391061129188 831.0540376665757 143
23.157223423745155 409.4460065301617 212
535.1879811628826 800.0020001819202 97
195.01424640577858 101.97220827796905 72
631.150170564434 473.5886425379722 637
679.6683955791199 13.361638223318595 263
594.0503136534819 533.9468390095038 311
708.8622209567858 951.8722618483448 41
11.132640742921085 299.3494559342108 474
432.4125936889087 11.949460597075468 466
802.3123735762249 271.6263698593003 235
683.8517755849267 457.8162691567389 277
941.9582413213907 7.830344693312674 895
895.7622661231105 539.6546154950618 90
968.0424660481724 384.25340130463616 894
943.4834653566087 775.8754552031988 638
462.50438369136316 875.3445022861283 982
271.82609016823176 383.3515012904095 814
732.3068115845184 699.8857273926795 19
823.06062429765 554.6357176749491 275
161.3619272777034 361.7943974283544 73
693.3050088369761 53.77534791152427 2
206.14703262753275 712.6834322955968 889
14.757593587111595 855.9949027796604 807
545.4749370259417 32.42217424541627 80
561.6337951754876 120.31364786196896 19
883.1097368804316 343.6597906584816 923
613.901978467956 415.27661516458613 418
750.0214828050242 417.61494455710755 150
817.5545402986068 918.6861880089702 47
58.37606092190717 574.9861793472309 263
905.0868363402534 58.75333333122579 222
472.683870014843 806.5262520335203 346
582.008654841903 984.9721380421624 259
376.5701658394149 83.95805772979126 483
365.5031695837435 816.0054501323162 679
941.130275863022 186.72461656628826 177
359.4985482522398 674.5512532025039 824
938.900612969919 137.31821313966242 878
167.41182745699734 352.09108678243206 703
389.5019932018776 199.7693074321727 84
647.6115859690107 822.6445912044516 515
773.0994278284033 12.661130232853978 868
396.82442646204055 485.1112592178964 199
877.7122190905218 888.7777931342649 816
520.8819454293599 148.84586662973888 891
202.85314536827414 940.9709529772729 771
547.8915140567176 487.41433772190067 732
751.2277340438181 563.7350249293311 754
595.064812445312 884.3827585387527 475
707.0455863151793 914.1354926285132 629
58.48182188170337 477.4694857845316 366
980.3401547357527 533.1110286355446 770
375.4245919471191 901.1250752637976 559
921.0784762718449 892.8319027832263 610
324.31811080805585 278.6822046712546 783
593.5231426816142 556.6355728340711 807
806.0429095465428 850.0418414361327 692
477.3720744588794 884.6632509370114 768
279.1488049981816 59.82412226239398 214
354.8473522006254 592.762556291365 997
157.65280387864323 467.4430006573965 430
841.2538530967624 746.2547323008914 192
220.60743872563094 863.0364424085606 873
808.6536604660972 320.2692058464114 444
246.1656869037493 334.96960563966485 637
611.4275143946813 55.090977837051305 751
610.568497136556 953.9795806712965 118
192.86921098991084 549.9253667054792 201
578.4364837569672 130.47219044084846 534
756.497007529513 189.86420256906246 807
157.77876342510834 972.4357972517995 917
408.67299503473873 807.4137898258924 478
863.9805165843154 810.1762654530505 867
964.0966119580797 629.6375530814967 771
718.0065328473024 547.9757520039167 2
923.5455993282192 252.74101997813025 169
573.9189081028435 836.53528482481 852
564.7834008414455 858.943677970673 342
697.0107299939455 20.197430398438797 769
930.3698032329786 934.2382545485762 342
596.9442360159179 890.5895318868837 615
960.0281330991218 832.286263235273 180
290.4166809234695 203.3935730827465 459
30.694637159793594 719.8632850230942 582
597.5855627329164 236.18106197183909 120
956.6011667829372 257.6403259078548 865
150.6582582897451 503.79268799598674 964
734.7811589992461 639.6185046593635 119
779.3134259403573 111.11463355473761 958
337.4295249050796 947.0486344883075 409
384.37062385820167 687.2568079232279 37
89.80501587261813 61.21174535668339 225
454.01940886707916 552.2232636904102 201
765.0698338313259 324.64655053050416 355
346.57923391026526 968.8548030438556 169
693.8043012323046 805.6629589965246 268
488.4239158199076 708.950704826748 449
45.11383608581055 950.6433993466619 178
749.5816456827145 530.3306839329192 676
255.48998296455895 653.671218388028 316
534.8558561852715 887.0125652377242 223
871.8417045560245 763.9384224041946 850
535.2519831658753 962.8941219660826 552
284.08039088361534 795.0237445674926 585
102.61961310876788 489.5668446393343 246
869.3453209861381 824.7266183211296 977
515.3808063556419 290.9433914982594 117
485.96745945411004 950.3526211017725 246
163.59117587881988 432.5095679504345 523
461.0083656963805 832.0773448252062 308
184.3908922453992 958.5573823411502 170
628.2940369005748 70.89044254324716 149
247.25036678667323 14.510486989553817 543
509.61183761104365 251.52120642189013 196
498.31054252728825 476.25221087136805 649
565.7393389281688 434.9860817637895 860
427.0872670996767 26.25225354858618 900
134.01293282554872 406.6961310442692 548
903.7022311415143 173.6373504964903 309
307.63551938070765 757.8514327836727 818
731.0604358544618 298.3033139471722 576
210.8871648883437 390.0175543988491 971
666.4866915800932 565.336007358083 888
12.132571004547898 579.6471322062491 489
256.10036435281035 308.2430090906468 976
352.0934535774607 657.5324881539541 961
999.5725586275111 94.07560764287082 688
178.76997788360515 12.798433698156586 629
548.0704061008355 837.5072243550852 48
330.43590249244426 412.55534250117154 502
27.47311279815945 661.4596008951416 814
48.13532504361995 638.0496544202213 64
351.8294230155754 963.6159813123616 536
137.67718473739987 220.66010322901164 462
716.6330200573717 716.6511628651094 940
716.0147835442236 68.86235199660484 128
363.7831024061684 500.4566145433893 9
24.60658427269202 790.8526589780362 330
290.32693103064867 363.01874825762195 239
598.7769659040104 404.88705418375326 654
176.54114391937836 231.0728124548972 208
404.8816974649429 609.7997020620826 457
178.0764999573452 18.866836291302146 433
271.08694271468414 254.33092614035013 457
727.5960588877592 499.4673041681684 436
445.9961040727731 514.5561420177394 682
956.7095677449638 947.5621298516847 720
75.62847475665546 121.67110147608606 817
500.95792645248474 879.7736491067517 58
916.7545027886163 538.5428277872867 401
454.4363904519159 104.62093569184493 812
287.32855405409987 135.7919407350495 780
538.517038000822 273.8561463769499 442
445.39924092043583 801.4458832608644 740
801.8149546562424 472.9867158663744 769
93.32060642226602 91.80803076251087 823
204.78713880561307 848.7104733023774 288
556.932248137574 218.7995152305323 426
475.96959815519915 468.82572549648813 89
188.5587998716407 374.01436784702213 856
227.8570722246318 419.91172608271245 840
61.99571181408958 275.087184715218 861
150.90874572092338 143.42468552935793 610
998.0200611423985 685.1077220293685 652
795.0547461265091 216.73979927196152 257
165.04221735987434 385.78603898351935 17
783.3951462163978 58.15344041660353 355
713.0007506777214 339.01397233320904 76
796.3919924153279 503.73834752876735 397
263.0085062650752 321.40889877369995 75
984.071643219375 819.6755171642485 909
827.6908230375732 309.60769778588406 904
334.6883431041936 535.9923840784027 783
590.2120356070969 351.19658455055816 25
594.999452507079 286.5707285839353 324
604.5585801035443 870.6040541078382 667
997.1856943761613 691.079353522687 834
487.2023742087362 687.0835489275421 679
583.709552682391 125.98814827079474 117
412.14852919831355 236.152423525004 48
700.1224162981395 740.2382946778932 519
226.24214091700355 372.0338221326317 297
619.2091349571217 553.8125645186052 157
999.8513026039874 544.3186414356095 747
773.8379710120143 630.298800351983 207
506.6151520937392 36.81564474411303 757
363.82359351788165 647.8194554707002 414
94.15894759437649 44.26869069302475 223
616.2099665984607 211.73266178348925 596
486.9840226082943 611.4418815699667 181
399.8324803860367 33.48726824605364 532
31.11423480108655 19.018754246953318 866
296.96791179692895 553.0722702304565 75
711.9201140695728 389.7414076865707 833
158.3062116996684 195.9183887102538 172
266.0826663749224 825.7586901288463 537
987.4484100877597 533.5180139423836 626
940.789021595393 283.3736935561009 793
64.94830149980923 181.20753238992393 285
103.20041811685165 526.6713333190152 512
818.9514062293335 164.0011600584238 288
791.2458861693032 49.32970712482798 758
531.7272954179361 951.2903277008537 845
187.27305606732193 150.53692218834257 943
904.0758590091175 905.2519240056323 380
295.8561406604723 209.06439496521932 685
532.5083772683969 723.4663999382983 733
787.2400760362009 95.36514995130551 246
75.5513774003852 754.1092482928906 658
988.2494167478386 598.7289375259869 126
688.3040948974369 95.09487773102077 712
543.7746289942123 80.6711686015279 970
193.50919437516322 858.9919985434998 504
371.33809594435365 305.2985648400408 239
708.5535672446923 187.47689890684595 635
269.8875003955842 515.4084026096468 859
705.4352800446078 310.46981971515754 42
131.0297343449489 524.9735516152406 955
396.32831807598023 162.77528284801812 877
858.0844046377264 863.9153500589649 607
979.210142991362 690.4245071169568 26
280.8337646614559 396.8832573718899 970
199.90249287166117 255.6770363138222 835
930.7734540865616 454.0834260774849 219
583.9081742432933 434.1633754400572 256
748.2459493183101 130.8804223522323 387
926.2485850158758 29.23288551669845 610
597.9945315301445 396.31897634883404 273
644.3095358768737 664.5368936442683 337
444.9202513860451 606.6742175549851 371
68.62876209558522 927.2392596964646 25
384.99452267110223 503.0171901997886 356
479.4631424439013 92.47067109445783 896
702.6922872041694 461.99630265579714 439
205.72370561355035 994.2914573032468 846
907.9991274232616 894.9867895015113 830
725.4262065453622 989.4970185629744 529
6.983176740651631 726.8614972049825 838
777.5498541241093 350.9772471166156 88
235.89781342782223 996.9496424811053 214
214.65602409806883 992.7732754916896 996
291.74423488796253 856.1283307774485 595
929.4407391626198 690.7941576635783 752
918.070657675576 850.2783536444424 882
124.933416906296 592.5144873136667 218
435.67470981604396 242.2076408134889 431
733.75237947391 191.29073680529686 173
854.3348290480807 195.19047106052167 921
510.8330962064426 868.653060385301 745
809.9702778434566 727.7725374343083 556
614.2630584837128 581.7138214392312 960
448.6347912883069 389.56444058039585 975
472.6070122788243 227.5250870057596 78
935.7242168964913 78.59362629139743 685
749.0734545460163 449.51204818116895 852
616.821934769661 35.98097627130614 115
858.9251297337845 668.7504778452902 208
814.984217470873 104.51407997680984 284
159.01023767501155 254.57967207754317 71
576.9191923761038 126.74105919542133 484
167.32982681990293 240.04912096099108 220
67.7627832966734 543.0306997257295 235
96.19134167074317 809.6801263051939 648
925.1309578402438 626.3151390033127 277
815.127804086866 916.7263400844979 445
427.7232624340971 327.27863918921406 66
849.9707712980107 161.55319828239723 74
785.7729947432588 43.877908677148135 592
199.00269956366944 26.045130690938056 956
685.0020348855777 231.61665098222207 297
255.23786932458435 131.46270512086866 148
836.2105063048681 190.06829343904485 561
687.1353638146093 432.9878747343549 230
780.0273027289161 73.13270346450129 773
685.4929125175844 381.79395395048766 245
477.26438202398646 415.76666045250266 41
157.9384481022802 97.0619905842175 888
680.5535093466924 57.44579619594204 929
74.06790742479075 462.4051581857465 892
890.4948322591647 471.23013862057593 996
638.1594984024092 445.18851517348776 197
893.171425569077 271.9258658871887 316
189.69133884303736 701.7849072873291 712
34.07692646461202 868.2050053090408 547
452.8477277446097 580.5422766559301 388
157.27961302628844 222.88251293679562 222
842.4303564195375 333.853836792702 348
227.41817920928787 66.33350043381714 877
612.9503232320656 523.7503820300495 734
614.1212930406657 288.54473655126714 573
158.15838675789718 270.2744230337155 699
699.5176576963119 907.5110014706661 82
144.46907771203865 246.88307250439345 926
774.490351020666 285.53177758905923 164
778.870359950685 559.4568267162149 526
973.5745991515804 487.38863233826766 617
792.0072959133385 738.5033408660277 425
769.13230254131 826.2059247644174 667
502.47947993278433 264.4990848569283 716
61.8004309431982 489.44988917007504 257
589.371656998991 140.44712865265652 199
569.969257272436 844.290440663762 19
864.3027993588935 936.121354667122 438
445.2097627868813 494.7683412227124 856
360.4980002068447 515.4186220354817 4
910.2912857034362 145.53383722056168 16
790.7058097606862 586.455045628224 747
357.3519298209148 679.7861113912603 919
47.5033013527586 367.97722387392406 643
545.1192056180757 220.75839841846155 260
327.6788056628409 128.11009298939348 535
190.45737145901853 751.6439717039565 748
574.9325094444521 453.7871622982098 296
926.2973454777128 792.463972458526 850
423.8052133114112 629.5874402933999 434
403.663807644854 863.8944685749258 890
515.0459763445216 382.95046075902894 266
385.1365080130691 9.531975774357715 252
350.35647598695454 599.2440322570461 222
482.2162692838049 388.48573681014295 282
514.3254285116043 824.9904726316108 443
35.7418656266334 309.5833159230662 929
353.9710098948978 15.526130755184608 533
437.2233880510911 236.92329696625126 510
437.83871607988067 162.50456760508757 747
213.78745980618274 268.62293803007543 25
251.66806468013135 608.4447418571657 64
374.3899955769251 611.4017025698847 590
195.76424247850466 838.3820111479505 506
408.11159312083987 45.783478351635985 369
658.4483225834413 742.4964460855696 848
279.70524361261437 362.62657057423763 824
505.3546054027538 159.77863731360463 341
636.6487516596997 626.4965674280778 510
49.67495895924301 456.8752509566034 375
393.9592168270178 603.874954566257 481
975.035685347262 84.8097915957875 698
935.0215190452865 891.6853047266216 285
506.6182510460274 717.9368312728088 507
643.3375510026709 236.26124819065598 160
325.8770430124216 53.72972820354172 388
671.3544089837285 727.8094786506936 568
897.5459209344684 745.0822515694126 783
264.05628526111724 128.8857969827889 636
793.379391271247 970.1553353234774 660
823.5860070903326 926.0214617434688 606
341.6218823132828 907.8786217827944 311
135.5282375323623 835.9195622224537 366
849.6384416128085 113.05105829409501 760
963.1756491584205 849.1998530654056 332
570.5606594367242 711.8016810238701 984
613.8050304639635 575.2379444246992 878
582.6795257968762 211.54731870698285 482
5.257622173581944 104.28143771817867 35
671.2804795172938 833.8144204704388 87
159.06491517270015 736.9679990445097 948
954.7068771958121 96.0753692867482 964
455.80332761485056 65.95149287329072 880
218.04097402227896 15.751078898274207 53
313.06529136537785 643.5018048213324 47
933.916207559668 217.7003620152832 999
121.39730250784919 811.0553076704657 743
542.9164287482606 516.598013227076 712
586.3229069014403 663.8398336597336 387
925.0126162096199 245.133422654343 956
515.0636481463654 779.8409081295295 419
539.3113334188204 866.1057666904312 448
611.3745326351834 448.3977627959207 36
147.86345781310393 836.7030773800316 36
112.27762288234489 206.9418294658426 180
679.7508214496671 591.8496002118067 269
617.4343804458588 38.33746758983114 563
136.8048961581365 816.2343455354323 441
162.3675763919419 401.0358569186141 545
228.0175835637056 955.5397889082062 204
865.7491432534051 521.8493497842682 30
672.7616435308611 434.91243685513547 759
73.69391122005476 548.8396488224809 887
305.5371553966927 779.1522040914268 187
450.99117179554895 550.555213008824 166
153.69273351720713 447.77824513975304 768
779.3879880628247 605.554747926508 820
492.86769774556825 525.9637935990189 337
290.9888185337297 139.92374108960172 946
651.740206492151 851.2606264824789 24
469.1713520830579 742.8098904581362 319
354.9900038612002 723.2612810571504 670
427.25557299702746 397.61878214006896 453
655.5060850108438 360.0306411914116 786
33.527132219649424 233.10887774347268 24
270.9523693217398 418.31809820397046 483
602.4576549067702 300.97918941462086 679
630.2465952514225 496.3480152673595 409
47.9603944139686 143.75543904401678 84
542.0372743496818 506.12225399792186 394
983.8156842387281 14.563606122302343 556
389.86363713477846 905.9704222313235 853
65.7081344792172 236.32817254625039 803
943.4697611490192 465.7091639103582 625
198.14475865103975 655.0160643046889 364
857.3828969574125 158.97395573539674 635
329.63284913412616 663.7736161050485 144
924.8723660636051 485.0816812808104 452
374.4498817628682 219.2452566923372 282
336.7290976255355 611.8770750850776 158
933.3975626298892 872.9491291148748 454
662.9809110845612 54.23333242546613 348
954.0608402848691 886.8183804573914 612
717.1263690889493 870.0052038109928 580
675.0786234009586 206.6217736905528 418
220.79524488885528 801.7762820441255 893
839.4296949662726 193.34266051011906 203
414.126200667992 861.9439813777099 856
673.6862584284568 909.0507737937086 272
511.73918090522506 907.0963115529822 543
254.23997834696843 616.8206032102886 613
607.0750466220253 597.929650674924 529
16.282236561993457 562.2573490627268 576
936.8943339811165 831.1912236238744 592
272.0916430922774 647.1409317479386 237
3.215643082474462 750.778888872621 879
268.82159274123484 946.7949828757969 104
103.12744425021847 960.9184902564953 589
451.8045339944511 679.9389552451349 290
382.9298053343967 996.4190025592109 723
684.9060351267109 422.6427808875038 935
113.00355294405561 338.93098497848837 129
6.868853008443865 919.9703685137837 780
690.8933731912382 688.45651100605 444
799.9072716839665 831.1354818113996 632
869.9241815263 540.4412467680735 998
963.9755941655073 472.7814351698858 942
404.0396084216662 266.76430886991307 550
993.7665302001785 428.8698435335646 266
1.5809344173363105 470.2146662220552 649
316.4498971222266 789.2865483538924 744
309.8893109878645 179.114650378015 992
967.7931079014436 933.1760487195036 492
359.66248569401296 788.6284035730365 268
61.74979734138519 527.3502709180879 973
179.2615867273829 380.02464292100433 777
48.53713553989281 820.3232480548992 548
404.47837451460475 462.024412275895 271
591.1098564811942 955.0975560508105 400
983.677701583404 277.9145335001947 274
157.31008223856313 919.3351306266143 590
40.9646351339179 25.779512553741114 44
956.4028023461003 14.457044453294543 332
179.4239039477301 607.070067630357 549
705.47594167198 255.6522906744001 239
315.6634264661863 29.95095483181487 944
957.0733883973392 813.1988489525578 983
469.51642909469507 475.0989854279858 830
303.8469722624394 877.4135171703199 632
263.41163768138784 46.11068158519183 535
193.36111424758096 455.5760201872635 714
260.7992787621567 520.8196394183802 863
228.81559804204576 62.30309396985956 303
627.3902576608433 266.9768333505698 403
372.07908228475696 216.6614522664614 846
832.7922272593535 611.307708089033 222
304.688456297692 717.5062946683586 635
714.1431909350458 79.08005727450218 740
488.61149420387176 968.4061414851992 478
717.6567504563568 265.341409419631 241
691.1403047362639 776.5420948698379 216
343.4614563212257 821.9971623748004 669
724.438484497347 970.3976765197237 464
687.6464124864111 834.7252435963405 935
514.6717447314821 299.7197323615137 324
617.6543345499225 523.5687195737069 601
377.5765404309772 192.8453614929053 104
609.541959876326 268.5973888844383 634
533.9255383784796 795.8526168713836 65
25.90564011113372 356.7069099833571 593
580.2690539598356 170.12986017945553 386
761.9425187861751 309.56717184174556 899
245.92248453354281 913.5547366109457 9
822.1608919582598 500.5740597137502 200
734.3587666466357 824.520140536784 270
768.673686692591 743.6661172801586 530
252.02548541477375 889.522640119232 973
913.9427969262227 238.37520414687884 653
324.15515911468185 298.3418892923939 675
789.0267053506219 430.31548141114484 792
472.1508645232893 155.31086556921392 517
805.1255599927272 774.0482849771748 557
186.7961425930106 865.9458712956041 643
550.415855433883 118.09503949594568 340
821.2203897687107 985.4797559188763 565
122.31213767038373 910.0067185872157 299
614.8282495763732 695.4636536884684 521
125.98133363962472 245.66351360432137 467
305.6717315274852 624.2373749110102 998
612.8443293411312 0.419749692775917 30
730.0373224843953 416.6384062844727 413
15.648842758290149 232.22342942431573 607
202.14221401640918 821.4284926113589 382
692.1194241397733 326.58891562574786 103
587.756065568043 130.7785817585898 60
841.2971310426472 290.8418590237944 737
911.6701925272487 245.63448052643423 117
667.3263146377834 415.99949097860065 330
219.90761230337475 36.18781784493241 857
487.32046190795506 836.2669973012307 621
553.8565788012158 435.22635065781077 405
471.9525057893724 362.27562552982783 585
763.9969627758728 215.51383557033432 73
379.9614084768225 16.982165449993538 973
912.2677355662845 783.4754092765601 110
657.694358094703 93.25097824049722 808
827.6543616599575 710.976573915841 345
325.9932113467293 76.98839579464034 463
86.38070723231428 707.0699586861705 867
158.59167572210586 411.16727946933884 714
372.74843428545176 422.19951695337545 238
976.2558817596845 591.0296627008935 315
746.849727900226 788.9848172262433 531
68.51162823237011 306.59138708638176 110
862.8833685559366 188.19126814017406 549
563.5045532128232 550.0935986634157 512
697.8673823731325 514.1655795249798 245
591.6788237682896 505.47562694328906 578
651.5473454285373 468.3717682370422 611
417.09561838697584 618.1503353906332 345
938.6186449235378 781.8723088402368 372
139.65278874905184 984.051206905043 614
19.51697290597343 149.88741732376408 19
969.4566223451251 700.4740013888631 230
361.55823483641467 799.404792211682 815
980.0786605806019 548.3960139831038 766
121.35688108066978 44.54364819816037 556
465.33901903130703 70.03159152877913 145
730.0908888315859 644.4261618278894 811
941.401455497377 78.31866681803822 114
71.60232803086708 94.34514363793123 901
925.5089458014825 997.6194361637 619
583.4325354527397 970.1219985624183 589
287.009692341318 614.9033370226535 725
569.826902108654 696.7449249838378 551
61.09170411012688 353.535718967273 772
580.6265932471825 277.47357336413137 486
441.6789600597241 191.59886182370533 178
561.0154677652303 525.5409686903682 645
789.5348085928822 232.74341598562853 793
636.5428038108432 876.046525353332 293
681.61161576407 291.30568479037987 31
35.99936915926594 349.2317538805826 732
660.4448158442667 839.341606859676 209
224.3103812106485 10.929983973669067 294
83.08465806151911 501.97417838866454 635
201.36709460412993 436.3998037144903 757
460.76508837873365 533.9178981575861 115
177.68896543039514 679.7282910801117 990
149.77186137213982 432.9103463642405 371
949.8192991553011 602.0923984691673 115
347.178534334195 277.76207369145976 900
382.9497618612051 912.1691562706376 32
587.7644113345788 448.9378274129614 613
471.30652255448115 839.6917333435321 296
106.57427436434008 307.19245950323227 849
957.5900439209505 31.621221299189315 151
767.0340145426819 349.4483558582381 87
334.9148472780613 25.55779705564798 919
692.5023177860447 394.27745326755024 973
172.84575112844337 329.24623769527415 567
579.7197018656088 459.31554758133484 927
89.80072609506162 639.6309416159474 280
698.2894793195193 52.51014390011088 624
325.4718395161519 619.1713201998327 798
301.0277270099052 922.7413448548921 707
13.16555423075416 606.2651060680871 944
458.67122586244824 989.3700311382381 39
229.35045689370193 504.3939361453361 863
225.20826103309878 590.935851711525 315
418.6313177095412 157.50061296310625 386
873.8736751452195 958.1507049406575 431
43.495444375760805 817.6444294853947 120
640.6032644731727 638.6832415203224 871
48.81435995686489 869.9369816585939 367
208.91233725229884 748.491197802422 297
275.1220727668746 190.36746471785736 236
963.2557013909357 685.9014766693102 651
298.3501752751416 164.108905316668 426
78.79886893621935 751.9990344888258 626
302.5573722774132 274.9248413426687 81
803.4381862381382 469.5551894689125 61
21.436801334252742 761.5100243282595 80
362.8419341613477 183.30504152270055 656
637.8552406472838 694.4558571739403 91
974.3271572800793 495.98965891495914 272
36.04415224803381 532.3462215443437 796
662.130077436235 657.509470275229 975
682.8496870295219 999.3817063442742 293
801.3223379493719 713.028487026643 51
857.8465072867261 708.9927720221018 621
339.59189837493966 953.9910561965067 939
703.0806809666504 337.1835622157584 792
354.9857526833765 701.9626054652448 936
776.0310908263402 220.7782339667266 214
670.6321424162834 578.3212107791276 354
358.65098780002114 664.0226076400423 767
385.0536212703064 37.323574083746095 612
127.30155642408025 187.17374719821356 342
269.92715306241763 655.3225595354359 364
345.34855612854085 696.2300881463391 173
98.62086062636854 825.0311423488721 788
1.6948502205216265 645.0686314958094 313
355.0684640263991 529.2721307174538 724
926.4125412631979 893.050316574886 748
414.68331058246054 841.5676897995306 623
378.4465617332992 857.4876290695781 192
472.79556976077544 392.1632797973342 238
991.1407927233621 653.5767247982261 6
385.5367957314224 24.154467660965405 577
162.11348580591854 886.2732989682709 549
411.4915593088275 813.1985679798153 473
27.59024402179744 358.28601495210734 287
568.9184018211234 406.98397385967576 260
684.3665048207802 845.3171335741686 64
820.710442109159 54.74840199150355 819
456.8539047239297 182.9626418885769 263
275.2147504797955 488.65534755669694 347
319.21371043520355 226.08360588522046 219
197.53511860041584 484.8421020824378 581
414.6774867849835 427.43753220604754 214
157.9917744665107 954.0391253030838 222
83.96073626461632 128.85499892626362 329
269.04753448377795 428.52401600005874 531
38.49361637157289 692.0340911061485 303
939.1546819328489 113.9493532662933 510
405.44979028020055 669.1058379692003 277
164.8790241325653 286.91917085980043 758
816.2969534076475 578.2923074419613 344
200.8912005479322 920.2898740322426 228
475.3274365062232 877.0816088378506 182
169.89001310282902 170.19695318396532 524
668.9844563156344 166.39387263979478 283
550.6629197164787 524.9980379449061 292
507.446523878606 50.172553015976895 517
811.6661138297367 419.71829823959285 392
831.3099201853734 156.08744669779696 57
776.3099616091043 119.40172196420829 494
165.74039609281365 469.8186572209074 961
848.3151568970086 713.9507221664871 754
450.4788046490885 286.6866741089202 977
276.55795090877234 286.3246776252151 88
745.0630086893168 359.83718775647134 149
168.78652440012243 907.8341265133279 603
521.2558623509882 262.041236162638 205
207.0806453714097 531.9573677627791 429
137.6098262353681 595.1859875433998 79
784.4442883538775 257.4076190599787 354
569.7277292100656 732.6165148904214 30
557.9767142066296 171.80198539918712 900
956.6376612074217 523.4144306649234 369
881.2967543099697 851.9283465638248 446
252.5746837627104 459.51101493270875 184
923.7906170121685 353.97527441734775 620
920.8007432928817 96.21788602753189 945
403.5679935970169 501.83807241131194 926
192.9283386764077 214.08058628413784 430
826.9322470890809 313.52518099706805 645
367.8563991665942 605.4034466225079 287
525.9589538620972 602.6749902185488 666
449.5782268159203 464.94037402649604 32
421.03249776235083 459.0804209716067 630
492.0079934047622 431.84266703181476 648
180.70321183567572 341.60416264739337 569
661.9020833833704 426.1339208809053 868
374.6159786065485 881.1842326916623 761
73.01893579904639 727.1055615764956 107
532.128199623846 444.3628784398206 709
739.9853455040031 486.1087058745228 694
173.77222386076153 587.4080061547755 211
915.0358328973163 340.33912264849897 90
845.344776326194 77.31491840279048 459
767.8851151578626 729.0027300404653 515
263.5410344825234 691.1113764234427 2
157.81820952186422 626.855780933786 749
543.4841599397029 694.9779938200227 647
524.433033773854 427.12028778075563 475
746.3611480777721 835.3943400294404 445
989.9861861419278 949.6780257275428 569
762.3195271527378 675.232862171989 709
595.3032727899018 954.6018886499384 468
979.1203252578432 362.0309155463128 202
245.80047857121411 52.87860140091527 187
393.46656036336003 849.4693535439474 691
854.2651522503058 117.2140132471826 51
188.84361635942594 444.10004759704236 443
659.7194268053502 448.36731145819533 180
929.2630906642156 523.0199236784667 923
4.2815137203604525 654.8919699954214 710
904.8438716594147 686.2106992753265 294
71.48407342179041 959.6578934673455 36
232.51834381952875 391.32604120857314 56
385.72953182890336 885.0743179594452 87
222.03973900780994 207.44657628779794 288
613.2164547507305 9.442740981978503 330
67.6806824317453 734.2386852990294 796
725.6108119819468 417.90970457210506 575
414.6073370361284 643.3513427953992 342
135.68107531040997 828.4141910826278 129
71.70721578428896 166.20935547226821 290
347.3756350762603 864.3412582540911 970
805.1711385796008 987.950386179065 511
95.41878862669084 510.9804885120913 854
305.83056875997084 697.1310828326336 41
302.11438334049825 657.4600824112882 554
669.1904997229562 614.8131046179576 60
145.56521141827906 969.7810805120165 357
754.9379797736854 110.83231108895542 57
950.5296687682094 822.8200627685119 163
460.75956077574386 715.6339700404633 462
889.5893358497602 742.0378347054894 206
983.2750571437999 821.7178216510442 6
659.8243671177189 64.14723856983517 547
767.5239984838672 309.51899105054247 853
281.91428932272555 84.19608827877745 981
685.9228058350055 995.7017418894519 942
476.0774186636767 78.67808503906404 177
658.2218424647125 343.9600048701149 163
539.4923383209001 946.3030852405582 445
886.1489189627918 34.42325659462531 516
838.2121432088708 451.03145454922986 854
394.7845034752462 808.0530535203718 377
85.34910738036639 920.3348527738888 293
265.2515461582724 471.5213354522333 199
728.2744743684282 969.5896236854989 460
499.56121211595485 438.0530650752179 393
809.4704376774221 804.1104381201607 857
186.64691913015463 301.75018811893585 909
906.2360762888055 619.6447204863066 88
91.72593856546818 54.373921428439 532
52.885856449657155 231.40793909100375 369
225.64601284027975 304.5596747404721 912
861.3353500648466 617.4014028107453 893
424.58350154861245 298.9349429341782 586
539.7766879878214 123.70284499034778 226
932.7539105567275 858.9707013613211 125
166.36172360743916 269.2043876863942 433
940.1749249729094 485.3405911875376 202
931.1574298696988 496.4098099634949 489
858.6988854694322 412.96682901304337 352
671.225023131449 539.2633365333252 14
379.9526785087205 141.7015372803656 370
81.54006798848212 989.3806854050349 118
675.7144672305349 315.143630770805 893
578.3025075135969 45.43753221059732 148
790.6780437276175 101.55599442330676 747
359.6986403364735 372.75425155398136 804
410.96040733688875 109.74929752765983 45
569.8317438758698 93.07329373387829 104
316.16734093931507 59.931180049567544 796
53.058698536467276 974.3323695344716 842
309.29561661217195 675.2509148099306 764
835.086913765061 814.3763802417386 150
140.6273586756206 847.52626017222 826
297.24130560723074 468.54069544193686 365
278.15397090515916 977.5859560797035 578
975.4483018861499 948.811330925175 800
297.985338411036 234.19822426851934 952
217.56429379650055 353.2172764497161 360
318.98894599847085 220.14280803256193 366
699.4558682232953 22.05292998571784 777
508.175786551479 507.22419675799256 355
542.3418585598697 478.9523162074212 116
799.6869933943908 856.7574455490484 834
833.75978330598 654.7654425657383 527
690.5927642620867 757.7130708223561 450
415.2645362688674 486.6061421730782 552
939.9372032637114 31.385270295956502 182
265.38129401907474 342.96252144159143 252
181.70644587910078 57.55380607200355 252
824.6918804587656 630.2488840611913 357
557.0507367733856 258.5503971274834 162
614.8108673668379 255.08876705664164 524
835.9591700334166 404.29156705506364 264
889.4744435342792 473.49302565329145 932
592.0946218443164 339.01159739558574 933
258.0755307464302 530.733592900436 647
41.34949947812727 786.5995628498285 260
695.8586244556415 200.6832008806565 813
110.27700049458034 89.35630615482614 855
565.8348617888104 624.4007348626191 449
106.85277384407254 916.4236816924617 312
864.0178368218126 795.6853717247194 622
187.81507709985067 377.85838214789294 692
929.2004224281716 760.7071517129758 78
248.52757707118167 563.4692691301296 695
515.6888154079815 841.9650999786029 91
782.0540661203592 547.5651207177536 744
180.1652654123983 94.5896932127479 225
112.3404686339462 605.5428158986161 811
809.1692070583781 654.3293469858626 375
158.9751745505127 654.8536703530633 338
505.8051738068523 596.1235562969289 556
434.70634740596404 6.661354507078721 326
433.3098294873756 390.7994149552202 448
168.37480817671403 717.9181894954439 364
409.22995814808604 643.7915578878699 804
897.3380746722178 89.07327573892975 343
120.2780251274519 217.76849692765055 251
335.02223322078385 369.4478577488758 685
120.28874995716943 417.0211924463372 632
451.01383559312757 351.85223168804083 414
359.2058125328046 428.58326256900006 467
254.02668556546183 242.10021104832268 230
427.1901002599423 880.8728070337784 955
608.988857872634 153.750135757058 88
566.9474426289783 955.189725444789 479
712.4312527823847 883.35168599253 631
451.24790673569447 417.48363279406186 804
168.28537313186388 844.886230840896 41
36.937870352122594 297.92250659320774 288
589.9560409182243 349.789155516626 925
534.6001849068303 997.4464598416922 987
609.7865550162928 832.8990771879925 543
813.2037080453929 297.4657547665828 212
892.6092951834216 299.8959239927407 631
221.42886990761014 159.8331494298103 250
473.0639675054928 374.41284602260083 895
555.584938415838 86.07929557140015 288
931.4313978685041 289.6543778429558 841
785.4550761284606 384.97345471143876 771
355.54511303438295 564.9043780287718 496
628.7032553597229 120.61375861214185 29
67.14859178577181 564.7047827728219 735
859.9953989466771 516.4689700461591 252
831.6139925501211 983.2591011750741 626
602.5330814193653 409.2501263327102 1000
396.4489117497102 931.6796666648016 478
719.7208031695291 246.11763551742328 68
418.57258984358646 511.9981022852126 557
765.848951711664 311.2801375063618 666
971.4997668406797 623.5358116686787 603
979.181292377384 36.34684152425094 389
526.1815203688801 605.2679652946962 304
645.7519834734347 283.6499944666723 1
741.5385256526562 497.98976983896193 565
903.0286306455587 21.59251462979961 164
925.9661746528764 786.5594332946229 956
711.7476690661271 27.587587745376396 221
379.494892065234 459.6287305166644 729
208.006363342101 790.8509608777077 181
701.1547771357581 900.1210036641786 75
285.39955654098867 96.89497213557064 601
639.4970466371035 93.3132204864322 69
908.1581512329082 988.9748116594888 569
311.2554540650796 870.691346327491 990
656.3851949923986 17.261077344595922 673
544.1892242252993 353.7417034613135 344
129.92354205450386 849.5283472835993 729
826.5044332981373 81.63658010741692 400
904.3232266065281 560.3182348153764 811
962.3967101801446 352.0496152767838 500
801.3802538395279 742.4235774536785 141
715.8480732668384 120.37358494426064 310
447.62934209552174 757.2242133085621 429
549.1943540428459 329.2413896087476 255
699.2343417160034 608.3547790711241 42
762.2487881303188 192.39797995697484 962
649.1564537445367 614.7591887319779 110
36.49141020211655 691.8048243866725 12
292.3734561740727 796.5101012383439 756
883.356266714305 40.348255302966926 668
195.70797404860073 60.539440968828686 639
841.0262875089669 755.9270442113475 50
137.42489576947946 779.4868998860294 811
119.27393533144004 339.5217028907075 871
1.8100320907032952 786.5480571454714 759
951.3787126507566 335.5614095501118 115
