999.391305495596 787.3087548989491 819
375.4329070622601 548.2890089196326 431
935.7629412205936 746.5952350424209 471
875.8748647107672 694.5480471783303 74
432.91559353162467 130.32437807357988 848
381.9956457797327 284.88302569586955 736
2.8960339007382263 742.5127641813136 866
960.1341906534939 557.4132156555441 631
709.1372558701835 518.0860204148182 880
654.09978053575 176.9868537741217 691
304.37667924447277 479.6478542277591 745
111.76225870180201 492.13124234621085 276
940.1629766075467 32.79620017034901 274
594.8461362230241 662.4390476417719 734
807.7985075926097 616.7446733531758 930
269.7945263102293 95.01699708908218 201
326.9103099302394 303.97006759207335 315
954.3961599566987 956.8545643859968 190
961.4135133045742 601.280494402406 36
936.482619998118 547.164062809374 699
998.7496485469875 706.496606855774 146
978.1024946830105 480.82186963899744 222
927.1766896611131 985.7593154298249 744
662.6067664924354 375.219710442236 311
685.7072782238871 178.7015256934248 373
748.66106313916 909.4276157721293 72
65.09122434383052 734.7787082492758 192
132.77271519900214 152.45852595481801 438
14.728041974433449 488.3255155459434 986
69.67176339333359 131.0220607270104 320
303.3953018392013 733.5381799525638 920
375.6894855818531 283.1682786669473 419
210.82514137474928 984.5434031579803 65
209.88597563845056 872.7321572084383 405
824.4905839362297 47.12038296524235 448
382.0809501626489 795.5970133768825 65
566.3977520268189 524.4613408985263 757
455.533984382946 920.3552451397774 761
956.4755125599969 187.11919248847897 107
974.1759605687159 366.8800000147136 75
368.9113962718142 870.9441947695111 378
38.56749804468562 152.11657020886327 676
761.7015932195505 432.0840694311526 374
322.1481918911756 282.3165559245596 714
482.50211149769837 351.65375065622095 916
199.0576030716076 796.9358393616021 113
996.9935545126432 68.76980029311042 344
26.102802789347624 506.6134172859536 805
834.1774878331315 268.89315896036214 661
459.6851368311373 307.96885760185853 437
88.27863577313222 948.0938434007162 634
811.8875223428076 987.4794251680096 470
881.9611493728971 889.1146909183033 615
333.4219164733421 519.1456232204858 780
184.23428990973113 379.94116741146144 823
300.5060594974558 396.7634723684532 315
628.1687936257441 722.5794668236006 585
794.1554947456065 220.72001516339301 891
708.1166276060875 490.3618510834422 579
208.95566378941876 773.7392322232636 181
63.14175316294202 860.3183994523544 291
114.28317952059663 317.5030803889657 175
984.1617821155926 306.40681628888166 369
843.745363462017 643.2443125477752 318
430.5706464484964 780.3775321179487 398
898.1705440658272 539.2851526383677 849
260.1186027759101 640.939441809964 743
254.17760249529954 250.53421201180336 485
510.29402170921765 402.7568328166902 640
884.1216722063223 372.3420483932489 659
451.548638619369 639.9080318289264 916
461.4940026212885 779.583713978585 775
82.84661857121101 812.134634168638 350
955.0481871226266 212.6157581042254 385
490.79561434836404 757.3385710270192 185
319.88577698699584 102.40181511160718 797
392.44307287843935 151.72118604331763 997
440.495615796614 231.53485892877313 920
622.5719882227182 991.0540666051916 736
719.4021731831558 567.0581695992225 515
795.9291843024469 147.6958534372983 393
292.6046589619046 368.78096423687936 666
329.6169386742852 206.42539873421583 855
141.3052779445012 166.4344894010229 331
490.62747589686785 591.0336309779032 51
704.3907884165149 623.3675006243371 460
167.95358742738253 992.9157898182059 855
638.5580350547344 208.35259510627856 324
670.5420295084341 229.56003412446157 499
988.2751714255801 655.0134664410325 314
604.2489848930037 995.7296188222159 102
313.4359775476103 498.06300067169906 976
639.4805949983836 486.66234770661487 176
83.51013696938803 78.64454715789648 155
345.9244348686994 449.552009670801 242
920.6856451460002 824.7751684203295 73
179.8156607565069 370.76388035884736 684
87.16986207919052 822.9968759242125 250
495.05960380622105 219.92895594965046 513
717.5479597046066 870.726526905436 822
487.66467947676495 96.83695190211306 153
79.70443531816596 193.39955542394583 715
598.6565569068762 390.4721221968729 429
436.3039065452178 76.60615180366403 297
899.070965904039 765.1269760922154 213
511.90954907927653 661.966710016845 181
529.6450602058762 849.256871123953 777
993.5611650411496 839.2611912893314 554
316.2740969786465 244.0248584568332 793
322.525501120446 473.6669720197793 812
664.0146848450127 581.1792253293697 14
474.7838553091982 529.0278577990914 785
763.2865042325529 231.9508823246319 708
812.04703972276 618.4980628647114 779
506.70874337210626 626.4061152474018 359
522.6033518792397 478.519355815503 487
701.7041686190178 946.1011028214449 406
204.16130675881172 616.7056250328225 300
57.49422182606012 605.6773566112636 867
271.90231332778046 451.99561027669176 172
46.441411548711955 745.8735681468131 556
503.28348275149983 514.6589198145623 279
262.91320968468466 938.1025239339992 29
485.3787045502237 747.6675606121468 257
736.4755262667987 80.67238439025792 68
67.63648460117089 47.10119034034699 326
33.00586611654121 701.5441049534658 126
502.32426834112545 573.9619965672068 258
934.7546620149335 725.7866642917631 377
47.57426920273 328.04658170490285 798
383.6571650061914 705.6127539214255 510
886.8927865434923 221.726441978083 101
760.2690595973106 454.48813086750584 789
411.7389257692294 688.3395034690258 421
17.914206260429054 618.8410835347777 590
370.80162093270906 696.2511100514116 231
724.9955357505102 406.6810698727492 745
268.91412479135323 944.1933405906791 220
522.8489945379594 570.1473947108847 450
81.23963952086521 860.709136694396 688
214.3247424949718 621.7982586636252 313
173.69927820499842 190.83891209352853 833
416.5137902595024 470.3117536836722 102
511.22140334003166 465.6511436973193 84
271.416087130219 779.4980143856304 323
368.3083829721623 841.276572189506 11
323.49240212582566 437.60518507304903 120
434.2512467279187 104.09850299796386 75
454.8225423983859 55.30492111073515 446
145.7059604350558 661.5425394574902 297
400.8670092750132 491.0779775995684 338
584.196261228589 310.34469715989286 981
405.1213646198227 737.6485373343396 155
815.6459113849489 987.0738118722107 146
80.416366815109 126.00882110773316 613
481.60675891942736 267.2966115484102 641
88.58819675299934 406.2670554191445 784
901.138030824639 453.458614326088 351
785.0585348172893 904.1857002746272 8
617.1678735865829 837.5554921272154 293
70.8214349824613 922.3892411518291 455
924.9471841452043 132.72326253186338 247
18.395335181349616 46.308047357066506 280
316.8223986209998 891.5177065685735 408
35.740572068041374 279.68441720263957 491
538.5086789559646 361.6411857674271 984
946.5485474759447 269.0872360799146 702
18.55732154129075 246.27879829092936 250
598.0362451710541 479.3432075997971 163
239.4260645174594 894.2087612416389 134
545.9512099358578 282.2752394033131 406
492.422964409852 93.44691313365195 474
551.2239160276813 606.1930100900145 470
86.1068370988225 333.23872618440873 625
380.28534106882904 298.0192249470065 284
288.58946664455345 687.0182505464156 135
594.5036063339852 120.5276628449079 319
281.2384868352865 898.8283710494215 927
41.929253561895365 503.9315323471959 48
222.84805486526716 809.5919475359165 667
472.8225853352067 794.3377036907365 22
45.375109421568524 801.2270690166614 753
563.0460888647681 323.72212315869297 535
716.966632659863 866.8582710252347 76
47.013955119231014 486.97375151595344 159
905.080288119374 299.5966984356121 163
455.1873091375853 237.3328360872544 672
251.89535616435822 697.0665196583824 881
130.85456442622544 812.0457729800634 184
213.70849565992944 709.955636386627 594
710.5865219763111 378.50693471509754 635
883.3887730198434 519.1200802656689 64
326.5686067367786 566.2263606473573 200
24.384118484527594 650.4888306316399 546
898.6340205121339 233.85571962723483 980
62.86254835209593 89.39010556432537 279
87.31922651743318 844.1709999760325 649
203.36017940557184 791.1444178085371 584
851.4493201261706 161.1825187145064 698
630.5821257717963 306.7415701707091 735
131.88312305344286 199.64419973337698 636
151.49728112150507 707.8981678840365 802
196.50804286433288 183.34845544097254 29
505.5801230343019 213.19692523659273 513
988.8140227925621 257.9876614367319 871
860.8841092876036 277.7624818298994 618
208.39466447904232 555.7291875234521 321
400.67763853046756 276.7330033075706 740
446.1983088272053 686.4690003079045 774
264.7769314360393 894.9613439054763 698
578.0042161613638 948.8207811746574 153
287.1455820898726 336.0708755983207 273
361.05612767852523 947.3306309164598 529
205.60706631304637 389.18757038397547 337
603.0248634081017 239.0344367264 136
660.7665158233214 881.9627122370016 462
690.5510621061505 186.05488215665446 504
745.9316608226004 797.6305011505602 603
20.45483971796058 771.6627124466279 146
686.7745843001317 353.4531087141888 947
226.35595066129298 410.41432063594954 940
613.5616857449963 767.2474446679639 904
572.8295330052416 682.2494623339813 467
325.3756336492474 804.1041461928852 126
820.1725631721396 9.648922212058931 66
378.03627093377867 624.9123495756711 779
801.3919373934193 194.8365259024343 878
233.38079112377164 856.3588906482302 176
909.3843100088206 80.85074678621773 809
578.4811849374007 960.4434203302491 729
413.37994359521355 29.428225798592944 971
717.2911820956394 825.8126249407125 577
748.174651279379 131.02515211010578 956
537.1125734705911 585.1452063848621 483
522.8342631788728 378.3969395812826 290
267.01491204600524 898.5757950229693 546
373.53408409671096 47.11563570653055 494
90.93345561456312 997.5265199508673 735
936.7068744188842 836.011677295515 734
338.6897257699024 365.02986381452797 301
484.4184822713631 959.6508355601787 951
332.4428407898209 205.3907828319237 787
626.3019950948423 481.44716328966666 841
543.5586256248174 356.1218361215824 901
494.9365487044608 387.10557457142625 221
188.22974647182912 208.8718874235409 836
534.4832273888438 649.8555026961641 980
872.0232268277122 670.9899456347584 822
985.95485764323 199.26487558803518 637
170.17294837457553 903.766099292313 972
135.77183678218984 558.6953893973375 401
368.7741826558327 353.97439122441597 436
133.5622336543103 7.241430416999317 493
467.39773742127267 10.32437037464662 814
157.64428371056127 340.6565755366048 175
72.34968555858667 84.22129026650349 482
20.296208636156777 718.7312023674498 982
981.6181520226104 367.4448959855127 646
964.46360108587 411.280173976184 528
317.3132514700415 287.40931547234936 904
276.91229885313794 117.40380104716274 417
910.1245617544105 851.472697052146 101
229.4571657857475 90.31222387114867 477
35.30136453679322 40.64686297806364 437
698.9530187744808 651.7909335761049 334
777.8833625346931 517.3510500250497 431
521.1273779229037 441.4199632637832 571
555.4426985843622 820.8809887405729 382
610.6483573204499 16.880443474478813 367
153.82871809523047 723.5053984294119 881
462.44632760232554 398.5631074195187 162
111.26584116963257 514.3574709077863 791
223.21693200961346 561.3014647733318 78
884.3272245315225 560.3930259389261 725
42.9075157302542 461.13756973622634 895
855.0034522981524 606.3847887724663 329
633.470069655121 357.088085916724 880
911.7002618385536 444.78674431323253 842
173.11221977961645 227.50741098521598 142
549.3943382568456 672.6472379828864 341
856.7173678389726 237.25423163453917 730
566.8730962984222 376.78667010043307 277
761.5120333943102 254.9472386097902 835
307.35881427835955 278.7026469710581 837
807.1891624052552 769.404410173212 474
550.2759936152905 182.3959970550846 770
854.9271504550002 683.2608693548303 194
156.8695229719118 22.986529822512924 760
7.587110338288738 871.9731793691678 611
179.28808841885478 645.423441533596 375
803.4047146392364 225.9735654951517 975
79.12361405299117 97.58976220329052 993
2.629194076860353 200.29537535171082 76
650.4454552918492 705.4185772233895 775
879.3860521713001 42.12482164401487 28
527.3100033779873 742.4084275587941 982
570.4184910257011 270.37212378758477 561
229.5465241646183 607.9769065105364 778
185.80695064416787 340.20429697122944 455
55.46034757675322 715.0663153449085 882
404.3026372679027 549.9459085972093 135
628.0691093912204 783.5999713706453 340
309.5928622566511 911.7735823638134 865
148.34530202085517 837.7925807952092 108
906.9842612485018 766.2077324097697 311
814.1535759243138 99.35441930601918 984
0.5999275156369777 909.4566980310683 693
112.47646990398108 140.47468345112492 325
499.3564976069963 501.16271191514215 36
795.2896273506875 850.1949460935984 363
824.539713399576 453.9445420175635 235
646.1747242065891 60.59021853096469 236
891.4618177563889 443.16675967587827 808
979.0549772317648 90.67907265116837 526
117.34181220459972 565.8960495421667 693
609.0435378710249 986.7167127736064 105
280.10378205895324 749.1236831689639 484
821.9858951702719 655.730235490136 661
393.7760018746835 862.7363543038601 790
386.37453202216034 979.6618251929361 255
461.35005771282545 473.2754213781349 234
903.0944593058642 637.0479239561467 6
972.8125810166309 506.0794088575542 859
924.7981500185324 717.2025910682509 672
120.10493308323345 353.98195230286655 296
821.8641375714103 339.84381094563696 259
200.6541746802042 292.727546264708 279
296.5249606531232 807.4726964935567 897
229.9029751654268 654.13770703255 974
714.632956827961 999.1131056125693 559
237.11104851708376 612.6049695988861 522
194.5099704800768 480.61206641371757 293
88.37318343135381 554.3510387914298 555
157.35275731621545 632.007085016572 918
982.4622857088839 806.208794650351 556
160.8427589289423 694.1366005093225 289
937.6277152155928 276.0391562042898 338
221.7271337835379 601.2123475750996 972
794.0584182048891 603.642518598775 555
953.3785707731232 489.2461985695702 723
626.8940810834684 823.4101988922077 8
27.129326919115073 612.396689726453 762
206.6510465161423 334.5885653633185 883
506.45834635533316 191.9090559927361 374
134.28473733922343 101.96720552538874 619
435.504009601556 731.5397017613894 402
995.1066529819839 290.1530931955879 781
157.92904990971758 556.0393163849942 997
783.0364280400606 787.39542514906 249
30.941155558529832 28.20020399855483 166
966.7188208713641 244.47816589894543 706
569.4218138163742 136.89485062308637 19
311.28915778520303 57.01778775267052 806
636.3872261768861 214.89938065211044 798
505.6070723168081 642.018497584268 545
751.6325566211829 833.8190791713638 410
251.398727257225 583.2277090461284 255
424.32920528952553 696.4654766193697 733
977.4246066205847 820.3166718486744 876
420.82263906237284 606.868827825735 330
251.80900954929552 911.4358758759299 278
122.27992264598886 28.4822369768849 528
706.5383609284223 606.3810978961785 580
427.7266034926637 190.66895988405562 7
227.548673918886 422.89993937918604 100
425.5327293286325 172.83702348428054 816
578.6927956599828 699.5385248248801 741
726.8642484408759 983.9150975158756 322
570.7246221977526 150.95211726697877 183
792.0211388070761 794.7143069485167 931
582.3456244220544 681.0886968280524 384
334.66554386264437 760.1333604558663 503
909.7224923403604 270.2488273487916 848
769.9474411669157 693.3562255785937 811
314.0353396271904 975.2066594019225 824
610.2979662521396 601.9956009980478 932
457.4233366835672 809.7967719484599 347
2.318721996710127 731.2773640613188 623
205.19489063845552 885.525268942877 27
772.5240539882255 417.05179280250206 603
86.51461327460419 60.00780227815683 373
793.5776601527209 106.41510716784053 946
988.0213763261604 471.3081197773359 307
835.8274287601914 85.5523999343405 650
611.5917693944499 518.2947980904439 24
897.1913015133854 461.6563310131495 795
804.3098885614962 321.49106062663344 183
806.9400282999316 306.9791028460315 802
643.74400124965 507.2895132718407 997
664.1773869351058 245.26831300018236 35
293.3985805183734 152.27098545976315 961
816.4365333532263 712.5416679136997 785
42.46331503776357 604.1777014590781 696
794.7983449552574 750.0841970304805 634
908.5794830178461 691.7836629779141 723
18.68802235327005 307.1968920855722 521
676.9908985712551 155.06698266583808 864
164.9173540408353 108.52373195391951 240
41.826821761773544 312.2462760069395 827
562.0454948024801 387.1772790145249 869
733.2727303548334 446.0401535478935 304
668.3186264958994 973.2555798377463 903
388.70578968737647 897.3503672468912 4
349.4215599771141 855.4820243344623 817
298.60073897443806 252.74713009670836 971
698.3987315079786 298.7962405947595 801
810.9166818744333 317.6704221697011 437
325.6124038699931 611.8756464541299 230
870.0934019224087 348.7050859640565 259
688.2446409349834 253.2849733237773 24
325.3852697311593 553.2789095998936 724
474.73730021737003 289.08855693481314 656
346.82905077811887 281.70772373652954 552
852.4303526498546 786.5071587359967 638
131.03567806435635 318.81944582837787 163
327.1078006258864 143.49322055410497 677
354.3054207536421 259.0833980282915 848
549.2451121556869 232.58273842938416 139
576.7917330571266 32.03689276351962 106
758.5620961485931 341.81986809887934 243
115.64813923198281 74.55983393920229 733
9.780087336866416 14.601784540305696 186
753.7891672153469 627.8150609810594 752
358.68178091231664 834.735155749726 660
734.9587677730322 265.92245733551465 33
525.5240982850331 471.94945270948443 512
508.61756697870186 748.3000178172854 924
873.260917571693 43.577232367234096 691
509.0113426806533 208.87087908655312 172
945.7718511474196 226.75103664041052 124
683.7935943781138 232.99317660369346 27
858.2655830225993 726.1222341727255 777
28.36464344422207 552.4007930953528 386
618.1911609592627 43.09439884054744 814
562.5786409269481 803.989087594431 241
420.3809649320246 778.3706872410696 793
887.9440621338949 630.4243830961768 308
922.676198542545 14.522639558233962 127
83.69531151415066 338.64119829279036 583
747.2463622622824 577.401431357307 724
691.0843149712751 350.3588345042139 164
156.44987804709965 633.2796254568011 88
338.9669191962232 815.5732383940398 230
32.059881246168096 72.97156350703837 76
971.3528905666166 494.49457003548224 983
439.0184986101392 531.0709355846111 356
147.16013774090885 411.72655621038933 805
684.445276208366 506.18422312275845 925
691.3250892324759 649.3283495852633 571
251.80762981617454 936.2226230146063 648
540.2681468409535 112.11814130158093 456
924.5630792257735 350.6071914625782 857
408.89851425592207 320.87714074972973 939
203.0171520548435 611.3781268726298 648
529.0262332405179 395.6995596607156 300
458.0528405274044 710.7106239001878 485
27.05181353345065 567.2139022279653 427
969.336473663825 454.91323572480746 587
315.9495654193768 303.35567715125586 608
335.51621350838866 271.3930763358884 396
115.20245609557811 777.5511054437568 1000
981.8474228022629 381.6522233615282 524
777.7145398003423 869.5516165829038 584
201.67501764786954 628.8972573740024 893
539.282901031312 192.61981238566517 29
325.2884941397246 885.8814720449806 199
661.9389026246128 557.1464784417137 176
224.2388520645041 243.0503134435049 120
701.6121931879158 598.1260182554433 906
191.04965318853706 265.9772521907805 801
343.93585388484524 642.3751682841012 760
152.64036032539352 38.304659884626616 697
57.36803888398745 426.6446354460011 858
173.17649039070037 774.57301761299 407
889.7611775923498 984.4281795101584 11
780.6293753103481 637.0003675946821 722
329.1213778683219 825.5109216228951 574
441.8259710507474 407.04859079043433 367
647.6486047969056 718.0578417161181 596
847.4041652978811 26.074458458853922 112
154.27464948778447 131.03802251723405 93
859.4635140517302 330.08982538468143 685
189.2376871586774 662.0150792719402 916
426.35237664628653 497.94029809548766 384
76.70461980966003 167.51051396767159 937
731.3255560234264 717.6114510772726 623
89.59453590920829 414.94651168929175 227
921.3400438267723 832.0536926565732 167
302.84951443678784 988.8445554101123 200
673.8210422914709 956.5670083213816 677
770.7366141313003 383.8000878452386 399
552.4516556049783 62.44406813302539 683
450.718836868661 840.7884869730851 29
392.65929669478913 4.961836824428412 833
68.75953505350662 328.1587304946324 908
409.3161589004628 761.9693807977817 117
496.42819132043394 994.3223838000457 225
68.08266295280796 592.7602969567786 901
149.77587527835055 351.01823642113226 470
262.49211281330685 464.28895701394157 705
756.8018178112374 806.1759467593187 118
621.1409884158716 345.3312321445815 781
408.23625237908766 931.7228378252671 337
435.3982247449555 752.9310441321982 690
895.8119383671572 463.49779806328996 486
803.4391897400883 577.2308952347502 396
844.0703189650998 812.357821672961 285
158.32397091702498 225.66015188379617 501
714.323997111905 492.7917487169888 698
454.6892713426801 758.271070426864 165
750.2180184930293 69.05283761031866 756
693.7717908449149 349.2337290814915 391
714.9262980072265 660.1713915574855 519
250.77225933048675 755.4601904255653 823
115.52247051080545 649.6626829282036 529
643.9645252743059 773.9264775459673 396
545.2438043840691 605.501746166312 665
418.3354685709486 481.3819789555508 427
798.6900831261071 872.8672367264576 692
901.591942659048 981.0580609170444 665
632.502723635717 634.9285143104219 102
331.6181488262387 79.64313778773612 645
190.331008017141 122.35108251592209 167
489.96311761487823 350.296584666077 761
286.7200560771681 653.5839172878345 104
672.8324402777322 527.3673559744874 597
617.7880560849763 624.0574080489715 984
929.4752420338033 158.67474605041122 417
90.47035252251467 622.4187596271584 502
430.8575154161194 595.4876051423862 45
224.15117241343884 530.0136656771443 109
801.5161393273652 591.8410201915032 527
945.090690769275 490.86041763564145 625
539.704556319667 193.55009346967444 671
200.11182914740067 198.63582884527332 261
444.39508707068796 787.3730717274155 29
602.2664278969816 398.48749633838673 351
71.96391116780487 38.26852646257406 40
619.934192059412 91.4611818045422 349
844.675916754748 280.5289171173767 60
449.8066859635955 562.9721976879548 488
884.7199396952101 705.1641970954872 251
151.03464672244272 29.911361027600947 902
645.0354109736248 70.6793092747815 784
979.5597708953012 114.84584203555215 111
787.1130899521471 630.3198069198932 640
695.1614767925116 789.2044352047891 506
467.72552654440716 599.0589080492246 812
799.6943411131405 297.0398463997853 316
970.5869536566689 309.4635673503797 107
29.7444845862862 785.0855486278784 585
587.2328160035256 297.2456298835424 379
385.31818818522436 433.48575647977606 35
697.0986651525488 977.3111047209031 632
458.1451430971969 321.48839919802407 39
196.76789666115602 877.5338445325848 571
941.9128536829847 222.71921970638653 770
838.520870753472 993.8365391184046 346
808.6461777455241 530.3799648676408 691
528.5321200944917 97.10205689614271 992
463.27876982600105 811.4822335323346 932
466.9281647110093 744.7858262127406 59
144.6917254205792 366.6968267760088 280
462.4262507179351 622.1553393151229 26
57.45998844582001 364.6644842028712 888
956.3255464435905 756.5247934549791 812
287.0520397553713 409.7708001713967 355
711.615956780982 768.4711353433233 578
156.33514340978837 820.5942626465192 29
740.6712113140369 832.8340970569607 385
305.80225316628906 297.8359633832567 61
547.404599394886 535.978814936943 865
651.3783406584138 941.8019018588222 583
910.0491643279719 140.35039777608748 256
291.6240263305622 929.8473611632332 138
863.8435287335659 604.4691759230785 28
226.41264878253475 573.2141885631215 572
792.0199378258791 89.53777000557295 342
287.7820358108978 72.14601087473149 138
416.8221380623436 524.9150188065541 917
214.02929297846808 738.9529919946635 152
328.9970596879769 633.4027206024575 943
232.49739308038187 335.9978349677122 7
566.9269331246333 815.0937881154957 236
144.74891889931718 12.494506725804433 301
768.078836367341 68.03206529052497 33
561.7772464729752 229.46816286086903 74
146.76879363107997 678.3114164752859 52
849.9664992558178 323.23211758446536 94
786.8918072228968 467.9723431599503 560
280.47462263997005 645.1426681679615 813
710.3285122358764 557.65653958522 861
161.33721221747743 482.9726308402731 67
798.9145467376073 893.3068272526327 306
495.1699891297127 868.6573028440878 720
639.7912891687346 241.12725134078238 801
292.20580664256045 339.6028310092623 801
813.819217034469 269.6583235321296 926
20.155391431994964 304.30871528083327 724
350.0811905606932 937.0321229222372 691
29.601120334244335 33.92666871244621 619
312.3930215926774 22.42002166085055 353
776.1637350193113 558.1190683299748 783
500.35736499778704 293.107811177322 270
512.6416396426534 643.2559812762553 858
735.3266040531257 492.9695483377445 107
298.37993088405113 919.5706552639457 176
163.60091935778632 373.5528546934549 458
340.5642895244283 24.83524755939792 420
146.58456262092633 674.7025508848516 667
971.2167977690706 689.6920142381936 588
877.1890365969836 487.8742671823937 697
30.294656151669706 302.51599133251693 959
55.05694539229666 400.5660723347503 225
828.030783396107 367.83353960008725 709
277.5323279212687 507.8452484611917 288
12.539755445575175 501.95285453777683 706
353.4958442059628 870.7309890983944 642
595.2984204758467 81.21722989170665 357
386.0713837405997 984.8362791722639 926
826.6824311336023 623.3899202383817 942
28.560418677396783 806.1471986513124 442
146.94983549911933 546.503262116667 347
323.9338868200884 904.4076038756186 12
212.1198862364665 823.0839466503425 469
769.6271534329212 607.6867343424278 640
752.2422523326745 64.84166750363651 132
682.2513250996282 554.7839502442655 730
742.923586631562 267.3137538464062 667
239.86760307956934 799.6790729999146 240
278.430512420661 724.7397656848545 971
622.6545189459742 410.8771780180013 707
300.55953756821754 48.210731732461156 688
157.3902328687634 586.1128551848327 373
852.9345589177068 470.1262331981163 615
469.40942986689413 994.6117982809313 540
447.49438173655176 117.30689472425549 782
719.5883504026722 773.1805452116284 1000
820.4915663063612 880.7700629360945 675
441.10765583119024 780.897525470794 458
323.7945995489374 432.54816902603534 138
527.914141730649 549.0591403038882 453
534.0579198908152 172.8933470005478 280
550.2822562795637 461.8713256117598 281
760.8167838971415 189.1900151928243 316
428.14749820039066 678.9970277336025 864
837.9235898074448 111.40792396671684 944
769.9797787045741 70.6528372607358 781
421.9912737047319 934.4827715662143 500
898.1428398930909 577.1978584398656 66
535.191544736102 67.8875962123836 895
167.8290863351257 340.72785262359383 691
189.40002389273548 43.84430683088003 650
991.4077618106867 486.22570427645417 573
698.8457686244192 528.041332749193 945
114.61642298770892 388.5450110971651 240
883.9082844875443 652.8608489834684 999
439.70492449679324 98.20807755859285 487
201.8460174331551 697.1913926039706 571
674.5005100098779 18.062900766056543 675
4.605800226738066 742.9941080141477 309
857.6047450272623 542.5606519440809 392
653.1717701570084 420.8847422342662 843
427.0748758535138 909.2788538115026 488
180.3205717757136 41.92327058569223 273
193.73866553675268 902.3153290137137 771
229.953228903933 393.79828091876357 150
161.70399809589085 916.0809811775777 443
463.5681009243462 389.36232869484144 211
635.2773772496182 645.6629049973792 574
6.4172662875015 537.3931002684659 879
830.4904369108882 757.1228028028438 99
625.7955165346306 618.809633420489 651
293.59674340486754 141.06943275972316 413
303.28714919723257 650.6701887436166 991
886.2377528431659 746.7845918136721 684
317.8212184304897 631.2885509470434 830
647.1471999031711 49.18300705191469 918
959.2081206373075 251.0608076890246 355
107.73894899281377 280.25951479569665 982
509.3078261508076 437.8589934712882 799
382.6028644008047 859.9267691610488 677
493.67579633154355 935.9393940600984 143
743.3526002946277 26.27978338980508 992
819.6083961664084 826.4692347551961 339
483.35050864401916 360.72551222152447 831
346.72155046083384 334.2455561606895 210
394.59703176008753 706.7733585567481 540
773.8974643941092 546.5952335185813 191
190.65141138615994 638.327370948425 223
94.1843412465364 649.1049098307969 396
430.1257008001125 923.1664214369403 25
623.6040166172431 871.527307631853 841
21.56264879307457 147.59598238790238 885
211.45152814708746 613.4180655460049 678
247.62424837658136 889.4912643544824 594
279.13107847475305 821.9021427925903 953
125.16647566140881 766.3768248328095 392
721.1686932695862 697.6103207349863 732
483.5787019321175 320.1501092038932 591
781.5823047530556 212.9628466578908 988
458.28943679913846 110.33207377601173 794
29.710258669249036 105.22210566887014 131
936.0198385871076 160.8385534237453 275
118.50735145790748 130.1632731072071 56
474.10317577057634 728.764274346099 103
179.69203617999517 531.5403108653842 736
808.615094393268 302.2870010860231 408
707.3130508893364 229.94509406116194 661
552.7420395393933 889.7488547476123 167
353.1840815040843 938.7856355139486 496
824.4656753963352 275.52993694818684 533
438.7825275837433 467.8467588126322 363
16.68789888413935 748.7119491268674 562
68.63238892837754 224.97341105729862 400
387.75425657372296 99.4415194767786 158
381.0694068010548 797.7894381648714 318
691.184762497324 791.096904763128 872
216.7028281789184 60.472452166334676 346
787.2665239893059 729.3472099965212 978
884.0978556775366 590.2425395858821 874
544.7096445277899 84.87175159417615 780
860.1529752767757 117.89901537556358 908
250.0767332346142 454.1751862576572 820
27.089480385776742 324.04378728790374 270
589.2762094772988 424.00990396643834 618
505.25391503058916 679.668150181747 39
241.0532326415621 367.98726316751504 616
145.59307870412695 178.10984773905946 231
147.5582290220251 105.49031924151065 862
492.12910341142634 67.21745181536376 719
803.9522835328821 798.6085528394772 916
113.54180046735107 535.4460467957806 917
306.94684348604903 51.59062129434289 703
752.5668457587267 920.2965383934214 835
436.4255912097381 440.86545389189513 145
377.57785512830856 32.46756928267058 689
284.0168506643913 593.8530675802659 325
561.8772317388901 145.38176490858402 480
194.35640657133803 545.4889556401582 305
833.8327676020378 658.0800324831354 315
977.9018087376338 86.81364946499093 767
962.9879691373977 79.60904615195375 14
88.30732938704178 389.6329192697874 65
727.2622608783007 16.923029120171073 463
557.957589623639 40.51004438895822 909
491.91026348268883 854.7058578026529 106
382.10552858283563 287.1555403880425 948
795.3640444890901 617.5368193840926 587
524.8696145114151 517.2858384978213 723
959.1588180347127 486.24196101599273 906
38.44647935749279 743.9261185394481 983
924.4109505295478 457.9848332766804 805
224.95576765134228 482.2266916603896 920
410.0584043241422 432.5808397364598 81
692.2979209610978 661.9436313730721 302
693.0397283919506 654.5864673680181 783
270.1264245566741 655.3999887281739 244
322.5083485195523 431.7648135722848 212
453.7360207438688 541.21321877191 341
939.7102975718378 950.6005897485763 995
81.54621220496917 942.8693359925638 576
802.9157839638203 75.52010973379208 896
352.3762375956868 549.0554512744056 432
194.7606153408694 105.22878106094313 508
501.0801618061149 232.51684944226346 684
634.8228154565613 987.6195687394783 494
995.0866359579926 458.77245910149975 126
758.9800633389362 134.5638821479884 213
745.7666007404448 40.478849333871466 94
956.7705001558674 29.17619570522012 584
315.65178719169853 872.4386181652552 258
969.5663281838217 190.49178526791667 80
466.455200808218 649.6909334708748 662
239.1301101571197 994.7043362251238 201
785.039221966389 69.29477874676782 473
485.0607982328865 45.37463433107425 384
346.2893093511703 195.17551138422118 58
112.46743750820731 591.9662943842363 600
419.20089950654693 141.2376704504591 719
220.38611471120518 813.1135145636987 586
105.57826742116715 847.0827700141027 256
196.7355858322949 481.57347948789743 672
676.8804833139636 10.702410517670291 59
721.0644500080027 280.7769861331906 702
161.21597201644067 328.2779939925706 357
440.9515761595542 138.25010788671221 921
409.4585777570726 648.9664560943525 110
759.4266087862271 302.75914537167193 812
70.31087944823643 924.8232080910136 312
431.50656441246207 556.7816580956289 621
289.39249509793905 282.5977620804897 125
916.3795246680777 710.3143590465122 79
914.6471694004365 700.1308050283276 809
22.679757031003888 44.47567269610975 846
618.4479587178741 397.37747041497187 523
636.0775358680678 431.84401897675593 491
137.5094809048073 240.72984637186312 925
723.1444592510879 799.0930297199892 26
957.6912131701185 605.6744765570098 108
410.0088181988163 0.5927295430412372 372
906.7922065049909 299.17618451435976 950
571.7142117340017 402.8072801842676 462
294.49242575637857 112.78334486910812 826
449.9849410323656 938.3152363054216 714
714.9160869762529 803.7456834582362 265
195.42677443750435 690.6647672836917 383
191.8107075180263 396.5152785139262 605
417.30007832288965 745.8182972453365 212
97.4391041403142 678.6575881486484 416
267.0037675583015 345.4732616020214 356
166.1438342702982 217.61233475695298 529
32.39405743636048 941.259651938904 976
428.7224923229025 981.5379546403722 333
5.139788890042296 211.30135809162786 418
354.3447593646981 297.12883227626827 910
259.17115104726963 715.0052494503925 16
449.7580939786515 684.7905951182049 473
867.120734599944 289.85000244634165 289
782.175059450258 961.8527010748026 996
520.101193930875 273.53749230218625 152
930.6019160194983 549.4764690107909 849
277.0970608731992 399.0472770733696 868
221.69560372131735 543.3012913304548 454
284.2937733742589 221.34390123265047 298
413.39442804079727 997.2046710972812 522
697.9956182303455 882.2884290845038 506
238.47667076864477 510.3680102909219 784
579.5597666913069 523.1500892535767 328
909.2865970273061 390.96486048574883 101
499.6275296897442 259.5283765317722 677
924.232812092051 330.95130378228833 523
685.3613054654345 310.2923659930387 675
958.8562872401382 794.1810527501298 262
426.14666661240386 180.36968622865723 185
584.8366932667898 466.6745925182383 432
149.73802089121335 33.567772281153374 933
363.15761031975734 532.884785833995 518
361.6003007044527 129.44709829292756 788
150.06454106160894 47.4945095806909 575
354.3508425009501 815.1111583017679 611
193.26281045964612 267.0212815201565 877
525.2053577172113 385.4674639210054 444
333.7659673371186 238.97369147069648 454
972.2337468523457 930.0849690692734 982
426.0508570019654 372.5778679672388 28
619.4170882365651 128.06367905993255 457
137.94187338502573 783.6117481830468 227
392.2822639419239 449.39527584510574 820
460.8547672669233 601.9647415390338 431
165.82185370679247 174.0434229763026 534
263.0610313672962 830.7838890656351 657
370.28786805469036 355.6981722011501 38
365.19030955573993 822.7415217853694 898
382.20160910350364 988.4112878579987 730
653.6038041014023 604.5718812726032 306
835.6384601445712 263.89010450234065 149
17.262555722126983 78.44431368410743 482
899.1890601589479 242.38319470332226 568
621.4255071590187 317.58788461376054 751
491.80379351824166 337.0756359173499 262
818.0139160882366 536.967579268072 989
626.2622522289629 496.3782197390212 949
696.3360743582509 600.5118462862973 131
82.79309988734418 490.5332549112965 959
295.15116637428906 823.8935413963474 748
352.4245250113277 283.8616035039071 281
241.05384806708918 582.5603737424801 726
366.08535053434275 827.568498382403 837
110.0920986479107 804.9587646185413 691
229.91536297785132 570.9711315100152 409
952.1155277193878 534.3370378121908 600
776.3280279363798 493.9736897090626 937
159.70930268511796 18.82784327387721 370
800.8083325251157 985.2043922012012 781
508.4380469447339 948.2474141530453 316
602.3763668850936 833.4050111081096 608
498.46242484626936 220.29327617514372 47
809.6501211100478 188.11284228400183 746
531.1227095966002 537.8121160660788 359
862.8778735154399 588.9750265666584 775
749.6096748518916 2.361711546155165 91
169.14468668799609 232.87351148606626 328
528.1748660684018 374.97528503252767 134
466.9622495707012 838.1965744199432 337
204.85701926457645 574.1528951594861 807
62.17070891188392 170.58141816193773 915
10.093401189866679 64.40536479344749 26
99.35962582457636 556.3848007152726 849
517.4759290225078 37.14768958538761 936
873.7749151250721 368.8009215158357 272
532.2054210035376 936.3657669873595 582
432.1444276320434 30.786516966401557 48
115.87493303700236 656.7071470102978 221
226.9727253335515 460.6333069005526 341
336.9412701400728 930.1152511921796 770
860.7065114631373 771.7579364703834 678
515.5873728505859 554.5511570205765 690
520.7563531719504 58.172019737847805 195
654.5498700538144 369.2776140509215 41
191.13933667551908 807.0076550356457 871
336.7704443003663 750.3125446696905 672
644.5799501622373 957.4452839781718 840
573.9441661653897 329.1579657802129 12
350.93898993144165 970.7005907603894 823
34.59460033603645 947.0530803852462 273
616.4145584023686 79.05732987322311 370
922.0194995330046 2.4126530177366323 645
52.053850694961156 629.5358746723355 323
324.87417727887345 437.21861705082654 781
807.5546156464978 505.221738537132 973
156.52441222882962 137.78762735961493 762
189.01414891665914 314.32163628788703 298
123.35550043388133 323.1868951573335 661
427.1292405592259 185.97292992050706 937
101.36159719246218 944.1488295427525 439
745.9129430478586 878.8414203006962 206
959.9954418696067 990.6160512440729 546
629.4765999825231 353.2476747812159 760
904.4466595151262 389.50504468414283 119
748.2764258217859 883.7026601497375 789
501.1871323419264 712.9678621192327 776
213.47126089686708 524.9835525291682 856
0.5125817000308786 288.8495980198299 968
505.4712827913689 3.6370090119202114 604
752.3495140617814 873.5694524488504 520
735.2022598640319 450.5864698684914 102
322.8105974025751 553.4965452752958 481
868.5028907702533 89.71636277356265 846
594.6179766304247 677.8806935723486 347
935.9822533529699 986.4578157396095 265
837.7467954618762 13.468548347288722 508
167.84552602588943 606.1569215214573 820
83.44499450423103 183.13608338683528 666
187.02895307572908 821.6951952627999 54
333.21797838889165 490.381321370277 925
451.40059531067055 345.06690079265235 376
548.5313891817411 957.7575590569307 38
592.2689303869525 82.78261789036235 447
785.1128251537332 143.2833763499106 177
275.9656067211453 857.8719549883331 21
982.0294622075784 555.1095613908224 117
44.88242698544387 923.3807323178007 829
766.505650677065 245.63201888691665 965
542.1147621094257 908.7077362336543 603
700.5626480574554 509.06836669435097 170
58.80279179276637 777.2722145612158 559
608.3389424598143 70.39308487086693 709
494.28873895025015 306.88504389938197 737
386.0970526539527 806.535710088183 774
706.730657782683 279.63835130852834 762
80.31867679718141 396.85887942351417 369
882.0643503928069 300.73244852655944 375
417.6965275869935 507.7447006116792 65
696.0707707905325 218.87099629646468 498
41.55149758781129 810.2054537212832 142
101.59116317155559 632.5873732295026 451
363.6939141549537 576.1028140902428 178
511.43034702844136 481.59903017902394 69
592.1293135617711 566.8607601081275 467
740.5407482632091 949.5390145934626 255
554.7786928300453 751.5666815335179 116
914.3411936805634 839.9599271341376 180
52.02602799021783 716.2740004041319 776
382.9268757583033 618.177933722977 109
203.49090218618804 440.02937144357446 1000
702.9923986054008 16.345530090921212 819
661.6533260628596 924.8864672761007 375
462.55514193594814 975.1160496036297 499
249.07507354905323 219.58721296685312 380
18.270146916722684 954.5980583940994 59
503.9964457986643 1.0755285418547755 707
384.498134879348 125.00920948543815 974
649.0696423256594 377.2324709013695 642
516.2787369684352 631.0447953351276 837
170.33711450010492 53.296132305458045 828
59.379818911912686 577.2653538542834 542
497.2892633718501 426.1063427236057 20
655.4224479943194 499.50440613782985 339
913.8845338362737 799.464337155033 347
934.0426875344361 13.111173982340961 845
531.343118263004 722.3993158362781 544
397.34279001429553 66.08431930983494 102
239.59685912229588 444.6129601812616 2
207.0032974827787 205.96561829002945 176
988.5921884094155 746.2239756528533 89
643.7682191234428 105.08855496867098 264
141.0448640303107 521.3794720014234 886
227.1186499664537 286.7275168864809 237
567.7237465288923 268.9586314507827 240
249.29983423088754 545.8773761540481 721
595.973955721715 147.1891487048379 845
279.00384110791566 455.2098801931294 755
124.1864309980325 90.87197511902778 144
376.63178585061377 426.5475252414488 490
780.2322158791485 973.9093301415982 438
655.6162132492982 150.86428156224508 330
527.4738589534967 507.1223822119628 768
995.812446868495 217.68464046145664 227
705.5445300205121 294.1288173016743 136
