541.6771349298504 267.41829841369633 103
437.2575033444371 108.46588925616962 418
876.6649188980001 441.8570535877407 219
955.5005909939792 457.3891321430339 121
690.5401128629668 352.93331372852845 428
725.443103505412 959.8970483077193 120
735.2476042311558 825.3563665929648 525
965.5585395817848 315.02919354521464 90
329.71533094924297 697.3164925607682 640
363.628915854619 171.3577930706778 775
774.3519293752981 379.247087271146 68
834.3420467309046 789.9250957858044 901
727.463106100982 339.9996332876829 779
155.4130963932715 817.1007832171895 593
480.5576753370393 509.5358223617665 285
263.82784379277433 467.88625601000535 103
234.1281248475966 550.9911609300264 246
38.87052330800811 883.0437556533102 723
946.4413789687148 140.4804719082251 777
298.5411272331766 770.4352407986372 237
801.1508543191305 202.13462901514256 36
210.3936456385398 326.5153077410056 148
699.260740688568 422.8347431357675 194
780.026145708331 964.9806009792161 226
782.9755384818438 510.6097805022695 498
260.21895920429614 995.1558923675523 971
195.6502568756412 186.98408823438973 786
567.4244788512651 756.2074780531427 281
655.5381919773395 180.8409519207882 615
901.3075922971653 797.2569908608216 301
305.78380449589747 595.0468600939429 81
894.4181905255638 47.0384588502738 264
785.3485825930337 880.5901020685595 403
192.28088728305414 574.0495444324048 175
737.1429695938222 482.29425901693656 31
454.66985749277586 324.7342722632385 414
573.8638248143948 917.6238734834925 363
830.9704550639849 245.35224284092428 271
318.31738195132095 170.64210969032013 189
811.5313549353201 529.1812225242634 600
436.17995000826835 847.1870731837798 861
680.8176996218372 122.1462087260522 688
522.0392072830219 705.5823074489072 602
700.5502632843023 529.8725215206567 699
959.5632535039607 377.95000975337666 531
455.5006357278557 516.0624775853213 643
871.5346226339833 412.2940874282679 532
368.5919858861385 636.8540977099747 554
494.4292176605388 966.8711377028328 902
466.6742221006974 408.9690407646527 576
442.3942009997556 570.3297377387082 988
173.19861494511179 330.73273456219744 401
987.7512114551295 81.10197169129208 826
539.8910180093644 43.1164684060229 439
690.2481365317517 422.4476665474922 952
388.4601416093935 696.490058384573 147
47.06698734538372 864.1754250570639 658
175.8876195951007 430.66076040164955 786
557.9450665457716 216.45026678145797 267
492.8266379368851 463.96222040087554 254
73.68591398650604 633.1503697071701 149
286.44446874953553 18.39904677736226 970
564.7433538492306 298.49657495859736 699
592.4822088907322 378.45223576612796 573
1.0004485939901775 275.6923967840278 283
907.3812602346304 403.8224604312089 286
108.87199826484017 835.756464224149 775
906.6658067903321 795.300592945644 535
738.8020272984179 200.7313996850074 981
457.34909114178066 148.4385179893568 322
828.6030404887705 610.9649729929824 565
430.0035737947522 379.9922146892778 48
555.558931657825 752.2980866296871 699
784.8261631539614 647.3812402012903 638
439.04927326748845 672.4579356578549 444
808.0600735351255 901.1342018202898 877
76.97100838038872 789.2085879436999 790
854.1524381729887 198.85807109652143 292
851.1469244397477 324.93734190268333 465
215.47848684490722 916.4906864495963 968
383.7527027413511 80.1580366852238 963
282.74302996567326 472.44772082073206 517
515.9736025333626 913.7460077702789 840
767.167156959348 485.12623014848464 149
660.2715696876692 265.951462568242 263
804.2219890911568 270.97544296917886 228
640.9808716400828 85.34913791100496 950
573.0616118508896 835.1889733290965 699
951.4990566899688 889.7977069916748 841
932.3889653921141 919.5259692688993 207
852.9896055719947 187.79181132247803 777
501.2227909877227 62.49052590956128 772
588.8192520630838 991.1890655612988 161
690.5993121917883 329.4943345948353 306
622.8526780075997 5.002682595344199 936
412.44206165498855 333.68842714595115 515
229.74002414286133 744.8203948066938 285
178.24121291231899 860.1684450252566 482
605.058448706156 936.0755771697404 89
350.2524253062197 773.2659929460852 531
369.79457983369645 111.94777181217009 263
701.5591259137913 744.0021181443133 232
608.5023413931107 663.972986326149 996
986.0480301242883 299.6069627242003 395
783.438739512555 751.4571838377442 682
255.2444785118696 173.72636632575288 607
113.9323072945866 221.04976081930826 450
502.64561046658815 728.5711487962634 357
994.2636774955132 899.9320141480136 229
849.3023746037223 429.42060615513657 559
148.05281727893706 98.3056503523384 100
841.6776114221087 877.3262782295869 326
262.6216689628622 584.6868796231518 677
587.1307442756286 204.9135575948282 565
690.9405655572006 340.8528851468812 929
955.8200639093633 418.0737861715893 607
130.09693388037735 92.56842108408547 117
289.3888675126087 39.607582986065815 720
448.6285152588437 662.8442089582765 119
406.7274326259058 735.8069581097632 498
619.2168468356166 903.3692049441154 74
447.3218714743893 322.17178987521055 436
20.27015404682009 553.6013639995955 472
388.57627846865427 876.154287429121 177
944.8482486968553 66.40705531812307 425
378.3528445242277 560.6814040106348 251
811.8722618917303 778.7725028082313 67
598.6666667402326 400.80055433107617 764
531.3340073063669 745.3081745634847 696
975.2099611114016 252.81265410829445 933
22.69285933834142 743.4453135659526 171
107.04029926558289 70.11744717629742 457
409.19704565753966 549.2227199568379 316
118.03742174618348 397.3515286007271 944
377.8365545490068 827.5553983432004 894
44.816813760934274 904.9262889864285 155
964.5333344032405 286.18931564675574 523
325.7303866256801 837.191727578948 453
845.519652429996 134.1512287048684 169
270.9473073064274 497.00609985443543 184
539.4237305296933 517.2602675308638 919
347.16334964151577 212.7992210578864 17
622.6280804606704 343.5845028861136 787
569.7025783424666 420.0625747394838 16
937.0663013822937 555.3380023988803 798
921.5565390209524 741.2483480402718 344
833.6898235724105 509.6966969445672 879
503.90011495465217 109.49867498071619 215
792.83634266411 458.600637783504 73
799.0140382305136 944.6459363825207 518
809.7377212327473 901.8574401597904 125
477.88137655818764 41.488702497401775 948
740.7803561067415 857.2714069604127 932
448.4750129330387 343.7313554041631 50
840.4356941028096 915.3703940044121 891
312.3399082136161 471.79540528471273 617
571.9412575378059 866.8584806807129 593
258.82145699576944 923.9226744894605 931
376.8896871348789 924.5323938090507 270
241.37405817066983 169.28622760864465 252
580.2549440075263 803.4630851148794 623
603.3101659598059 516.8157573527996 79
208.02868408593022 21.962363056929558 529
165.20808089323214 498.3220134685581 30
81.44358487827242 843.9456191446181 519
456.8695861770158 723.3252644361706 781
709.8369292312808 838.3632506721889 513
18.34863123977637 548.2568043483093 397
281.78591416513956 315.0776270424254 401
932.4248861712582 78.87721533809278 204
979.1373230779592 535.266361052467 151
153.59241835656002 608.9118176798548 126
996.8439123575782 812.0696386781292 49
87.9123305031848 555.4673336701067 565
805.5704288771532 317.10114512958444 704
511.3873108117799 72.68811927081953 293
378.96304112238244 374.15488263157937 844
930.0796044903734 733.169723885471 748
695.6351588639247 930.1592581306444 918
818.1344526189599 198.76374834074318 522
683.8908657619728 250.2883325768601 608
57.27678535043268 290.74302648028726 678
362.9163635364697 734.8188819132762 208
304.62250728413386 898.3529303152253 267
684.5584928192197 784.9568060705608 881
269.85892017642385 579.2172597337873 660
341.1936145932921 521.8048656455272 347
417.01300709279445 168.4811829245787 173
651.56713881718 913.3721856376629 392
466.14806316177726 71.91190423772731 163
781.801656966537 159.49340442068473 878
785.7060656486117 35.03749037167492 747
829.7088719271619 489.2056307410104 735
390.25017074680255 981.358755923749 984
393.0454998175802 642.4794481009242 377
957.1754907818025 417.80665294097406 120
0.8731193932911552 761.219392525128 519
436.906927981926 259.0515515673161 771
733.126061496098 204.6396059802985 787
372.56900264828107 166.6436699993239 705
100.88797291469531 806.0128558714717 833
414.35530870325266 790.2929016173755 952
146.3631911622657 562.6205421060574 229
994.7511845982834 257.3518779235169 64
612.4687407288692 931.0787589904512 466
509.4608554981398 44.55704858900833 502
84.1243550135382 798.3431067928648 901
491.00233747423215 734.4538788984079 536
527.9980022869172 379.42942230663414 194
764.9920530651755 334.3457732145473 953
883.9189580106388 508.12452351427464 105
940.4069086250066 213.94481244231955 38
739.7576444930104 917.2141277132752 687
395.0244148383685 7.974322031949144 218
528.5943548681231 789.5901567913779 243
758.8430235554683 157.3176498304849 631
969.3395533313499 891.480910873461 942
210.68924949763777 250.2928435190016 944
47.9301626435219 771.8754322761976 568
582.9920652041527 423.4256819770156 276
340.94304942841813 305.0173665543334 856
688.1489145037486 651.9668661868126 156
234.3676191093046 168.25677514838299 577
474.29815103919225 575.6234179896968 171
261.5585130043778 726.3348249425437 684
685.4583859182703 270.6014878322527 243
417.21996546940954 846.4066251195086 280
188.89823939498996 735.6511850871607 839
327.2883676809377 286.46068381150445 430
633.4807166870677 616.1199957232914 156
583.8665185884395 142.88412758055748 851
468.74908500978063 319.24892574789953 616
994.1951195177467 166.69018835135464 846
757.3716257647576 0.36326037458345173 774
394.22122110752036 70.91906606568388 311
710.9054696212344 768.1160385555168 42
734.8608720376859 780.3688769874977 455
536.2246948450585 188.68943906100932 195
63.14384610879353 399.660861074929 65
25.50477769148518 705.8814004261526 636
427.8185506790423 690.9771202587716 616
488.67907761692067 389.2847233846641 850
662.1516760901642 586.8159426536325 28
315.26900171855243 517.9203471962895 638
491.0132759986592 538.4898222296191 770
498.7941846771578 993.6433544089228 684
557.0273937240148 529.2999181064124 553
848.9370054327203 48.0402952490897 67
864.6616615073511 574.7383903461185 441
97.84299779431127 348.550283714243 235
86.72189819070508 136.38010962601587 83
163.94890307397847 925.7623362633942 642
699.3615972491062 86.76909983159808 345
306.0410277809634 794.1159941554313 302
102.00364079842849 647.3928154647675 185
197.20182014660037 390.62031983103986 191
840.7634774880888 860.5754017308386 964
768.8911117504427 390.48814536290774 758
761.7942158412935 699.5552970044663 115
56.10833032708318 578.5492416382594 27
949.8267705904368 346.08170117239587 573
327.48209863886757 953.9033760486947 427
636.736661794678 895.1736754144862 71
983.0315032095905 149.76725217637477 705
437.1616910972578 688.2077369361978 515
797.7058094766476 546.524163127442 662
379.1713231556929 266.0296567642929 39
8.77684268829948 462.59069532227295 986
761.4083467334308 749.8577023408322 107
198.55761162967323 178.9296586943161 614
265.116653180638 58.15075890148314 940
682.4057649132656 264.35947592720254 686
801.6369522514452 583.8269349714446 969
192.93254044135278 801.8096888092355 190
790.7927282677152 278.5696831140614 700
129.04862452798292 696.151653700763 434
535.0582999609935 252.4960065232994 356
670.3225185425498 150.64255454316256 78
930.9048948216488 865.1832223951147 80
4.166205158001035 851.8898642249159 438
497.3979441401297 113.69912183055997 975
354.15975814542986 195.65545062569532 665
542.7099483492348 34.51593457772362 629
408.8850652036462 427.0341659142388 578
840.219084947235 95.96880390688479 106
395.6497292697006 987.1778085387471 946
450.02469379192456 302.65359822997885 618
694.0299978028935 590.1760854978749 36
405.8764833879608 52.86243202375207 578
597.5731960697893 780.2662943604993 715
476.0439597746006 604.8457614301899 945
915.5587049139863 858.1210758732306 20
346.0257500339221 429.57654390129676 382
228.60371063266416 342.75907023877704 617
496.4214057490578 723.4554821719262 454
120.20257295860381 248.26843416786937 822
877.6833277597979 57.49625119953383 158
667.6709147266034 496.50894597954175 609
903.4314409888566 877.5446258854334 565
824.270260997551 2.694541524680849 318
865.2075688475152 689.7464207799583 912
110.88233074656773 949.4466160308941 586
904.9676639193164 680.8629709321484 200
618.1568510455229 162.4450717450311 972
683.8053377926055 275.9989853197411 169
325.55373390255113 362.25927684064374 767
688.3307001689029 141.27443400023165 178
216.29533408668556 917.8181897885867 740
299.9616014129476 53.41283544672915 531
534.7870105641965 850.7267335574246 638
978.9754670618047 878.6569339491555 189
584.6299207288888 840.0191065445438 795
106.42619861924474 648.1789307609762 894
564.3650822670872 199.74081982583024 636
426.494745458636 833.1880685610741 515
543.6139596712599 792.0970143515979 709
715.7306905400446 915.9544413126507 323
858.6036455555928 684.2709437218591 776
216.4169807402504 877.7828860926898 974
180.56088875850207 329.51550005808184 641
286.07896400669443 320.413836198127 503
272.2818908361022 213.65860577228534 911
660.6907192532128 823.3008425332636 424
307.72450514911463 636.145072414185 783
254.01220129655889 548.4153679058234 77
164.09394383896282 209.79656961600767 944
736.5380823527378 773.1648839927781 348
789.7806626177287 412.8368520010088 791
440.1535882190498 301.30596335136516 143
250.4317202222711 938.75440490366 331
758.8520075963147 492.4912533678979 765
217.4895081164352 133.71765826170056 742
315.35485954599505 714.4105426948037 141
925.2730858567905 226.95268791844057 167
680.4943590401209 772.9746033238076 538
785.46897400518 46.26160843743365 566
626.4541075331159 861.3245431413046 105
681.2130580169807 813.2242500553195 308
940.4091986023458 916.9666048616414 151
418.0213489109755 616.4611170815563 889
516.5467765907958 251.53143976323057 1
880.0099165099879 915.6959895076822 608
852.746241992559 514.1907860130308 597
650.3308085746148 315.8569957782099 101
524.0012820713682 475.89217839506114 665
60.66703762293613 829.2548345199542 784
919.8530364997556 499.62528962351416 430
368.41718757339436 119.82957472158407 544
974.0475869190184 76.29661310455471 128
632.9154882454887 451.48012268558347 397
490.42209948206283 583.9476125646963 811
16.659599093063584 522.8566834242528 165
934.3560557069011 462.1043128027955 408
346.3436157523144 62.68057204049538 24
685.2243170251106 485.4599673877893 884
216.61442334073934 50.00347701794006 308
683.3144171686893 452.3783343128646 398
582.0606174805553 514.0726018305364 883
42.900323565824294 343.6575651490237 849
637.8406692473491 106.45785349933278 828
387.97124952302 506.58741787113325 648
519.2327954734438 709.5560120139604 772
910.9322744049001 584.7339037782931 564
433.38157555709125 106.00577073598683 755
259.6428898221921 1.8952271583065894 331
144.26999684396313 80.70701235924227 394
837.7789021118357 766.0200424887963 668
622.6358426215965 723.5880886318164 935
151.37559553682468 373.6641656620782 274
630.325375984722 515.7125603604926 178
319.13187832209576 696.3335838791362 964
546.8557458454602 491.9288655222484 570
803.8277627787378 719.3923705856827 649
838.4172712698446 391.70273411178056 288
750.8157803926928 164.8215552771637 803
639.9032489586974 573.8444042044822 88
694.7232010297088 268.5035087805281 141
977.7695864555221 110.10766323306697 758
246.03999183865454 56.65743595324224 346
821.9140473563308 669.8576546691171 919
227.9510799340808 423.6846478467399 947
399.0574181222496 12.105829067779904 108
717.969636143583 922.6564296552597 286
620.9440320681972 241.67442347471967 617
271.6296129048581 610.3081728652234 838
434.0678920523556 33.516011137060374 395
132.82558131377664 413.9721953817609 139
440.7640074195953 159.72644983563765 130
87.53426998967639 357.131506321522 133
250.25259122153943 600.9511982773669 553
675.5995081355371 62.145758155385145 750
59.20094391078479 425.5516830671534 551
186.71639042105258 895.9125168232783 953
258.44364852083976 539.9779874822774 667
954.9477559975863 332.2946966509783 964
123.72812609941475 43.980808456483885 520
95.11093382303227 303.6356854908718 888
584.2857579884819 193.66272942425567 901
743.9490509118066 273.5672911636793 202
812.9379076346308 322.27953733382986 187
9.390568187975902 731.5679503427366 869
77.20488524998892 775.6620215726374 114
444.0836005792915 810.1589499564024 558
640.1782284560229 17.436437752695877 928
264.13392843479045 182.26114878005362 1
403.86025762677326 878.5709714063435 221
889.2420042527809 790.5090082213069 998
875.0821429372519 683.5112187123258 18
439.24716363477 363.9283280838438 834
650.1481606826393 938.9093235889644 24
498.89679502922013 834.9441180675786 621
596.2418246607192 183.53802599252344 949
189.45880054991116 647.2695696607091 775
368.08415193927976 273.58070793775124 812
949.9593862166033 552.3870503660323 938
801.1509072080403 399.6415592065814 462
962.9570203684113 946.8240564560294 647
240.25344640695988 854.0841236234146 968
175.71682204830063 657.6568868929813 29
177.47496096726934 15.597400720904098 860
466.8682041089889 181.96924816902714 288
273.29781857696634 661.3291677785453 732
511.16443699801283 187.71316651907432 757
733.9422702520038 100.71974261868277 933
565.2185318782637 531.6258700849086 916
4.547009618883768 54.56893344801761 227
517.3245052137579 478.951478192135 890
403.83850369401387 853.7884015910298 36
523.4153130611861 670.0164625670928 686
170.27130481283527 926.0813617492123 699
973.6634701158687 230.13480716954493 467
963.0953601289265 930.3807199601974 660
102.42954271127624 391.77762688570607 545
842.4903970146312 9.458977182782213 70
59.75989105980473 281.2850616409813 866
348.563049604795 115.89714325401468 37
437.4524903368517 735.105396821287 720
496.80528112909496 826.6063081521082 458
95.16890390446464 732.7665256530414 514
246.42747029786628 422.4435094583175 1000
995.2040736052529 717.0394459405144 895
865.9307674440613 802.6808594187094 395
521.295085567797 929.1567848893643 292
617.999927383553 811.5388461616106 532
674.9905761853124 440.02691464745357 628
559.6246013603484 597.2480244033385 84
634.4146348843806 875.5455101691549 714
340.12568453513194 780.7838544162065 609
372.3104730309671 393.3971853683672 500
393.0247084640185 803.982879239993 126
411.96566711815365 706.1941790117568 475
50.83706367993423 726.4438889158747 122
850.883135100361 977.8118889738928 887
12.181215995030525 358.157349684232 112
954.0348541547721 990.8725712904725 388
500.6178103222958 205.14683675984614 511
59.804070976821166 362.4136247214135 99
771.1275934967063 30.314641272740527 374
688.5318155349687 704.2682605692511 671
797.0144363820964 862.5734955382636 554
723.8566023803545 429.0747965851042 394
301.05380355515024 999.3765326423785 88
573.8011739281734 790.0286689608002 762
496.85833707744996 677.2393095467153 408
949.3053432508553 990.6224365337687 292
364.74138090310026 448.9957318236922 532
797.6143028216925 120.79434059747473 273
512.4009416606866 702.2690057507332 933
836.9945927811006 938.5128969936127 521
625.8995255923079 735.7195024990846 716
315.3947728896159 452.999171456408 582
265.75872273124537 402.2448419701253 402
233.90993774316894 606.3901193695543 610
506.77618250682343 18.84866600143964 64
598.8490945480748 220.7371721698186 313
31.109018768955778 322.1161126176701 654
387.72971609095777 770.0138849870505 435
375.08681201458006 651.0104516251389 852
70.95501208940091 979.8799918668129 902
10.421999481279975 349.2569221453311 671
663.9160451479136 368.6931311657159 59
816.69046278678 293.9219322126838 667
956.565258019664 243.74324919406786 181
337.68701463364437 103.97662536078388 891
572.3624363379241 656.7185933005768 706
666.3550709294453 980.8511854267871 622
916.7224870651738 784.8744327238783 20
171.2169270510091 380.75501832619506 527
217.94413116422018 505.38721418714573 765
128.37073042281887 559.1435429311244 803
466.9565851621971 200.46864816538223 499
201.26438237547507 462.55210801710547 462
461.73144203971685 17.30350300676209 266
835.7851353685156 496.2440577669207 365
833.2959232976341 527.0562154131941 105
381.9751576788869 760.4525726750892 577
166.35824657140662 335.98581379623204 46
744.2059315331267 422.1433975250518 168
280.38127122106096 486.06528172075303 543
416.1379952538375 38.10954993425997 56
930.290408322132 96.35641370484704 603
804.3176682640469 285.42151344720867 446
876.7743963670438 948.0135589472114 21
35.7800934702881 384.5248583316607 279
23.73028531139243 599.044424647669 420
160.0391625750882 463.5628763302425 394
146.85025307548926 424.7421091877206 458
660.944905766048 712.5979978649858 739
122.80623793207945 260.67565477100527 658
903.7390818843531 36.68871416013675 441
127.25882620329843 34.384674537832005 302
509.16959469565427 872.5906829826374 792
434.0132494728005 777.7855045889017 846
396.32394385956695 714.697476119267 752
923.0155294137361 506.1531242305124 46
834.1525342859786 368.22186697243717 878
374.5528283849877 878.5315348472132 223
814.7056922278689 138.11804506113913 57
257.19505307546484 81.31026560767873 815
145.39232351671404 950.2364938376099 957
868.5179113567924 669.2813254003352 424
523.858913484032 899.7189915060034 706
397.85773057527797 128.78627454308267 104
766.1208502615139 949.2345513451594 54
484.4868534989605 1.430173747099861 504
864.2965842008073 253.5671110943658 506
864.6003112236386 985.0745931628334 759
638.0644388673805 201.59805344478175 266
83.35996449141247 703.1745565226033 442
264.22374005752937 935.9281740861455 451
337.9832472600427 725.487708403181 89
102.87565149097877 795.2661491945365 566
288.17164306763055 289.5378325815242 904
949.3623264956119 595.3275250027605 767
952.3646543611479 641.2814508018773 629
769.5184373475479 271.7998321700319 240
307.396942136694 290.6432231869368 256
46.48925178813501 280.35043155924524 743
17.95692307732899 845.013304106069 180
922.3398174281728 616.4609844194601 325
83.30725657345862 274.2610238162612 804
768.4447747036498 604.1253128315134 554
713.1773430810011 896.1240652895577 406
972.2042678930665 899.0208611168804 106
396.69946414743674 18.9983342177652 241
630.3327592966035 789.0560181536139 850
529.8478810250964 757.1997310791137 583
141.39837597805004 644.8128660394207 548
23.97556860799743 154.83345892363997 378
564.6919981717558 532.923240129769 276
291.6213379583377 836.9240950410831 868
327.0078049916446 488.3907528887026 783
623.24608976132 137.5865061688365 388
500.8134461922392 769.9688697184253 893
16.499910017232168 979.0059609167838 673
880.9780299819175 66.03382162902605 990
856.3926591246052 635.1771840715127 525
728.3032694565563 47.54175889638424 341
263.8716040156215 1.83522955780957 239
124.93490860683276 160.37074535739671 980
397.8242891291105 644.3943254535657 391
891.2141272196844 537.807354723865 522
33.74101109569039 671.4619508112904 946
845.9082687995444 574.6023692344648 566
101.55223636346167 203.8479366607897 577
852.1708872709385 86.87309951585065 787
198.79724593659807 296.6610216351586 588
857.928154582726 836.0981250494118 465
668.5518389084334 340.9952108534934 512
26.66668949420814 818.1537837290043 43
116.24328657680661 997.9161299242818 854
671.3798768599547 204.4263080714127 452
190.66644565495884 645.3072402070443 874
45.08663167557647 392.6307196347129 480
467.6758979396648 687.201976766309 797
683.3765543739843 876.3732577288858 528
958.7725497441492 870.140646039696 635
114.28805506687378 427.43787005929346 298
573.3579822068201 809.4539524982914 799
323.41009027620794 927.0377268075207 234
891.449407668228 452.61930312985123 121
771.2908926068853 273.5931457650541 333
741.4915082602847 128.54600859984112 427
922.926159917533 958.3361016800081 275
407.79882180502227 126.97590133883985 627
678.707860980418 248.11390721915282 730
65.08700542768531 678.9797672832347 237
416.3957907786915 827.6077058277576 127
118.43135648053705 535.7806996568411 234
816.253172576209 628.8063703506377 758
624.1948066498477 395.57165583238077 310
502.3941184474753 342.36352550760483 737
8.777293119598738 455.8354837612011 956
20.07979722319597 519.7002058275456 221
520.4188650472206 780.6801735876865 244
299.47500154198605 589.9355174920142 85
300.49924863465105 950.8814137734348 333
610.4755884273277 9.448689692819755 250
690.1873027948309 635.6349515147525 544
77.50160464752665 69.28328396380101 101
7.510318321083842 11.27204449324315 252
161.1591979755892 893.3901632416731 906
144.490307919779 449.75761108862247 481
787.9424796439662 214.31775639106644 690
578.3320182501153 236.10582399758374 548
651.5312086738364 544.5963593652558 487
844.3755929592442 198.89831138901803 406
630.6109858521629 420.549320545347 110
46.70859451063314 264.08540981649077 545
851.650733770143 893.3632752183238 483
182.22748541729993 114.5918627397906 17
20.236169077173628 332.46766369197013 805
555.8066971124651 404.6270854556025 1
971.3902776922778 232.42126684437702 957
281.30583617984684 584.8502467569667 597
81.90873248533381 789.2517990120426 753
960.7903494602857 489.93617213473493 725
324.3834628798964 530.5671648116353 892
528.2801221578991 378.26513890801004 981
828.8025358616405 790.1647170014829 869
280.95478881364767 597.8450356085215 864
962.7568907886355 308.09380276594123 813
986.4260530987763 832.4345082900151 411
326.2156062713207 397.9789867876831 679
909.1023039580688 946.7595760726952 462
502.0593304894916 895.0461418761869 207
468.88984572268674 19.761153682416822 364
776.1943246013054 525.3948543339 229
883.4943822975183 500.5908259866838 165
137.56507536191208 418.8629988338769 63
171.53053027297938 655.2075691518055 367
634.7311799807434 855.3704297590382 466
101.1140900129055 939.5891699144274 528
918.0390325925894 434.24043671368605 522
636.8006655551342 723.3357052405905 494
922.0983803335714 141.35270474881312 887
130.10617117567557 522.7529883954886 140
315.5096385026871 71.4610635943006 367
857.2156732786601 774.1017382506717 693
867.8927033474912 833.8794340241597 831
812.7400751373814 129.0621377917157 49
89.10044119652171 218.60951135362782 298
675.3016311086116 775.162594459319 341
833.8417993182519 350.7632725378341 220
20.54250277329317 940.7473126901778 281
621.4611547484649 398.13426949039587 731
922.7790755148803 247.16276234622615 376
836.9922362220057 588.4294764418412 849
157.57975821730886 605.4688811224529 221
310.13197187072893 317.0435093086471 923
78.79759647498186 693.1268315467686 8
368.1243909641364 136.41533244979186 364
449.01488868481886 967.9078756203122 347
655.6317114419106 43.725821098176795 135
314.24113592713496 277.3927713417572 418
464.5619998671532 593.3872898164423 714
117.25257418189238 41.315549802693255 110
687.8313895779913 978.9229676071153 419
431.52324946048793 55.782295415691685 60
852.9119645483969 727.3879822896686 885
717.4593041848249 724.5549054053843 234
970.0769240170259 307.49800311911093 996
525.7225830201255 403.0732434426358 221
609.564507229334 250.6327027792945 868
549.5575567350909 48.79568643392518 343
534.5404705985811 387.88205284329035 190
162.10922980766983 802.494987607125 322
836.1243654202902 595.7046557918036 489
683.4515741747571 586.7946627493584 284
568.6712869330321 376.76487336341637 428
795.1074243179 363.606817155697 295
680.0617174624447 529.7270399000627 579
841.5687761165912 162.97912062881758 304
473.2914017884079 675.9031755404047 173
815.0318410363367 154.96439546889428 405
241.58030307491174 204.21244436113207 721
165.07564926332807 169.09411347357363 368
508.3176098456946 400.63994264569914 416
381.93463629593515 956.4167379723197 509
557.613043357451 821.9394774509199 197
335.5879324331614 825.7455244525646 210
242.52430889755595 769.3952674560065 277
942.668861614097 569.2908019839043 881
811.762405236105 658.6236244763423 828
227.48004043416358 61.34356923041484 451
729.5501114655118 664.2846045803329 227
853.8671946243641 801.7512154481358 917
527.0762054458678 659.0455232739447 165
769.7169580943721 156.77182987105675 227
804.5989633989504 524.2302033416674 902
56.43971612060417 699.7751547395177 762
482.0666397490522 220.76070522881463 71
223.6869927508901 396.08077232985306 410
389.85602985911896 504.22925743746003 623
429.4799165267338 815.8351891867712 49
156.84671021827745 416.2523598832717 433
695.2252819417786 132.5512541904039 822
814.787118447177 549.8821627014844 283
387.79002256377606 620.2799088714626 363
212.55575470689158 657.8553321975131 732
384.50223863269474 341.3197982571355 892
214.3661995299867 742.2507275481165 159
704.664185385973 122.77876716274395 90
135.39193426402684 555.8246747034242 577
502.2210400741144 453.4490701640972 693
130.0241916052417 962.3069549922803 51
80.0956295401547 350.2783769292262 196
154.16284555587367 931.9344801292897 9
308.9117469000745 304.72978269968064 909
789.6836303489047 1.4547657463186425 558
439.09674796445273 154.4302013704485 273
67.0768698731179 287.1049759584411 10
554.4185005090695 72.92264791558212 112
842.0683651951273 864.0713724050843 211
992.4271732748391 15.998074813927898 387
317.1758840342944 775.8114243340405 570
16.072875994478263 749.0144230076912 265
982.2254590856074 601.1407785893617 213
92.97292349138687 413.4161014312616 789
920.3525823852046 751.3724485053538 374
161.28897126614007 159.41813997887223 151
174.96542693703597 714.4310772245453 270
558.7040035522115 319.4191348805936 171
711.0308225042758 47.015178108142706 395
249.8923252822236 468.1669535492865 954
28.23559173182022 651.9539968285907 853
261.29761272744923 788.5813200025806 349
136.56460156067217 459.393978230986 721
968.9935740360057 512.7156607239186 314
253.37329732141455 20.33996874179067 400
891.3887686537739 585.9672377067366 500
755.7452414758768 34.58393738878485 255
12.015282786368097 630.622342735369 628
426.2082570058875 726.1670716495893 781
127.51079327746562 171.12128221240053 962
784.160624007365 558.9936874218304 297
89.98234477274714 971.4126819360146 633
13.472506473505174 23.10955709807605 333
449.9547196703573 767.1683125858739 832
41.96262890308178 882.1420557709384 242
834.5076289310311 17.374988142571656 523
746.907458762245 277.46149985490166 881
145.1558776846158 366.6810268788977 442
178.14605860346643 562.2374387034984 781
606.1147582817626 17.111025469260134 442
605.4500464559916 286.45840213274164 654
114.36483853009082 710.7346922902227 348
840.0639038666442 685.1889420543934 501
303.8150035337598 702.395380063885 531
44.44275970192923 769.6780514861115 947
696.5784366403054 60.57883511306683 555
741.6202955169446 185.0437083407983 489
332.95521753094204 5.077674387312325 978
162.95169512766927 103.93634695695975 361
92.87396631926804 104.29050578222466 93
641.4769003730657 558.2691601365165 85
229.79331726288922 713.0862099327537 889
16.975087934538614 247.75286868716606 741
921.228330682592 939.3986352502152 396
874.5134393307773 373.78533393493876 422
727.2997595003087 518.4576904645625 268
249.53157179495832 627.8425508380532 70
723.995505949052 400.6921943723102 18
157.61824492072452 396.3333561338954 912
947.0636211692911 477.73242417419493 776
146.64888743947023 516.8663280426516 835
469.543264898197 590.256810190401 968
440.07195698354207 646.077392967823 997
418.5379447307671 603.1991135362545 897
494.31158800756305 8.204625865279924 876
444.2838504406057 163.14599122698482 224
245.3979607489113 58.762878817553045 642
972.6503636029523 856.2165313816643 87
665.7287866324272 731.1008315882656 356
727.5054611431154 102.56460408032919 721
922.3906223916244 842.210094606313 173
832.9322429685892 207.53953401386383 591
327.78107119537725 203.98917384029158 316
551.6074102198027 523.9782064853358 911
94.96674221162604 649.6235658502711 122
413.9341049007624 649.9953984863852 69
559.0011377666062 791.3576743201526 164
309.0013631131777 118.3275326164167 869
364.41788927317253 730.4067032093454 862
424.3055574164437 312.2970108569827 827
13.622312019182626 816.1753642685214 74
208.89866028333637 272.97122914832715 278
904.7458059411168 446.86732602442146 273
104.6513171428659 165.27106756846433 607
773.1850627673356 684.0110340407853 191
296.4647512593662 755.1221392084789 525
656.7012603505465 884.7520980121295 249
56.394561925459996 31.48698816387041 452
265.6261081995128 511.022810287571 169
702.1799348127428 661.5936891221438 84
672.036467940401 673.9828100197533 694
352.6491496080949 669.9774172277913 340
500.9423462278813 571.7263020789835 908
942.8390292896923 559.637524703321 914
108.33047524121497 607.652489117022 328
799.4296057361602 930.8369265084889 196
696.4323302270022 329.0249872447067 269
434.93042674613446 35.29444116211322 301
58.469257399746624 313.73674585997225 157
995.9771181211536 580.2352084238851 594
89.4267430439265 265.3358629510447 224
701.488937396117 16.472312355966913 965
985.9114047070285 332.8728583651588 138
367.83769048657086 583.3877868901109 116
227.6981627522905 808.4451342389619 773
50.96105716813548 849.4158595423193 165
70.85816662250343 647.0465816832269 378
140.67861261161164 717.0944158660196 923
430.78516986435875 319.7329898104051 341
504.5732514852348 157.74228888045982 353
194.18960935257934 199.13255620134373 497
553.6363766418889 936.5486249709566 479
698.2959481430665 714.0540020532048 584
908.1653691617835 762.074373381045 743
133.1014163067642 705.6672635510675 567
733.2166263406963 596.8205582075541 424
661.2599743204845 44.67039685911001 408
23.96941161680932 104.18469288350963 65
633.4131981062083 853.4991191825575 465
750.6160705446388 361.39419318038676 625
860.97922515715 916.163128091552 600
344.1437118379257 259.9291339545403 70
855.2583456802979 842.733254331168 187
620.7842573762855 965.1087815158105 45
296.781313666857 722.5161655639279 595
240.11715472839256 911.5625690035048 249
751.0983234324807 284.4765103291343 47
567.8667262799115 336.8666336326428 925
783.2256050824407 159.50592188014977 179
958.1920027994769 557.6215691576011 847
898.8089318003057 627.864651618632 341
542.5828284250327 612.6854584311532 453
782.1190543887384 435.5578383823491 126
564.6823891584842 664.6893371552027 953
563.5967374325913 306.3647537110611 967
930.9521775411866 831.7549281451544 181
356.78449553815483 251.11340526817193 654
954.6820360065752 915.7321279594951 305
943.661390054109 210.53417663217022 60
113.09967561388812 225.79705065294786 874
488.2954190310985 101.78292737712525 817
701.2396621468037 383.8894243038633 842
613.3225219241015 627.1444780486036 892
315.7845514548813 981.7806299635687 747
175.822143296119 371.7050172245882 155
637.6580339961289 208.21284568208142 406
969.5464066288278 85.79447941272112 433
295.76607600881255 128.44513198333328 842
242.78106205331918 532.3636651942719 880
405.821690095542 408.72662940600856 962
597.2342573083776 778.3013472642521 835
588.2967057514455 33.65323930970898 874
190.15798918119464 144.6906827652613 182
619.4601903385968 792.3802211188732 73
698.9486249993461 778.2568904588601 180
958.7171990067495 821.5542136469267 939
575.5550891712086 722.7560217325595 86
193.55876385678638 571.8032118110066 274
86.52019379840159 293.16907804025794 996
919.6046516305482 96.80165661879103 851
923.0470134569659 919.1768038950961 561
269.4495733418935 574.5621692311403 569
461.6527929318706 181.35917476543983 6
133.47945996040156 350.96862397757 278
766.6877793964547 109.37720564675834 259
614.1131406817545 646.9717596123718 168
156.62819766786816 319.54161633740887 377
67.68352876251338 126.54267664730855 270
157.12876148687337 158.4447829113218 392
651.9987150700553 506.0674187871745 859
993.2574039767393 845.1062354126327 754
301.9457398912171 399.664376276594 400
23.385510241161867 895.9347362553425 164
766.0636570243827 815.4442717074184 801
57.01777800707808 129.79816081009042 993
40.68641806819117 521.4388340650429 314
209.80706992301978 806.4359838405536 531
928.3771436100683 336.24371212080985 182
24.31457374474455 204.2838360752819 797
383.5534411600802 228.4005687960342 925
837.0594486856774 622.646956945493 238
368.8166061224917 721.7114578444521 77
627.0640152227072 927.9241680219592 968
444.25817567675574 93.24939804081833 562
170.21798781775323 110.06026593240792 486
710.2565347284592 491.63670034874275 259
168.27035825715575 69.68814355210473 579
351.57895121590053 725.1290620068891 362
632.4845982297563 909.445276326127 867
284.3310685652098 311.04427433806813 186
869.9076248532011 601.0029662605971 747
905.0802021484448 208.7364344963072 180
398.1007773440678 226.55267388847 212
319.88661435214425 632.8037979795481 757
730.6031285537513 98.23909439928636 742
555.8895335897802 815.3467405454371 943
436.4045355402909 622.2350913610273 355
873.7317274584826 828.874761835998 734
523.604042630994 414.05612491863684 9
978.7554949182835 408.8529017260777 197
106.48445758225222 896.37907808017 691
425.4601233644779 739.4420402586552 599
415.9997222246402 698.3568927152318 609
844.1013809636605 51.65351875117818 880
314.66660884267907 955.8791394675271 216
408.2265831230022 984.150430743486 783
598.1479285210661 789.4403183739885 403
359.9946605387518 941.6388147013325 531
293.73660291894635 707.890577472884 428
381.10239267026145 187.69967774721675 265
19.368464696825406 516.4741416754232 686
429.3246679101834 453.2453497719275 379
723.089306301744 36.93432082764525 756
641.016370764228 965.2526519290224 381
193.27392468405014 6.533536481800328 853
40.90180204468996 471.86184902068186 639
941.686076592722 476.61305793800466 840
459.29534030108067 426.1443379118464 646
2.542389002992529 763.5310550858088 707
971.7639134604865 209.07682366317403 822
456.31695061602204 381.8905218569304 326
697.0120470075841 375.2577316327399 202
709.1186817097216 46.55951625490251 238
847.5846669709963 329.3562271590919 947
949.6258207629946 348.3008554013459 271
4.083514822445511 462.7597289473725 693
248.0110611095404 211.88541700476492 333
618.034288190382 483.5647203280027 539
325.91330548376084 725.8381369168799 825
212.8713140975472 791.0334039547347 418
103.29806084675297 876.5905527674719 725
53.44252009921624 376.3085669305304 320
279.0582318327228 778.7648930223035 227
886.5092402010254 257.3110246048331 929
579.834924083194 311.1457236354876 381
293.2160555511945 795.3825408896398 490
697.0879992748304 968.2289686138951 540
96.00222719108919 758.3979821807698 508
497.48791281254165 298.3351215047608 501
262.51486945234615 196.09748073033728 643
434.3116472666479 630.247514753389 504
409.2237502601749 184.82632385998642 967
161.9084974968824 410.8553927678845 360
420.9170544482198 284.0991769128743 832
449.5030276443935 402.09031354004054 761
931.9789594818043 386.3999321321423 633
883.5650461809171 731.8042122432106 21
22.518092134571788 469.83796084375905 724
118.82208883178802 835.3762362920293 808
119.70162726567591 464.0407542186692 376
168.38566199495165 748.2250716234449 823
203.92727938952336 868.5609367592328 933
542.1323580677293 990.8211383380446 969
317.3103071881073 849.4623798107863 107
801.1775688915493 612.8854058013984 376
242.6882510898445 30.655229068206168 84
407.5953077228697 495.2603381124359 226
316.58761042145346 220.48503427934475 856
893.2659800215828 942.6157542601135 846
396.8837195679147 261.8835601037619 499
738.2961066603256 342.9331886274759 315
945.1806316505778 467.1075811280585 614
978.5425746811688 379.1316771482416 457
520.4383592232575 501.5299689359435 221
927.6906831256601 960.5336675199458 509
995.0421842567023 561.1978368345115 487
205.83835395724282 16.079143429298725 152
98.06806239064692 479.7102197846007 509
799.2363086475181 743.8616860458862 269
975.5216580741867 696.8274403342963 835
622.853952835239 422.1006213748639 705
637.8262003826226 773.8422493173638 261
409.25453564483905 983.88159274274 260
746.1527309767217 778.9504638549867 551
462.2863499512099 305.4026540118941 938
765.6675337140712 861.7721461779832 165
963.0091777104584 36.30735241464211 244
476.1309998106863 40.222292817617024 129
756.2616736275944 42.81571046990773 439
95.00260587006181 784.4992988282112 35
253.0623868869255 46.22397200786965 976
797.4800202459244 70.66175153487364 377
69.93857497114664 208.5836364158884 827
533.8365769950692 612.824623573643 379
531.6112760037247 909.1597476139981 884
749.565888803503 691.9495330794175 626
218.5654960339396 532.7410934262168 67
246.42141563272546 704.4528380467254 572
714.7315863186617 25.733541302753515 774
440.99886920334353 270.4053158873496 772
826.3933918314281 791.4307579526427 402
457.2724186800191 58.538386551755586 984
224.43032239061432 355.71435260957486 709
788.7001170812141 340.3832389589079 252
311.3071460002058 256.87971997980577 619
