858.1738926077834 293.8658957470063 766
480.70075012972114 648.3847292428123 217
934.7632857385694 816.1060583824013 309
238.52943962801842 464.5603673764095 871
997.5556000082041 333.83503795106105 410
354.38512070329034 25.97122263462548 850
911.1495474174247 764.0807251665092 44
180.28533235498267 322.76110847854324 483
470.7928903236006 451.46680139620764 675
468.8921058038806 612.7189291567452 412
518.6621255727066 732.4520730354982 481
315.4117911351212 511.5646250942939 993
492.0057943626662 770.8976596902835 573
8.081272222592917 419.48378975711455 272
633.684165450904 175.29333460100293 294
149.9792840370996 534.2711082473966 811
903.2571216700345 459.0122292758525 592
717.1034805115187 416.2580234692251 832
123.02593344956125 798.6736752800184 472
808.1466296380404 389.6245295915085 268
300.60543297697785 70.27002231037527 9
351.9655867323269 658.962248790788 59
123.77597298895537 540.965192806957 215
80.7186350312068 638.6234888184721 636
878.8046855113118 620.7289955139947 392
492.67542331297597 907.6828750326151 852
752.530359832595 147.32572501922613 485
18.686607618479954 536.9555173921078 823
862.3362985917832 603.3551927305849 89
789.407179606747 794.76038555875 60
924.1968127926499 310.77758126239286 795
36.6242166253673 85.19493152534562 622
507.8186716680183 465.4065052630778 139
483.81381441210635 118.55661822379349 171
489.7165158881087 574.1026364239749 77
521.7534695817466 15.550629487504409 252
948.9875293018068 190.2868281793637 738
343.21667963631995 395.128682204387 768
910.2763426137703 480.1107516935146 918
756.2974507439154 68.37523068910623 93
654.2320656537665 705.234327258375 396
751.0555613466886 794.2887443784209 368
705.6476155416365 936.9994804874274 395
36.71901027415203 200.2736635145831 641
149.29758239966208 31.482162557013748 454
362.0063467794733 196.2583501055135 842
861.0410927328852 732.0980633836323 642
866.4337597294945 889.6704740994188 168
281.19092209893125 193.1118100962048 407
956.4303634600172 995.7019499554698 818
985.5359317595354 242.3529749809331 276
663.9367144046574 619.8157044271528 789
456.88908382614267 284.0100282909863 998
448.27202772809005 489.35150515894685 307
85.50715407131204 541.3092142022986 875
864.1874817321825 928.4265954917307 148
686.0156847943501 977.3459644614809 549
810.0846622339808 411.90350675895894 647
422.2468543146903 977.4067780341387 796
345.79587819138624 6.881208581648646 353
56.80431605648384 526.9013123796367 245
791.6094178062037 663.2729256582669 310
532.4952883698357 457.5252696617638 414
862.5977107707773 138.34894812639342 599
883.4423359227507 324.9806237434638 382
477.74340628552494 206.41896649526615 18
158.7307185526986 398.30238823716314 348
23.080273595405654 879.5922166188496 926
458.18459201970154 578.5355104770839 104
888.2355696077503 749.1197743527621 477
795.1258775760642 852.4855569384719 224
592.2953866367104 228.3164478368276 203
4.797758448181866 29.585720627894773 695
494.45655939218545 739.3649558880951 172
230.3042837342454 684.4826699230517 847
847.958088934841 981.4865354829097 692
123.99399393285759 40.18653118846682 771
100.97125926724937 802.1126692948274 661
730.692962837556 900.5121886468505 117
933.9933341948312 72.96826947161172 679
147.61561554929315 526.4775996767527 394
494.69729151184447 630.5832074893518 320
166.19790212475814 841.6513819845622 418
470.1478723299113 958.5687247826665 351
95.17211434626994 116.71639678539015 922
875.4696723790826 89.08013346321741 346
291.45015223839533 889.23279968783 534
831.1832078495247 835.0298728319651 936
171.40603858921745 559.813261962723 700
481.0419756235104 17.689567135112938 198
370.9776941403255 916.9161101499119 702
217.99549906422357 598.341342837113 929
873.4330349139366 935.2418828819289 65
354.6376469559731 638.0980242974196 51
742.8353161144171 681.5803606272866 692
875.5563517496789 628.3992644238396 453
3.0037596157788116 413.9483049438776 814
500.32693381690893 407.3270534281571 992
809.0795416405223 185.673016581798 301
994.9880079541487 10.337214473231104 925
873.5353719946205 952.94926640165 153
633.3515028412875 402.01863930236414 725
833.0322768669153 5.331694757538807 763
607.1131546513361 929.3924844292727 224
886.1167279916084 192.57089848951438 582
701.7894282178287 773.9566019766817 548
380.29360573515083 289.25853685679147 684
89.68382458615042 671.3287139049658 383
75.40401900506855 637.3185332354091 744
125.0783629372938 591.6320552210505 777
313.2235941649618 686.0329024022282 911
914.7505314701659 790.7406091695168 927
167.63101130929059 983.2947650579509 200
826.1613101859446 328.0365248110093 55
557.8522211852088 991.8844086570753 29
919.5021947919195 802.049683815456 752
31.584822316993776 486.66188095854244 204
699.9512347882621 480.4908975707486 318
400.60678505206783 68.00147298228177 176
647.2447614590986 715.724155743134 275
990.0668853369958 864.8296086585184 949
653.0990905224726 207.87758547118196 192
170.42881603988135 982.0626304681628 352
170.68958992874494 827.3219266463146 124
200.16820396826807 148.49063145506014 304
189.99156177795606 739.0178440798322 312
37.09401512373256 929.2593674673868 210
878.2796068194109 283.90609180126216 406
580.0642859888472 551.1702276228689 742
912.2306431275304 48.570890164285395 547
208.04326684543562 626.0465420130771 914
740.9590011953934 151.42986362876377 124
544.2218402128339 540.6394180370992 667
272.4138910776294 280.01129098420273 986
796.1316087392966 330.7077157718942 2
337.52665448981577 409.02298147977723 995
85.22238850350028 114.23511330426695 867
33.92597533260766 89.84633220800997 511
373.00601448476357 125.68301393192849 1000
236.39581124462083 185.64349901144627 82
512.4595175743676 297.00738379940873 294
786.0755057679845 925.1430322241238 569
51.52259717967122 529.5671235790693 970
84.74687738836462 608.748186160847 524
392.5253104566846 244.48904499707325 315
582.7277499882724 406.9705105079122 883
93.03084713884824 525.2655151649157 116
757.4712003415318 385.2163504777507 260
700.6525801485545 895.9240799679703 647
929.8394932599925 8.25682629441582 401
543.9074726687406 713.0548710565876 430
934.2112862156549 324.85600621796516 564
169.52153826505477 894.7093116028508 120
978.5500134285301 167.21321129531975 264
968.1976213740744 235.66631673495598 883
259.58494609376027 182.2810939145929 552
484.15332398084246 148.12614594840989 741
969.6637443288073 606.757466578656 210
17.76799498991588 603.3852252303982 647
177.35497427338353 448.2260144475571 686
480.95190830553037 895.761988960897 115
198.752027057832 683.9007527263016 690
112.30788235615418 493.10029851863567 84
665.0724783326158 833.5891489838255 270
883.291013057329 190.83141628207488 276
583.0745425081479 315.24687614655824 955
460.20278869795305 986.4218962199426 82
484.8369232909013 98.41965487542204 128
415.68132941594047 689.0902482485209 240
878.9368201864485 306.7402232749431 899
974.9657931317382 401.4692816739879 951
590.4708087601927 110.55584298080556 827
473.34429828313915 86.06623324327323 197
308.47720018230575 745.199752003038 848
770.0022630423022 366.33119951851387 407
540.794872334458 208.94234701773274 2
546.5975703953949 806.0578150218707 63
420.32027555584983 120.35417310273122 425
811.4863599396834 813.896303822164 597
263.29552716073965 602.6145984592364 478
903.1395959737939 537.8824562145501 273
71.13784690542424 972.5078409462537 553
202.1852494771511 234.14993329595458 733
141.58182641272566 140.2616628576665 130
262.2163961135358 471.6323275458794 442
338.70368062709014 993.5523720455448 217
57.68074317766481 512.3048731595483 119
457.0657673286085 206.54253918841815 864
889.9610178204211 558.7302510570942 674
180.8032637466943 807.7761005842599 942
748.6447993564218 474.108506773482 183
400.3033332481691 5.678160308459579 209
315.51696402370544 296.6105108950955 280
20.306014867257915 493.64992873822257 373
579.5330968981443 879.9371549110401 914
800.7107983772621 437.80881689859797 4
639.0911655171839 405.04320667801517 291
279.90912179624974 366.18102729299994 490
849.1127864721643 748.6104032293496 951
188.9310558945799 42.926408817198556 27
329.5396637427237 710.987508367176 643
16.53669106952527 342.5610972797177 856
359.1244389510231 190.43084011559853 637
406.0498702025892 36.171055161701716 450
761.256317591898 907.4112350736705 873
287.3345986277051 771.3724807746642 435
558.17885003158 660.8825968476096 626
415.33595563043934 497.44898699486015 298
268.44840296185123 885.6073580910837 341
829.425024711016 701.5728680986927 328
902.908904225836 493.78118349540625 31
98.77971780908246 517.4329872215583 64
578.0282369019147 968.0455376297247 368
159.3098054987705 929.2531287762621 195
107.268622112059 343.6978260023429 691
809.1230668736324 762.7390323465195 724
548.7565060599604 550.3971178258759 342
261.4483109085903 131.9760398618538 845
381.19797101155706 887.3634157152062 867
932.674472256024 349.79332356554306 794
289.53410457171316 93.7614973357288 384
869.132453252649 271.054327010089 442
95.22118748760522 667.1372920265903 954
142.08208237677843 151.56174742723383 438
151.19071196583812 183.39968981237297 458
450.47138392274996 364.87522367469114 646
962.383092595078 219.65736856818953 372
374.75947190460425 729.7754095349425 16
480.31753429851034 326.8645627871999 794
610.730737891127 558.12892080937 560
70.94543324188662 878.0165986528439 78
902.2342620374228 710.8033930708915 768
597.0497804450888 228.06182837180867 356
131.72736338832348 694.676777642709 1
956.6437702231052 537.0651892036354 848
410.68645197097044 438.0702502381901 459
871.9037876544727 781.011598597761 392
431.1690550722663 121.93732467960683 123
305.23628114300925 611.8829521805864 572
586.0096876604836 620.1283678194085 46
595.7836193855666 168.28092501012082 668
684.1904301673154 166.35014441114615 643
173.25231882278658 693.3493754013585 602
972.9755122146244 637.1133399889718 170
584.3966716143364 572.2841837593639 416
677.6363224617888 934.8324927958508 116
870.6898679390331 47.91550275286804 877
649.912273317943 565.5892201102389 259
666.8134875522662 338.12638077347657 969
815.4299751884793 449.2553955273193 998
281.6474533119313 345.1167216619023 560
333.402497054014 161.728847505053 952
78.47172489947896 970.5320594578608 42
133.82122294547892 527.1620345689395 504
812.5879670558651 891.0147415247399 987
354.06776232063874 994.3458736181293 915
69.77537689092162 672.8451238227252 210
603.7740477158073 374.12179840506786 501
910.5854435740971 661.07072060587 589
746.723308608346 321.84293452637 242
660.1798979276409 272.77352120843676 924
956.2564513222826 541.8948260296285 508
150.46883103778487 414.64503282530427 823
833.7672653550368 739.6141829175467 513
950.9979933725859 62.64676370318689 568
976.9772666460592 566.0776426579703 328
833.6933554286459 529.8488678144331 526
619.4027517691528 646.1597121768167 523
440.96761474032667 875.9158035649633 791
855.5121408646061 896.2539961546411 425
78.80602842638417 686.6692433913269 145
124.49634488996064 993.3974511547882 664
512.5488037125077 114.98670042098591 707
362.62981834527375 238.30830363767186 255
885.7474030269723 836.1145568843217 832
394.87584416608803 733.9136277452114 825
241.45763925748864 943.2833229757539 669
765.8529873690819 808.4609189442607 969
47.952976092202945 277.55041443678874 780
610.7711359900682 367.7332019644911 399
624.3756241296063 83.5251602306194 197
286.20961114477984 538.846679785073 997
921.9942294711292 727.5433848242078 24
30.6985933470203 243.680828986654 649
622.4452992758435 909.1983331672284 365
634.1838849510842 962.4430747855685 749
191.58014283771828 832.8468273012388 36
189.53752275631697 427.3163003504885 762
505.9003588223317 960.8753253494391 522
844.5099206766686 381.71694027887037 119
585.1607835604729 548.0045988011439 284
443.30492113793605 456.1570493529037 981
352.0489967550321 443.6546096122296 867
132.3776938040041 41.2231102955255 346
793.1016663058457 321.8211645279542 609
832.8733681745032 566.8070918178753 579
812.2524689042606 853.3961002466466 878
550.6689024149965 45.80715682605296 842
748.4103684731093 913.1359693999176 563
669.2140324456217 795.1790428268894 847
849.383615895065 755.3621458125863 196
749.578682954244 443.0600295783974 322
827.3980274001112 86.18637241001403 918
867.582885334161 712.1050901584821 532
106.5394762806734 734.7817632747654 394
304.6681778688803 604.5838498802791 701
282.013926573264 373.38561936518033 875
271.48245204871847 407.094400753055 113
538.7217209615748 256.9742508835033 241
4.874032572404596 813.7874686612298 530
90.77396536255745 281.57901910558445 912
322.3940648620922 783.9170821643156 959
212.83468238165392 838.9531759894336 821
51.401786546580894 933.5443355621038 901
658.885798351682 217.5524774041394 84
471.177623598793 97.23717261149034 841
294.4206886898516 867.2918078699837 696
254.2244821208691 879.9203281108989 740
570.1253811033403 990.772787564495 907
313.20459836801126 32.818980408772845 933
880.5584121135536 2.551990997296416 95
240.535959146414 893.7604737841857 96
966.1789648977192 409.14313829774386 439
493.38325503539926 734.7980675517418 176
365.0085934683115 124.42523506419757 212
470.87385398816195 621.5236199866778 151
430.21124822230473 840.8553668429704 844
574.374841280292 989.2386732695726 306
392.6983168158874 866.3259994851984 341
191.181762681918 883.3249936698113 496
15.75536493559504 135.0014181311757 977
840.6912774974043 151.51021249651464 977
793.3992847456374 582.128885240351 704
679.1389155959299 191.39257435226585 741
67.43571211986254 110.62084374096948 61
681.3260583565259 443.51132309196674 766
884.2432579326437 948.455382328621 724
774.4995807960962 767.2767877453099 77
682.9056772725131 149.45246341181294 942
94.79452036683867 353.8926131742367 527
733.2970407585593 620.3865845178233 488
316.0642644498195 321.21206533188206 979
648.128964570155 624.5207036045686 642
96.22040589773795 910.7983320552197 578
848.2308952556182 767.5129907162117 181
245.2367311220589 668.2499255689381 350
464.2457984928374 947.3383917228773 94
171.13095320187676 511.82883106277865 304
239.37936031179896 758.9620598411581 473
540.7201629882082 289.5707324080515 303
933.5911051409694 980.8057588013382 173
949.0691140050675 856.1099493049005 254
79.59810792220057 218.26038190676766 714
627.4241348921349 223.46369249402608 736
877.7280966052128 269.0700443919064 273
129.3792305127467 887.7190618294436 628
474.45209822939125 627.3850462115729 146
521.320987493962 63.6059545880473 11
946.7148830547085 922.0707003779524 887
683.9956118754018 918.3654033999438 119
498.2483481110399 782.8401175905476 263
180.91781544966645 749.2648898786581 467
576.7320349745959 120.66226836361271 855
117.32767263221933 272.50382781471427 401
613.546186217674 20.48825864753279 248
238.7299308223424 335.42047267021246 733
537.8594634008848 672.3574285484519 845
16.64003350640919 411.908564084438 447
108.28811020480322 353.14214799668787 675
123.4550542409596 133.38084779017535 999
612.020421235625 487.9273362908929 222
753.2867275673793 130.9981770538352 959
982.1909798226411 661.1218568985489 351
818.9080972123 517.7492574111324 699
170.31720498922132 696.0360990369055 146
37.86797594369495 559.0614945678956 342
445.551246560536 377.85173709297595 566
530.0934870285599 649.4626109755081 302
384.1070460898632 835.5441623940407 3
428.10216000464897 603.7714928949491 269
408.9765525987032 129.62784557172014 351
975.2204827507318 866.4500026002579 546
243.68847814535633 381.19772012491694 273
14.855024799872329 296.1124215093143 760
149.41350366651295 205.6562152636334 982
665.6753615291834 572.3454006537869 913
997.9578182380944 504.05379937177264 288
252.29208339001298 793.2717396172395 592
494.50351735890206 504.96442128734856 371
858.1271993678055 391.63910857383036 58
882.0439719144596 104.5129121822208 964
515.8878631624126 180.41373498491987 529
109.20068273428075 829.4223898157064 841
799.810118289319 995.4605830917343 273
2.162302465053223 490.9028231080751 827
791.385875924851 767.6032561990348 452
112.41280070939142 461.4199651076093 539
402.43018357075965 497.37478564843786 46
50.68775233784084 82.33421621489757 130
564.7433098708474 632.3586428103755 480
341.67478105851967 109.88330585655181 871
257.4807631768855 817.9701348396947 287
673.889690493095 91.4470709837224 170
972.747242320905 708.8754164300617 452
746.7000378610672 625.566050227219 122
447.950095836985 162.31306456917193 675
539.3390905657476 506.05829631382295 479
879.702301323572 626.7172838645788 445
471.6695657942278 723.5007649453365 147
228.06218849621695 892.367074344103 609
507.26115995549384 633.5459648337539 322
625.3523166367567 591.0665240743596 753
139.96904628747487 659.0761150816588 31
469.1262347189328 872.68242929208 254
805.908512912519 443.6997451323469 75
449.4374957978068 919.9829084598447 398
647.4532063978149 346.4154769633435 322
117.07861419368903 427.4269606851303 94
453.26484443377393 519.4594590893354 403
473.65859298461964 495.66877729589834 22
186.8666433123708 517.124539593135 892
848.9896928335596 626.2862572711538 810
245.91420043624478 795.4468666201408 533
213.32854688188087 120.24537813635183 936
520.455198043235 665.3523046508161 897
65.82354852823846 977.9079031806392 681
556.309827389387 220.82951396372817 403
684.6032512349847 689.9246830030015 203
832.4432299380042 421.5274540708436 574
178.72952459815104 611.003378664037 501
653.5064270658781 624.0095528614554 113
445.00138833352844 480.95197498623355 62
968.8231138797482 996.3272440968934 844
815.3554910722982 616.698565429635 19
579.7060603238364 337.67319555091524 803
788.7781044623871 165.56057648822676 301
644.9886486495669 128.9427543592293 777
877.5095928088375 728.8300820735782 76
962.629087805291 492.48983817867685 411
837.979421489214 372.2276209290314 974
353.69420651086614 251.9387401857873 114
625.0557108970225 835.2276115945737 473
667.9502105376954 816.620688075417 282
733.9612035917106 125.33095140350447 196
948.6997144456296 411.0511099367038 545
903.3694493836265 831.0079770427052 905
70.58407771255293 411.9628909081558 204
948.5878534220541 247.40456267353971 311
58.4212391534249 442.565774931525 221
366.8464812672285 188.73614273426853 698
314.11073176626246 162.2210648657666 151
192.51052921805257 176.93406937612087 228
540.5427877914693 899.4196317699044 313
284.8140801937258 7.650460258582847 16
605.6360901616989 191.07891694227862 172
13.310890571454625 570.1805255815814 636
355.2200889037456 67.38755603855384 783
604.3753153016421 757.2236453546336 469
14.77611544772528 550.4075283696177 559
24.73929026870525 285.0912692983534 777
99.66675132551872 769.739603477252 872
331.9535039900792 859.4332235172278 243
864.1474624189715 383.0999101237463 642
458.7985772549404 360.0526206378686 594
900.8514877687586 861.6875224045259 177
562.7905175236098 532.5648162124534 451
59.53033306931266 355.85969796402105 69
7.970040391206079 474.39462642249777 426
429.59030635235354 3.94361960211842 59
839.4137558076759 187.58795126028326 467
823.8797807629253 994.960072160818 805
747.9846078906031 197.9829428731221 809
230.04400668988123 649.6019744880068 905
925.1343688952411 612.3444613108667 578
185.77040785225708 260.55985059448716 497
976.1301173936843 173.28429279624768 215
229.64690498324626 333.55204107067937 500
573.7894426702644 601.7652154890753 799
115.66615485756837 391.1958562977094 388
742.909368579317 436.803184480033 278
119.53015581943805 808.3877462926921 132
911.9864733041941 485.4106918649488 353
860.6768676989342 268.6936300360565 784
492.7849226865887 347.1532259531406 391
183.6879349119379 176.0168642607216 757
258.12531326510236 163.56035048259733 386
675.3123897455962 657.713872430186 636
419.501363024397 295.729189426267 519
337.82534194157864 291.1069126345779 175
966.4975025333553 787.7855797060002 348
67.80158053325502 504.9757359618479 246
866.0520647302669 932.0828808345337 378
942.7197995741707 187.05212382634352 82
821.5347391313175 203.17074667374203 363
225.966662508842 320.306680975699 389
354.84344983738845 783.5234260175389 178
587.7562689929673 697.9105758017377 241
642.556539114663 720.7124836548356 288
505.6525213199938 88.9449528780688 270
821.6076975153834 674.3106956958799 964
28.469981067590354 531.3383420789768 589
134.75945942256752 928.0826186764485 84
315.4574031486812 774.9191336977184 347
918.2331532274552 507.4820789277934 429
657.9322425335199 584.1991381854149 883
416.2208128231495 883.4151809421093 679
258.01199171781354 188.7854590796567 935
108.67890317420714 735.5252556618545 409
64.93974662960778 466.64114357363565 514
656.3789258482662 895.9468655454834 571
248.38401945027954 9.509715032948396 67
524.3966272719368 738.1740862613783 873
163.71126402023629 711.3183862889864 957
520.218966080365 874.8359336832634 794
222.55422723202744 354.6801352752048 332
216.43989334958047 656.3924968102401 145
112.13155864662805 974.8972459479883 902
348.88969837956483 822.4197907259883 339
222.44984732267136 305.7279431485742 690
987.416424714277 164.5890823331624 299
908.5382505535857 89.97812912634384 340
252.73185274120635 918.3945562442706 337
946.8222154435633 379.0822888749464 310
113.11503061171213 183.7091146660037 160
414.055475899139 75.10462168195676 688
571.5825095336465 610.4003185133648 461
963.3097424016286 793.2616012978342 313
531.1835951760617 597.1844589347949 75
255.36581279164616 777.7886644286657 238
31.174689400850554 896.5125348508876 979
150.14429422854548 591.1969315265887 636
962.3430594389447 469.20607366823594 745
499.69740458883115 414.4927189113593 709
797.1279895692649 659.5890640649968 733
644.3210845765137 644.1540522362626 79
409.788365969611 238.2162139883074 630
528.8549155982873 994.5008478077839 483
994.4645737071434 42.46727882554868 792
338.9034877143503 565.660917371521 569
86.01063922993157 51.53366885660515 785
314.4504650552027 251.35968745472502 92
813.0392645394011 211.25098881229442 308
228.6204055134352 874.876043662176 247
107.12082309677118 96.92190830666692 981
513.6174167828372 907.0447370035386 574
587.0924263583071 398.7779385893737 635
967.2860913079077 226.94539593499664 587
568.5801849916363 588.2550247329925 102
23.053172561434355 852.3062939249548 866
66.13730018103392 30.959996214070863 692
588.1606872775919 688.4611952968063 170
569.9408347277226 418.65166352749486 735
564.4292769070072 41.75251047132023 979
123.11317203668037 637.4159236185915 394
669.0550016763215 301.5672144306004 79
622.5179095835431 794.8638480970232 474
442.5613579598665 340.6023155517226 456
276.918147942415 884.8966994575107 995
573.855492150488 776.7812221289533 327
107.78110423767484 325.5906986427708 21
254.585594132264 972.5116660060801 286
481.0203970729936 150.77871386219255 890
519.6745652670764 908.6608496130704 494
336.5220144669074 455.4020277427351 146
203.0768011276064 685.338575903773 944
225.83070833626428 499.579783952927 132
184.89730764954336 142.06613956196477 107
514.7168096091658 580.1798189118807 33
526.3735458884437 294.3814717507748 276
861.1188285840041 209.97260272710983 176
686.1353355230959 353.16121307827865 217
151.35055684612843 349.0571062100425 325
172.73677122794584 459.71831855684377 171
990.7689411530758 451.01426594643567 570
579.9947918763191 880.3677941323648 364
423.1779799827695 890.7491055069108 783
938.378693567547 90.60766371813412 394
521.5517531547525 133.0612331010801 140
929.2098492236252 643.5530727338005 774
527.0069411052816 514.0364988134746 764
113.30595709849645 698.887309002353 394
259.0798910534311 192.13769029660344 910
579.8699242761435 389.9633696966357 546
545.6511862569807 763.3797458881991 434
391.2115951116588 727.379081339416 526
953.3161461373945 346.87054566085453 709
700.1994000551484 79.3610648755244 761
127.99296384093294 234.1501812732243 902
802.3999448998077 116.9647762460111 416
559.9715580271342 779.9109488144491 667
705.8407541405454 976.2623510658989 486
919.6100421908071 272.1851706100108 603
205.1354434060474 788.2974923126351 535
489.474476350824 636.0228641988663 460
221.6466678022434 261.5005963841679 319
180.93985461955887 37.92263449596178 126
69.2581149646927 341.30120784153416 511
786.5122792240285 161.87762972726816 656
76.96831492861178 703.5054968867621 485
832.7064285961594 92.4756559701817 947
293.57933887288914 754.3247266055424 480
738.9137509168718 325.41812956650983 904
376.1714368177139 550.277215008818 802
6.617796391102271 52.491047845245056 127
457.8300229668117 492.01508041450137 324
181.24458136746358 43.83443141224219 64
104.27488237553794 865.4179931844169 232
370.68538710497336 511.1263396658247 575
225.93643689825927 495.32024031805776 485
908.1595410590272 311.6146721965497 332
581.2765598575747 893.4978600601203 96
962.8545763460581 503.0074256695325 9
166.37479665637233 616.788973123479 438
216.589540165545 185.29464709169508 55
971.4771071463047 183.329730819341 428
717.5945584215794 247.4093871019324 446
514.1437949238807 313.20690304782715 58
622.8485107285671 971.331961816577 589
159.77257475438222 986.2855016863516 441
604.2706139920888 867.9736597989199 431
797.3812943168675 713.5519803567865 296
776.5178234278718 759.1180247979444 516
25.912947049625103 495.630215169739 46
144.66497420483637 147.94666242657107 443
146.2757162856314 862.3223030070197 153
752.2657592610326 535.2892835443024 955
47.57173693538319 256.56736724575336 637
689.285851045601 901.6504158551159 637
936.7354531701295 515.2096083163557 698
88.88889170147407 507.8630052930222 736
848.1780159386591 531.1326913058672 208
6.644010630970532 447.08843637294495 366
732.5212919319051 297.7136018091214 8
716.084504221093 879.7876856440512 360
84.78160390891043 342.3901487066574 804
663.1143032737963 304.4094019098904 633
587.350146664275 904.2574855301248 22
870.2165024775444 431.41577147066437 620
284.4349903924136 673.4116656025349 538
135.26774229886706 822.1554138841731 360
380.57957304662983 873.6511655646837 189
792.016851436537 189.69916515704844 82
869.4351296072967 763.3585756166011 679
420.7195285696665 908.9057308055653 140
973.9780328217287 484.5697372008518 141
247.101428609665 91.60411453965101 656
994.19348271545 568.5248102819066 749
340.81081379511744 274.10149026842447 967
342.23759397808607 706.8744577646681 632
694.1832274433154 854.5865664106591 124
230.44829339446983 288.1070488266236 903
411.0058016359618 17.46116134066056 150
157.37542685017004 985.3992858076921 401
431.98071907489566 963.9271227604972 98
28.391709140907494 667.4426740945831 162
892.7543428442032 301.78608956242226 494
431.8671155662995 890.565346306111 46
233.34046917648743 973.5515952135552 191
279.5862380048184 832.9452656026034 472
476.71116333092243 63.766497265171026 928
562.1331565383701 401.07609525852627 841
367.0824294327032 39.920811965709625 908
193.250281518507 200.75454979226225 102
751.2102643644143 69.64205176262739 183
877.0524770107086 136.5568407607892 806
655.3606665188777 828.6902014225394 511
385.7816837476048 894.8400662387586 872
216.8098785248006 824.3158968515837 402
127.86382246605777 785.2589263766383 685
534.7110466418762 590.9686896295508 742
285.74737214752474 457.4592239803058 298
496.3954627858241 401.96400659345954 475
29.82043697326564 202.58240987187227 155
144.7342296060956 573.5257375996368 51
309.215763828678 703.8862142012074 491
521.7143245066521 652.6254181482534 444
248.74701681746325 651.8873997115262 969
7.5701494993061225 567.6008046253258 970
357.9486886239405 457.1212167042974 343
709.6162677385684 465.84646823571074 899
270.92914592496686 60.877487501962754 611
969.9748229273309 844.2330803441901 756
195.38647205111337 870.9709892581603 160
365.6872743910975 82.29343141766554 849
673.8236262715473 603.0672162190565 559
121.89419576164428 249.02952218665186 821
403.5046784188965 832.2808638174856 775
257.2781144589567 872.5080852781141 122
14.341350731869817 588.8312882412653 902
913.8734938888409 470.79820914885295 443
137.2423631295572 313.91556410085786 101
430.50068805999433 947.8547912897587 394
52.597553595430725 628.0627643006654 628
381.7470639413194 475.4446286540024 537
542.683628913444 581.1647219466238 235
431.61901686592216 301.0663148386502 769
318.32777789140687 597.6411547221254 241
507.6921364496478 965.8707458189573 677
161.40128551050148 662.1035889503913 791
987.0803818343006 756.3305802865266 633
638.0403620571893 969.5221522021928 969
52.945877749965284 443.9850915477379 498
644.7875189563182 959.5098857253212 593
561.0019811833733 514.3708606427313 215
237.89368906339558 531.1111735708882 38
798.4401083996936 271.2131695783283 317
249.0129195725921 114.98468052050903 624
927.0844795580877 238.01277399583975 404
627.0338187900959 279.34453121952106 379
437.9580521734205 981.6665275947097 621
323.9891081220031 337.9610948673691 846
251.36242279080156 223.97681989191187 350
891.1701005001518 734.684865983032 752
64.92520313050932 335.28082027915707 110
91.21232836218852 38.52382780559749 887
114.1681296772864 661.7098699757865 574
198.4227227197527 891.9073244802559 149
11.503419241068013 624.7893731936804 465
426.054073019554 624.8954796123877 86
387.65672302141564 443.64922040902223 697
172.15185412301815 968.6443537357737 945
144.97523452773132 989.6051987219228 851
421.89133561090574 785.838450094381 400
715.7158133308615 684.3266539262112 998
57.90210703496334 702.4122126521396 386
466.2906127980466 175.6345480036877 219
633.6818644239349 695.2114966847305 455
377.3630408504546 598.6445872155825 473
608.6638891797396 236.35906362549852 362
755.6465229342538 608.4942792472333 581
539.0478627602655 610.7768579746264 163
713.9383154641996 411.94326199323996 472
247.03750837056393 504.15889303453207 336
262.63491877239034 981.6540628789777 557
184.696055098309 225.68078704914618 63
653.5567387447635 83.30989303281223 236
590.0650717007786 529.9017914749229 926
590.3554302878904 749.4641307510149 34
431.06196282252887 975.9551008303948 109
90.62862904786095 766.7193734233007 561
988.1343698579082 61.35223280731705 913
522.1752448212349 43.24762459432574 116
297.66969585261893 825.9028300774594 744
97.53694697380078 990.0708288681811 365
459.50743882843926 78.48037259987883 315
608.4957454159294 975.0932178416704 642
937.7399656876997 45.38676737226777 443
246.07171235011648 319.1349138156848 650
774.7482385442646 660.8866061667475 171
162.56891302555465 866.1462802005256 430
516.4376581236713 221.43620039499046 523
597.3633712088 70.64876879484672 192
717.1504452415202 145.934782291401 946
47.52017750801896 3.886157518667499 231
920.2890627299156 499.46414038755137 894
807.3456493657661 936.8110883504157 647
492.16029983572696 103.47728265521394 372
591.0780147091667 293.16367217770636 701
871.7958273062239 591.9041857634488 270
572.6287436187731 82.13365874934165 511
392.6275933032335 16.291953131396085 232
477.47363654619267 922.6221404340343 438
632.8376935818366 532.676781483449 906
615.1522153415333 226.62696019914742 544
927.8337509401526 583.2439814465934 105
533.7011877171099 942.3356030657917 651
471.29490811122565 788.7867485033722 320
671.1313624232184 537.189837309163 501
106.44139954811604 677.6274290780757 481
635.8790415347805 606.867763787377 703
720.5493234975404 419.9779824253771 519
165.49683143895487 626.0841525767279 799
27.24216034757998 902.9964409057602 424
846.2786612695861 611.5264525296491 886
993.597663852543 833.1655676588639 786
285.0593892264956 904.9245008497967 463
115.89463833456892 907.9838170089063 581
838.0962046404088 497.11662671084014 785
586.3308330263545 542.6976434862879 14
153.86045228796718 735.2139115879344 243
246.70217261498718 377.3816580084638 493
280.51208251492255 163.27209337300607 617
146.23729770584214 39.750788285121466 508
903.5094314172648 295.3744707189866 101
592.8047165385316 631.5039993507125 726
985.4370498346964 874.1553973172233 211
445.9004957715785 18.982260391657512 186
29.047650076831964 802.6085511475455 359
995.5089208341565 950.4890886428304 581
42.28080118389366 949.5547254674169 150
649.0500671609221 102.52561112465398 582
48.805250685651 843.6397848455257 12
901.3730336156008 507.56387179004105 631
709.232743152492 716.3668649677014 340
188.99353016951636 666.7601591389158 874
961.3636271397368 969.53024376603 498
742.6808596527914 702.0767808728978 758
85.71226803538723 437.24285344559564 260
208.49852058464924 291.47822232505393 871
689.998777094611 747.6091495396447 932
87.73803030351024 445.7024108801535 671
392.1089845721737 136.7978684431057 141
657.5611551975868 556.2092800810285 139
924.4389754718039 442.5641599276885 525
563.4133504727274 309.0294868967911 506
27.306856734701903 165.24147300123371 595
108.99644308493062 667.1279660494614 169
535.7902750583562 92.15115558790521 160
104.29687196979177 991.6702396792647 864
761.9183710713548 996.6615445824276 399
662.4075293205932 653.8481054611292 820
984.4787525883933 873.1966604909998 939
723.0735488488438 666.4991110705855 995
462.0012491187029 545.6925720023127 869
46.90883615249486 733.6163786798369 525
460.65420090582097 929.6873694537738 180
412.981404946398 112.98001765416288 338
383.1526511002483 450.72985586665914 940
402.28563097033066 500.92649690151256 349
241.1406739297378 246.8276937556696 631
376.5464163464327 488.3036048742503 277
1.2473948534255097 705.0600627663825 463
868.7422761849664 862.2996158155382 844
923.9833070618562 653.4371675241581 506
869.1082637115131 350.97532711313704 446
157.47970787117828 566.3513559730903 829
418.5647326774636 912.9610333242755 749
376.7966315865293 63.631482455970165 646
0.548422116354419 201.73723937960463 535
659.1461990436161 656.6703241662207 596
363.2557918018828 327.94703517517 22
991.6862807928544 484.82722935902945 392
485.254410678838 421.56275445445004 651
791.6528842794544 315.0155881630358 16
964.7317316170969 771.8220635973754 220
704.6986184688606 537.0790008742002 23
670.1582718016717 134.5637985728041 374
941.1330961459113 217.63581886398154 55
238.8200978326379 118.86172801990824 782
608.8280202421197 717.0642134801328 938
658.9046997803414 226.8120587814254 228
149.3669227709844 587.4654036962932 785
353.9013773066754 278.14272177838905 962
674.7163458473112 596.267630585938 43
787.5405809831105 214.84969700186284 849
275.5790128455188 281.64389477208385 166
511.2515983855609 39.02117096443591 885
367.55307874982145 434.0484799332803 431
962.6914543208621 224.69890836626982 855
328.36383715983806 109.60196718730386 877
837.7657999871809 101.8416423672971 88
667.6467628954462 401.80931196434346 82
191.51134501931512 927.9218006107931 830
908.315605176949 285.7478758053943 624
935.9984657376453 349.37521996594955 42
361.2120043507635 516.2818265764654 589
789.121799246057 249.71073816922106 813
822.3572101196319 616.67614997211 443
687.6539449585858 552.6477103900968 939
457.7046903986772 943.0212728050838 872
567.3566805609812 662.6905601548439 213
820.3845116919866 486.65533076197033 318
562.0998155365454 276.2038656380712 924
289.6546606701105 800.2007521217994 253
911.4139499299172 336.6309552506421 878
476.44445147876166 302.9583352048305 384
522.4877487038596 349.2278561976447 723
390.5895059706316 523.9250060583897 25
432.2014782337418 859.2559181272502 615
781.3257281785295 632.2796404257134 650
587.0135463454012 328.5809839383599 671
722.8005267204057 141.76689362426976 33
610.6976246025506 387.62199270133834 250
783.4725061731062 153.39247242534316 990
612.1800088800944 74.00683473639913 67
73.86211676616206 569.2602728365234 520
746.5039442166775 400.70361951047306 137
644.6046115521043 530.8044919901554 71
696.370236455843 624.2689183150766 921
774.2249039246868 419.00354090374805 522
623.6310143266536 794.7882735350514 971
250.47274704372512 164.093499221036 493
465.35347902667337 533.1213800650982 27
160.55342498428882 983.943739482375 974
802.8670832221333 496.95737001055073 847
950.9237231180242 234.03616600236643 137
515.6535328621172 49.02630008234454 887
370.76752215366895 89.52501079695318 840
811.0192302264298 64.6883253040379 707
287.12725186572527 195.90420037503097 834
567.6489698704529 362.0275048365605 340
150.44664403449616 770.9119070530819 631
445.3470168694799 58.992231549891194 893
654.6571111802066 195.595213555675 705
949.69467160507 265.48538742979014 93
552.770796285396 273.2535089258691 968
988.2691518102442 75.52679037726817 773
260.7019104846943 391.9128639555621 322
614.3132842601968 710.0496836981802 297
185.53722509210303 739.1041950746531 951
635.3185550602615 452.0383344234823 952
368.858394428054 492.4581446600396 265
148.0134868571731 508.58654316618777 896
891.004276833657 1.502133643655701 711
533.5865527595201 16.608296329454486 418
515.5363227065252 418.27614388610954 486
197.49533579908373 348.0328052062799 908
825.3828685579451 437.1825505130798 417
776.4669617174153 543.0213471051425 30
311.1826819589649 825.1209719073833 174
312.15388294387594 436.8605116248562 589
544.1996905824004 605.0586011542549 944
103.38593264909068 462.3208457173441 969
689.0401446251542 804.8785075497958 611
207.96346252984998 945.7087737524404 148
878.506920097869 669.259397830259 475
266.0291770610074 988.8348249058878 548
803.8748601751702 272.5580854818145 976
692.5676542475425 191.27385953523913 71
696.3675331325159 579.5418404081049 305
698.5301432681014 758.0276705178895 387
202.57058272223315 0.17796482689402815 417
428.9253324615948 919.2301815672198 15
721.9187833719188 455.83766723133755 354
102.33992022550554 857.8862336543809 351
490.2038686075928 814.6893288140697 264
708.7094998883409 921.2977397984332 131
901.3981956563077 994.7954403366007 809
165.92207232303858 832.7700881813186 98
76.8495108963082 800.2980538346746 132
910.1522293867956 298.5383300100664 496
785.0841262565481 772.5844325721822 138
118.34570649291632 1.7394704456662469 263
580.2638155651414 850.069594477034 49
634.0980727603301 783.3065117567832 277
772.4135943404891 630.994990563007 782
866.7018112108559 158.26860247003881 930
874.5021154674225 13.952920394193935 119
682.8946009740988 790.149016697488 86
754.5391295675424 400.02264992161076 366
781.2683472327659 412.39978941768993 815
954.4609958305105 125.0044700082834 231
958.9486133684244 102.35540961016466 444
228.81219717707947 87.28036520948746 627
85.23123562371838 706.5743046518655 673
625.6241655318071 746.1129117337431 109
947.4966995645035 853.5037062966333 183
554.4081383686516 728.6361455771324 434
509.60799055637983 107.04315936233 858
215.56357319595998 185.8372420018961 173
891.4839319352595 202.78347318434587 508
766.8742000832176 89.00320567009213 947
893.7097402036641 318.50521155053667 224
862.298845623143 954.6436581986907 688
88.88847983191195 628.787350624592 866
960.9503735366452 88.52474821887412 116
647.7251403630377 868.9425759893555 823
238.79032360798314 647.3075929642266 621
130.87497092263544 735.9124445813109 957
309.57032979485297 997.7272902926197 689
214.69375795719148 254.34458290160723 421
625.1597660433019 481.32237770178796 650
776.0930482643862 389.1048428051672 277
326.17741588345916 161.4493938408228 698
860.4930752459434 466.32450570201354 432
549.6431707032766 86.67741464646517 688
312.2070737309339 800.8312870768808 749
162.50406099867254 811.5047229816594 458
243.2224228272668 911.7811103261879 445
363.7640684094727 926.7327256869289 666
739.4240844117387 27.10056260653404 611
239.3587111502976 222.49405763501818 133
194.9114046119823 437.031792333205 700
544.0845902433203 300.855580171615 198
724.9417772900746 345.2077629342535 834
20.27732258946946 969.3956240423915 620
506.91099944632833 578.1043837951745 693
391.0560881881511 111.48929950152731 651
864.8752171076558 521.1004452855849 735
807.1352476475345 587.6008116736697 295
565.3428212548098 608.1565976831051 821
786.1248741079239 655.3873339826036 328
536.5387475448645 216.3832011191339 258
709.1502584033184 847.2830913504237 556
619.2255051388518 95.04419859954372 484
693.7852803856232 227.3380208409128 709
616.1380635940349 24.59404149224198 992
302.4614226318378 994.3311942719637 586
226.46594843882272 667.8470739854206 175
460.194297403958 723.8683522977549 497
887.7585308014095 779.5269057469694 792
490.35056547356714 191.93865804918764 426
5.285908005364881 953.6582854942615 763
808.3180106021715 43.87452345140586 718
499.6835045128009 65.36608354880447 216
890.778819487997 182.1283101476 290
36.931374881337796 628.1371337259852 470
447.7249184106329 966.6477141240107 74
506.1604412135275 916.2590535881551 961
879.0571929730418 303.86297420275923 241
