122.65182834909693 116.9696453273541 507
383.7545914809254 565.5121103979461 52
94.27721413104872 983.0463603105279 697
384.3241430154507 200.0046898090213 732
605.8531786398303 593.7721988262074 378
892.0759446985311 243.9470440340017 749
470.12541564964715 13.129754709897078 446
556.5722499450081 14.979755088113777 766
67.02090841214137 561.5509070460407 33
217.4313155836588 73.70753942905772 407
223.8620818539836 808.0556033817168 559
511.0477533895287 11.986479963237983 936
80.22985994244658 202.76971430728142 846
659.4636954468846 229.5791863080293 52
126.72902564781118 637.349248167503 965
628.6985019964366 766.6308095669651 292
966.0467904265525 908.8566175081303 313
193.12856859753958 325.67948360538566 733
775.6813138621991 407.68423438026656 630
106.17687967805267 117.17858745240206 118
535.5833057898209 992.0735548450234 182
401.3985525385031 240.1395247795005 996
519.6776541122134 268.0505318406904 985
118.52178021623816 915.770438378349 876
420.1350174126156 994.0639075914555 246
676.3104607255689 355.09640977346845 338
260.73723681508534 363.9925801878184 910
238.87169702974853 640.1970646123453 696
929.9243403632944 485.28311364108066 929
887.4365435523911 851.7045209863664 533
751.6801346031572 868.9875612246689 965
939.1228618357214 178.95869887275197 999
741.8242989135532 425.51016774890127 987
828.0401827334614 827.9151917128598 727
848.517967541214 41.441024131859464 190
589.0512010210409 822.688965536825 198
106.00628547957879 176.2886059306288 725
468.2484139492775 983.382526097444 770
886.8585208950356 296.9690901306132 52
854.4836031092048 483.8062006666617 147
265.36757462601366 841.93204456064 846
847.4396033947613 509.7533593069137 626
507.7066778969146 607.5182669465393 194
516.0737943134567 71.09009716260894 531
583.4366942678644 684.981142036201 297
326.79725005880357 806.2000962488565 307
640.3702573949674 135.90165862909797 25
720.4706792345859 101.86926766618166 5
386.6849988323079 480.19565776701734 927
907.1441183089172 243.82246567712983 614
150.53196733582163 662.3253168649027 392
641.4390333509166 757.2893105989547 359
494.081904945339 966.1908516962569 704
85.93220197669038 377.9799107084885 743
164.57341808869964 787.6358740570724 832
159.4866805999977 724.3757899351049 684
375.66083460912625 765.2202090060623 849
599.0235022680744 711.117397460093 837
985.5413341117875 956.611725116251 344
712.232741854684 296.38808749225876 363
910.5751430657797 788.8145195160319 22
352.60750856338876 165.3497623723541 638
69.63757410924087 773.3956970983854 848
369.39867816136695 104.23761636720863 982
177.3049769449172 384.37868629270054 853
670.8501634505592 779.8519767381896 23
0.9361632275137755 739.5197460701505 123
687.7874516669381 862.4599504831128 157
712.3307147477758 614.8188646542585 163
134.6550971465158 228.45562383287177 449
915.4869200184826 579.598927470433 243
643.0153311052485 894.8343966060678 815
761.444623937489 235.59173747533535 654
418.32857164874736 471.60965056935277 741
985.954063134203 987.9963287449792 82
487.29492125666405 151.52984504802703 34
365.63900294484364 724.6764619584392 69
170.54822946580006 797.3303299978047 282
737.7305371781916 754.2886244323181 261
76.47363165546194 291.1230974608261 186
353.46085750094846 46.2778467538445 678
400.4285853184904 146.92610446572107 791
578.9700301612926 561.3630632245066 497
517.5887109436076 163.81220323079748 48
779.5166311656026 291.86152826619195 39
57.50793547450428 935.1754788335444 366
885.276430668894 805.8448634670011 495
994.6688932825946 738.6830685051891 891
480.335630788967 807.4584576285881 182
366.24398386353477 995.3291911366007 810
815.3717579974247 874.4255279170028 544
445.8755151262709 393.11943895253034 441
525.2873426260484 550.2648327856156 90
587.52807228123 927.739355275527 67
39.39856918505868 462.82294130924305 636
534.3260587283148 632.556440397369 896
140.87283093539082 640.0133263188161 163
442.33337236408863 248.35051964337097 15
562.49823640908 928.1259676551584 450
118.44287209545013 976.5646447765148 876
173.93488298610671 976.3021841202308 453
561.2476155374002 763.9807255260844 71
321.3478507650086 680.1381923025272 643
526.9985204119059 80.8438234940877 862
771.9790157356106 64.52270472192512 445
860.3142659963311 707.7674932073802 282
630.7777518904745 819.4936044166244 897
856.8614457836518 824.7650721457549 230
410.73506733211485 855.8064591964901 791
879.4616355645509 612.6864168275248 264
942.5086012307615 4.524458934221154 974
891.8222524968864 327.1499637346741 426
769.4416325076428 166.23401376560577 275
41.47178992915512 726.6014276684294 981
942.8690140796773 729.8903123406433 739
325.1405854647481 998.5194215705992 591
768.0713419649841 333.4980189606138 574
327.9179074411981 330.92642160355246 742
425.6207210882474 233.08720696476405 741
266.55332203522744 437.6384183853572 812
766.2110257511195 492.8066145669924 648
94.15142112838947 156.30910052724002 651
904.9988166399335 456.5842523368894 132
400.25737253764294 506.4700018739925 441
952.3895745183095 852.7767123121863 810
441.3458379923121 852.6840667930762 115
534.2487651448571 907.1268141056993 566
319.6112157299946 950.4607005613626 702
657.5161862201757 320.8244962498906 622
95.0969945284944 632.176234728381 113
968.1815221344797 655.2657194829123 943
33.01328979388518 398.37634212976724 379
543.3777060801611 131.7145700022251 776
915.6668779152059 163.47796340530905 750
427.81922606216807 765.1284832435553 877
126.18037465457033 614.1442749857829 86
241.3362749674416 600.5673849968628 498
450.36159158091414 786.355060297944 494
578.7084810807069 377.44974695567413 820
773.8669108313228 494.67649780217516 21
425.0764329443841 466.5009011213124 609
64.67997822300953 917.3931567636697 764
71.0501631149506 218.4714541980237 152
257.63817165112204 4.994893881467677 622
146.0254295256369 524.6316174899466 269
469.28942395112404 841.624419425072 683
365.84216064029886 96.35480051728973 611
165.58349497475788 252.47768186450327 193
43.95772413286969 983.12368533739 223
432.43979353932315 390.42479279963646 340
762.2005033312861 46.259154760757035 684
852.044237322001 661.7174457345747 346
151.8937162817142 254.63807903292025 483
885.584841472723 834.4006051170356 741
390.45788769647083 746.8774105609144 169
849.5418860914091 951.977735908063 30
296.75408497946154 129.91528760811767 121
660.8362783925792 835.3799778749134 477
613.5193798177366 433.91325322721275 566
796.3287334718012 550.9939143329033 567
773.7421311502964 932.782955774105 203
506.905798255906 758.5466793700906 2
376.95124265295453 544.110759373765 845
719.3843165465929 147.94535034978307 544
778.2301332583781 515.3570698595288 962
723.3390574401127 958.8650703043871 346
123.74036686292112 519.7590710024252 10
885.8320260373042 221.49935261610432 752
33.671714276659046 416.18904489647804 225
982.0522043626263 772.7578405591266 193
202.46480115894295 23.116657550779408 366
201.09321354925856 265.97884655082083 232
393.05203281384115 258.66911095855073 946
287.64853015244694 73.65319241791912 542
750.1743501407418 53.23867492618817 338
674.8405859397581 768.9671410252195 594
881.7177626833529 120.47626829917223 381
265.3518426268312 979.9861200867048 305
859.5572294385128 34.65551388160115 459
796.7325643454981 618.4418908692346 39
631.1560144224854 851.1681372473419 197
101.42008733671659 466.0536414120785 982
371.93272135858933 424.9754567637545 843
736.9880623625497 448.90616832670236 242
624.8016858300399 724.279984074964 69
768.3651917211374 640.4868976211327 434
48.17122128515705 313.40005640693715 302
77.10340852083108 884.8129520127801 448
868.2080269827499 784.0165134927049 260
939.2408331383923 940.3000751994648 546
169.93344513729247 303.76401170702184 705
263.992564722626 638.9927602368523 188
419.1978113958061 116.54271119845383 835
377.2217315577794 738.6727104302793 497
968.5249990998619 84.58368316866537 892
281.4218566077532 497.3034211255197 331
75.20232444473451 831.2600547882606 990
65.48851628460184 848.6643388749426 538
730.1947572739375 693.1607669914716 787
219.28244219340155 750.6867253545471 795
943.8249190245256 420.33218832766806 411
920.9016287308434 451.35324534595543 371
577.4293479086668 563.4391527120938 497
439.7741253840385 295.704828761153 724
841.8271875200228 984.9561030503528 843
186.588130240648 725.0969643135406 920
852.6865956555664 722.4565509092023 479
716.1577177575342 25.75622394115351 139
803.0900330666381 909.0164503043767 477
38.30809119564571 488.5982235914706 507
710.7981888719338 288.48880758173243 327
320.0153960712373 895.0908884272244 543
114.80350505251936 114.98318024973253 250
46.82092353202017 349.7785265759015 175
392.1627954906339 117.09629949895294 309
914.9729534438612 135.51226745452604 941
982.8025187288471 95.70330913084801 461
863.594900806133 415.92980805836544 532
926.5753424893096 310.9016659151149 513
111.35062887994418 94.20566513529627 870
52.517911924903075 440.5625796992006 500
218.02613032041762 31.322759197178087 691
605.8878483928856 720.3021745262016 6
553.8419687656921 110.86031628714788 963
543.7073670498357 847.8256129763929 665
801.6149463641731 695.9566178305009 920
589.9715311015232 309.09106164178155 244
135.32931159448725 789.8064628151914 488
196.09778278610847 792.7923004575771 331
401.0137242518301 214.24806805826023 39
514.5042615587357 453.40815572680424 543
647.7587846894132 285.10072671735895 475
943.1064131288555 298.80788479366004 214
127.86588431855628 621.4086252341432 150
578.8328244715415 275.1869827840746 278
481.24177344035115 607.8682167951372 207
340.49570688209775 746.8199251789135 639
404.38381966502976 777.314843180154 164
325.30261062797837 471.8930422622935 867
177.91945844838563 213.42879007487403 730
895.0090989346294 143.51228180866406 862
150.38355967610818 319.29617527843214 453
966.3974742279391 835.8376478085494 622
983.6779779271897 106.49786919098337 835
932.9118201869818 764.6556689766755 981
240.01985591082885 333.8309276296678 153
39.060944896224136 717.6521337306501 30
927.8397513371216 198.17877935662554 452
289.972323279306 81.16998306720657 273
242.3826217250501 210.39730847952808 517
584.0513365900854 211.51940203712692 940
799.9663623380376 815.6922323085624 521
25.09620790433742 849.704960288217 802
745.4722123169735 819.5131991034152 569
70.95211603365492 782.3722685009488 641
166.89982067006048 755.8486323659603 307
430.7758867918634 343.6390608292286 770
439.80675419512505 128.11462379979065 113
197.7376293999986 808.2934514574087 244
935.5733367135398 230.0027540214199 569
202.9377361097846 340.97343076810824 149
801.8784326932337 949.2017385257053 963
331.278475490939 495.35306092394393 449
282.8674330766472 324.89037927503483 137
518.7975162918475 760.4624610157983 866
664.7579674962832 628.5506018930361 157
473.98522422791376 436.7586111309456 279
961.4210889279826 988.6025124263703 462
756.2865124544004 140.75694202208933 179
361.297948621303 796.0988707423201 529
524.3540886836179 149.68717855896452 248
465.8770140992422 862.5927034533836 777
314.91947465884783 747.5931681600835 212
332.59686980049554 495.5381197652338 260
609.6770562958069 77.85872493749513 824
805.5612650109703 166.4808189945719 374
318.23958351948477 866.8278326846117 19
338.35374443201994 523.3286961688075 674
143.38554034892903 901.855205058992 196
394.73631405930354 653.9496110615903 286
59.23696529990452 626.0336711627866 765
149.97986297233612 905.3650027537232 167
45.13018816971437 833.8232628930834 802
729.6518752977108 264.7979558729373 645
553.639329342114 388.76268086454104 248
35.39997819083196 310.0240276573888 626
664.8670886968692 956.9747311316805 254
350.6767064381453 835.5497838035415 225
533.726424158134 127.84596698826046 747
966.9133089782955 214.47496228487827 796
953.9299738744447 176.22309717146268 228
465.0367978026787 658.9059607154514 548
324.3538303914766 962.4940482072534 51
603.319182992127 491.85198198131854 492
93.18423932214026 536.4560217749694 352
112.19855515807863 662.3204805888931 316
278.9371414229804 853.5219620034399 738
301.9617494754584 727.9874564842871 625
327.4422185471234 907.7817158448041 701
364.3079314379721 570.7214726852225 406
859.0154499947582 400.74095423762776 128
669.6051867996158 493.6248611518473 756
187.2316515330119 782.7895808408045 173
759.1154539319842 180.4236959304474 591
759.350281510287 338.0859827319588 163
751.5558480567255 302.5801550897613 342
128.35285351224002 590.7965986690289 813
437.8354835379283 351.3626437060974 692
965.583319170448 388.12799124817997 201
332.20381480607494 808.1296336107104 621
390.03333554257426 318.398234597716 57
941.0355649674339 885.9805290441823 443
722.0050495153471 202.00505199323072 746
40.06090555273545 185.01218820744992 966
985.1970955817217 766.3551629080803 659
735.4598888158658 902.0648020032648 647
872.469433584913 572.8763899064122 678
93.99426049656657 300.08691619998416 293
675.5599704269391 689.9088500824977 102
579.0259444484627 956.2594360071528 201
626.1369963617009 785.9001723091334 171
2.150035454341448 909.612549011457 308
740.9885898283139 463.5470494532299 186
46.823435671038304 656.5698117877919 189
171.47011729339135 300.90642718256623 848
51.15046003376455 956.1786249103225 434
441.643879660658 989.785593048073 410
712.4137458482938 702.3166649752517 2
349.89453573883054 866.026064861337 746
956.0382668593592 199.49698699249575 928
850.6967933105873 192.07288796492483 463
178.02845742539364 644.9618643453125 154
578.2805132434931 344.41200804113134 575
897.8769841734685 840.3612146706496 224
330.60011444494296 11.177508654272472 832
133.68611721007628 727.0521861030401 564
771.4549653734815 261.5114894863821 708
650.6416984813311 441.6191769985416 683
898.1084997015056 810.9465146043262 909
329.81648036148323 620.7759331535876 971
869.4783021560035 163.99694371106176 858
650.1765746074893 463.71767342253844 215
17.727737746418338 420.22617156266296 701
44.463358716492095 448.0592797197678 731
734.4237048965729 766.7919545707433 636
296.6796768765866 700.2064391193027 472
723.4709409588045 231.47398180709487 507
368.362344839133 234.09572737070172 580
877.803866554714 4.126176161323047 635
842.8466966416032 125.3751781930601 703
176.28051552760627 845.5101780836354 847
901.8398508239682 417.54244110348503 947
630.7455215939742 972.1887402051564 614
817.4141924445714 14.547058605134499 646
684.7049041671753 507.26933921107843 477
982.4593039859866 563.312165465187 824
225.04164733136955 462.3399255027567 725
129.34887181877997 786.1168875624323 253
324.1794352169661 300.78212101219736 196
254.6083160440773 921.1599552225318 251
32.9991600662205 121.62261746513026 845
564.3409082818935 240.30140182796367 922
905.4396666240428 501.55477671972125 696
436.0995710739215 310.8523389884146 563
691.9716305697532 563.0203498926269 284
577.8233864551111 812.7753388362173 1000
699.9088966837752 588.8727010867437 84
667.3887201899429 327.37501450587115 448
471.6899892098525 98.4797891868867 290
525.1651413760599 359.0456829643791 229
712.610453437896 522.7497776834059 938
221.57399444606952 788.4912597489989 173
958.2009445265645 877.6285250751893 620
370.5188906853899 275.8014201242782 484
125.98111076884888 208.1731305686767 63
292.2743291376516 620.6255195332911 916
181.42425544959562 134.015168867337 212
79.41439935187734 577.5065850943763 5
139.43617410722774 261.2573767486014 210
55.62639831638738 492.1823328284807 449
794.5176337771156 592.5816764699911 447
902.3403478104902 46.35244416863582 86
929.8644917198568 371.35546623914394 330
159.4981797448144 246.96481182686324 498
362.5876957788988 721.2309399485696 150
889.8262967011917 223.52843344063788 155
980.6233987147743 183.22309420726734 487
736.7185159069442 622.4566433282982 874
336.4765043603791 464.2931013436125 349
78.41954086611625 744.6947049089907 87
936.4008302755509 705.3758863902927 343
388.97656584573406 537.1318020688682 595
554.8709835513334 505.8689627160969 164
184.81324412901412 794.8805391746057 129
463.2184337454968 218.88149287276326 89
109.30871760672834 753.6360059636114 379
269.78840855703754 15.249146996062613 622
538.8319120228695 172.33369666470256 167
59.21242725772491 923.2129522090198 197
931.865682608243 167.0474914993355 960
199.81864750928136 889.2311221558481 905
736.0310328438869 706.9929027781858 181
244.10010601548782 560.5840372072032 100
947.2365373974388 587.3315331242516 728
719.4844882633201 939.4688416490002 660
607.4037481285527 800.0045990075155 978
62.10782619221267 350.52644734591166 445
197.56810180784402 988.6350555526316 444
33.863142132092406 609.7535315884074 995
952.356221102365 777.5096331930552 399
725.4518999993949 822.7843611443734 524
301.489160139313 179.13914042897338 536
421.7537353259644 472.65753302729183 242
51.834197169801975 847.1071259415313 224
4.699440927835474 350.2996561841357 327
398.76079716154425 569.5882192272038 35
734.503537123889 514.6442069288393 10
683.8979856671388 226.63836428029248 435
812.8491933467033 799.621591473887 626
145.67848191671996 702.7014058476091 624
170.66119496560285 380.56627317865656 805
764.6890678545345 651.0239627985336 819
393.0374098754054 814.9952189983392 91
710.8580010530727 366.70035472730746 189
872.5291502983649 65.05684408872293 560
589.3681823505852 539.7438335142739 801
220.40828122593405 50.6746255113506 912
35.71011074531805 699.6010284473126 666
368.16627013395356 24.724897255776092 856
98.20172493919243 815.7343378103706 774
621.9947359720135 614.6003534389478 649
828.9910202583562 116.69733998522702 704
566.4455040659188 665.4808596151261 480
629.4096881665671 427.5205524337333 152
419.5604118246018 152.13413461882396 197
364.288950354565 614.4027494975986 536
593.7733468148837 972.9897357822435 218
526.0119884229817 811.2645728564253 245
821.7543775429829 382.0724260957725 842
928.8521780859514 70.5960577913176 986
174.17652101009318 946.6263646086792 173
184.5165313013032 824.2669424192502 747
882.0465978925596 515.5359541935052 973
387.08442441476967 787.3993367709929 815
188.4579029918767 63.601292914196804 637
9.887634462224625 135.06678427528774 172
194.780003332795 352.5168479833364 971
472.4870198527337 167.0804721404967 161
979.6209024419746 632.3668225402088 722
755.6679500779356 487.08077662738924 576
150.94275726624406 517.9318332463141 40
554.2767539953094 489.72902253053064 944
293.1683566723934 874.78784748563 249
916.908877281606 993.9211442285596 350
656.8738533104599 269.4919208761298 660
952.983523174965 523.7215450002423 912
389.0604901891442 504.8527340850668 790
869.1739203562178 658.3833093163761 458
499.8816871025856 259.6067413823209 71
99.14204668568838 204.4410573297427 576
97.8887533287447 530.1874866861733 749
350.1709733552385 762.0701571603826 363
982.9306161925701 539.5032043066684 575
987.1778594197972 888.0886500537875 264
355.40869213699125 933.6246654008362 856
729.0161206537872 734.3646592882352 110
448.18335980518486 578.3530621154507 252
741.9171386586341 31.906221746843656 182
297.9929071941708 381.36611261962327 490
273.51258832838346 741.2149527642405 756
640.985686714064 874.2129556597625 421
190.63365110961195 199.2717443802563 194
475.4051503889747 840.3853436432983 288
854.9412207507149 569.3946856898524 312
88.07200402898263 681.4273440206877 966
500.79844641763935 44.61616650166056 97
115.40880591730662 3.143247835717733 983
855.389318517022 732.7960422531208 254
817.6898268472081 199.57539655762514 30
170.5434349676146 192.1707225543078 768
770.5911762312819 594.8636807449067 131
641.363345872019 922.6688374229013 377
43.04888204098878 603.8927681080125 671
729.5817121227329 52.92173874150963 355
808.5385949514883 604.2886571367067 873
0.9744106984624912 582.5967099340102 1000
277.0399554316416 475.18073217665193 456
665.7205855942055 889.5962323944424 576
103.77829754947254 513.4577465669971 413
53.717142005047734 112.25184094191553 153
688.9215207094852 187.6998019227938 617
733.9280022028651 347.2924075699658 284
812.4104709205211 153.27959448813832 835
433.82603499786643 539.4008627054106 19
747.1230499002676 797.8282297645738 156
50.388404486159445 998.6706444941159 404
560.2530580486045 366.7493328840318 373
646.8366145570062 56.376835512024655 441
120.71279159285974 300.03656717285685 583
873.8673150274724 76.595554090233 671
774.4343455096363 595.5270375362425 525
716.0310010592543 804.687529052328 380
420.3753372954465 42.218470440801845 218
754.793690125762 62.70679544384494 492
547.1751412287458 773.2464169207733 622
632.4595575079838 67.51018229974326 636
629.296513587752 688.6771368737972 697
896.6941446066633 441.64052981660205 640
162.13935497424436 574.2136608589437 604
993.2095471750731 426.7540722566404 639
598.7276262832216 212.14622673426965 989
111.17665982249747 955.738653199159 705
588.3890397987523 267.7971596981459 227
102.62863178449466 250.83746018669984 879
510.4070841608306 174.05201842855288 714
39.10451097092415 134.36243271944326 185
939.1587358820915 871.6662647359589 932
244.5126672895248 757.4392514261368 736
267.09560027359356 641.7151344993517 52
245.342284080329 589.1227916030415 606
155.10691946159517 787.2405344868645 372
725.6082233447611 493.296510739054 282
518.7211390010192 981.9303373619819 29
236.01570423745076 184.33753736710202 775
755.0084250790187 888.6009174597443 53
171.08271955285414 950.9153730502658 724
939.3307872838009 866.697343053522 323
819.4073928272111 342.9386583880577 658
83.22204312344871 958.6598703023577 64
789.7524771597546 8.387023677405514 71
528.6575571003261 820.2709279945971 399
517.0175337272057 399.1286153395956 771
224.69323581438638 466.05127499056454 533
749.967147695309 435.58506186542 682
384.5265172349784 125.49885687022544 887
584.7334340998669 509.44419677200716 93
702.6095348719487 778.3374403178944 209
987.487990202146 135.04666052302895 391
656.3587147642548 341.4444382645546 272
196.09605549901121 561.7437361315513 171
697.9267870405083 252.58744319986525 617
195.74998717574243 80.53869808204462 445
9.53172008081349 256.3515677169507 210
48.088441868040064 382.86193602974663 74
688.9464335946843 303.88518803809836 275
903.411797103933 792.807189954098 478
767.3870853594639 537.0533927596147 741
94.17114727810605 62.59415876913587 608
286.94757783281386 558.7529785368951 858
117.11868221495226 969.069337043925 632
181.14837792154958 543.0634264531485 519
686.4072607512886 240.11374420106114 686
37.29146729366817 919.5951398354665 488
546.5144415875942 769.3822299328574 481
540.9742295423636 597.238492692864 67
0.28693226004405936 151.69777656494722 997
76.21908557367674 392.88466760968464 309
618.8144863924709 65.88883321650951 262
227.31225001806632 161.91454249040137 993
750.7561230304887 496.6403191450522 597
312.7156907223184 274.2263389073536 94
690.2836715178912 972.3900319414137 860
679.2391283102443 728.251007785566 210
152.26516342339346 672.8610843613023 879
797.4048365988076 140.3564121526101 262
92.30684691520396 447.55383284810443 624
611.4624221295064 436.9597063815134 248
342.44417897989575 233.97676038907878 103
839.6602925850024 155.62883995790045 212
425.38921760733206 793.7434820924562 507
312.41964317610405 762.969965322539 593
109.27110771381466 746.9881628699246 409
669.4179749842353 602.2536007848681 389
248.15405374767073 84.72126764936306 668
481.3851238344361 709.6304386770389 607
514.0853755979953 860.410947594431 558
478.53182933337933 571.1314349980015 824
870.0955765217494 982.9961491799708 155
589.8636161455148 314.602111745558 244
671.4587719810747 831.3172633058861 388
840.701913667573 575.8217543370323 276
645.7141351579993 396.8214598497297 24
454.5624290121405 907.4462695824667 138
909.7951903372572 315.54525643148634 526
72.44078715830248 580.724756182472 31
394.2228665938269 76.08114441434033 406
446.6199079807236 214.2909010942492 406
951.9668362466764 681.0950931895618 475
324.29166306365056 246.30932789991732 161
617.2085463799876 866.2849901136995 484
277.234830620815 652.2440774463563 646
693.5378184304193 902.6958529355095 431
817.4103577155596 313.1004050677774 312
650.7995770592686 850.0892295422295 762
545.0885375771061 693.7689616953369 533
773.9252074252507 544.3254933124325 923
144.71065032493792 444.1900862232174 332
592.3676453008853 34.24261632187331 537
852.2988163747821 598.2082986314258 511
677.3280456284311 137.49165398134878 966
242.3119325998112 782.3150756429108 484
152.0202518268039 513.1602752961937 864
579.9479520614512 186.9029269011988 529
491.2967403474279 454.78865714567786 893
825.3529100395015 198.911562336038 536
852.1838811593875 662.5140304673824 272
489.53983585798113 325.3450780871758 377
213.6512274278386 207.33526351504884 820
668.8459779810332 338.52348484754367 492
401.8633007393109 801.2892921121105 836
596.1424867118566 706.3127153572678 324
312.54116967246125 181.386355992851 391
741.7680455943191 661.9371527979912 266
319.47132367272127 871.9927985321489 835
500.41411897365305 585.3271881285131 498
548.8328842680332 441.11348546864525 838
116.40538194199934 849.1640987751204 373
606.7917273449068 132.13802591982727 450
961.7647316413941 453.469129032802 865
650.7027551831568 574.0914021421922 506
812.8775129250924 867.4860540656563 590
895.3577060107427 611.5161071436377 64
958.4669120010326 627.7820916221827 431
476.375775469667 32.15244125224337 725
186.48397798815296 875.4299706626279 597
273.36424908628453 977.4938939718912 638
877.5401886414609 821.9027280831364 313
377.90110124563205 83.82774646280211 752
775.9941533368901 44.62670225880305 699
523.7303749014793 347.3118078324274 578
981.5830149603938 246.72912554431048 698
724.8806351413541 151.27342469590732 430
293.2401875696823 989.402629643544 722
448.1989752956933 65.49139263978154 116
581.9027864891264 689.1270381120896 861
469.2046612445562 914.92755946132 910
538.856146012365 758.4506463386166 4
216.98637964053847 4.161553269570573 721
251.1127391105058 807.0520920196974 518
733.085024194761 274.64276954808963 108
262.4841074564587 975.4912445314382 133
282.45445405954484 174.80606207436045 343
223.3199034454091 978.6001435569964 271
969.4929553870164 499.1054264536021 371
823.9391000147857 187.5369210159692 43
881.8050320646494 906.5102445837672 916
140.80075362665144 566.8610298043711 21
655.9311609939435 197.8882282682879 927
835.259395246973 327.8378017763376 654
888.161758470674 278.88281342156495 949
399.18895741176664 89.26442032933413 752
656.3722450890484 415.96697400214634 275
131.0506835219648 771.9380095377627 277
259.27361096544576 123.72564916504514 72
313.36397200682853 731.9646302880697 463
918.713154671264 814.741713593192 534
935.8477740303474 493.9413785578375 860
899.5973676589913 714.7964911300057 804
901.7256636901694 774.5545885383425 87
212.69021137366138 445.3794918872739 852
51.69033896327502 864.8666222206052 629
301.3668146132119 694.9550856685435 913
908.8506073128134 990.9885166543675 144
746.2718315586375 585.7368364970089 706
568.9671356747432 224.22565342804967 37
94.68989570219577 181.51093420464804 100
524.8250154910927 628.5982601471021 338
649.6861743767442 239.3567378710847 891
392.4221168902968 195.16340130766096 142
569.2894887798147 736.3099645439768 268
644.4771560713515 878.8161210432952 396
378.2512132967135 857.327519259549 382
475.6584806349904 91.96635619869787 699
859.7005590312455 992.306424532946 696
71.64900790253903 919.5437439427576 316
874.6481303411034 104.972506724333 631
147.24437560467075 455.0405986895042 376
64.59025435692578 781.049362714594 945
708.3494603710167 277.11166114516607 618
825.1170632791506 977.4866926956439 534
956.177367327462 334.55702011557753 368
956.9339093169631 423.2093935719776 415
743.1246406795115 797.3358787124558 955
869.651659217933 344.0316699397924 75
555.670690274724 439.4159946708035 652
15.44216320658498 910.461135576676 992
356.71566622406624 687.4242970706568 946
548.5029115834776 757.0925134782348 535
736.3731437542601 240.31042203080565 232
620.2036917961888 57.16229464383804 320
600.2301322357096 841.2795337982091 473
133.04285731851306 35.76779840986599 852
570.3487975123367 576.6342495932355 920
748.0140002380679 43.071860725290236 426
803.1512920444495 941.5284738258292 601
397.7682849215108 728.0446952111099 561
681.2311911724013 843.3337603254589 240
227.0999280444801 83.72740361276887 994
28.142693242663054 807.7426686912553 179
925.7106192428321 848.8792133671985 431
292.6543959692224 831.1426601432737 121
253.91053590757684 262.2747340006429 716
218.74977238323157 618.9509309853163 994
408.77339343186503 997.4071614009318 263
689.5293208359527 751.8126607980158 646
201.2676053497303 630.149841319577 610
831.6032581293731 13.034927757857751 875
58.19254690773457 549.0911419425858 930
652.5660240602157 603.5854459298686 309
989.9857615774915 816.0559646598889 457
601.6574579177161 719.2531188319081 770
693.562100699094 381.4449353138812 654
215.76545729333873 686.9475357169814 554
649.6407855046585 69.23205178126135 629
846.5640173362109 221.07284562945495 860
128.25112005008666 320.36776801582533 4
820.5255894378045 485.9786897031921 503
120.91425468622963 625.145273452624 351
786.2705215788571 124.88249857749001 754
411.59405940654756 146.46538950133726 80
52.635640367422965 542.309036994309 842
957.77977202338 6.994661824655912 290
187.52056900835078 526.0903150976577 672
817.2246357317619 553.7496865767648 38
294.13554610616086 446.2879692765652 711
58.955536983318346 866.6438974156887 517
258.73619107677206 982.2987787267358 269
699.7400433628576 190.6946753080625 37
943.703818307463 145.10713761089033 68
907.5650186140717 670.8520175171132 724
324.73710402441327 463.70667081898154 235
282.3179750449912 253.04199566429818 531
562.8706000530161 867.277110679582 950
972.5004213671507 54.41837221216572 740
726.9470549452832 938.8861990679428 95
525.8871717048149 728.3265003657684 993
207.84654704477344 334.1780284650504 59
643.2281188506938 291.8005412391692 618
859.7390127636753 476.6179295927964 190
371.4611908241981 188.57713285075206 692
580.3995777316188 535.0629253982615 466
271.9939528836768 917.369221524461 902
199.97025981053883 660.353287266905 354
94.23860328777967 71.4394694342787 545
22.742834524258626 462.72478263318163 100
72.45603891071428 307.8791490011912 520
214.279998994506 435.0895335253355 268
968.6441959359714 296.67893651899004 923
616.1316135662977 46.53092693257521 992
943.4574742310878 614.3590300203575 238
587.5682096735346 482.0174505309355 306
645.0092274347495 68.55042805644528 323
933.5673872605751 554.3403768843197 864
649.9513615528934 689.4847712410486 564
474.52999025972775 728.0733239127692 406
395.82507222072326 96.28998991716608 377
266.41354759429015 19.41679706603916 674
209.363110679453 556.298611186954 232
926.9952641432681 928.0982337450658 259
789.7554568639158 380.9394120442462 412
432.99672742804773 243.89176499558752 518
192.9955248914358 225.5446518342318 27
123.54550855809454 321.1896402457924 173
501.40080507068694 561.3734584136994 898
757.5312852802688 845.1094913489194 117
207.80464433410197 735.2644248789321 3
467.79623408047365 209.05456238438947 917
808.8581788678445 776.0261984764053 785
62.47009005684168 487.3372909848151 270
506.56319639612644 60.24501407458549 642
879.2134059463662 387.7744110684602 237
854.9519178129106 453.5859483718707 326
179.46638032140072 938.9642703522298 202
635.7865592138434 672.0249283301897 987
172.0603452668169 954.035700994642 588
676.5899300512262 842.8402035084144 962
55.533343310851244 443.9232266111667 620
439.5550464648079 47.64166684763638 955
32.50377824277595 836.3158392989263 447
790.4790060741037 894.954129800268 67
636.8864648520514 146.72028958156181 802
511.2277611889968 968.9585453283339 952
180.14341313196624 532.4304026224814 785
325.8882418991559 243.32750347301868 368
173.27085946681854 399.11910994271113 895
316.56623438172915 760.5600378555096 866
983.9034099321145 474.22539079553883 568
376.1211846484173 622.3684986122063 198
52.27468238721356 700.0842803187198 602
274.45324759572685 208.41491844136607 296
750.9884676868365 272.08886364979566 513
682.2456580895284 1.9560727333916006 521
789.3712468622595 595.6516061862937 462
161.36612802322304 72.51092296198647 646
97.58264773051583 938.2424071738199 61
35.588992510752874 87.14171535841875 41
960.8881865773507 821.9474190603714 908
261.1601829233763 767.3902583401676 302
335.37005132163154 817.705198859833 919
370.15168400970344 379.7404623939791 282
628.244251696616 976.2105021725237 148
754.9091619761713 110.94142752960224 168
37.23083761562862 207.3215992868741 82
351.9660382080545 376.8576627460224 826
372.93575505933654 811.6848802711927 315
435.85533919254203 489.2850365827949 931
711.2695552987295 334.65026868842915 905
266.7037564061834 360.6198357367103 594
206.05199807362484 457.4317151419506 288
222.1148681737568 461.2321899332359 287
739.2816821846101 79.98061693567936 665
928.0954783580212 19.329489734710492 613
91.35315653964804 262.07227703285486 253
18.87257050208635 62.29863697212134 382
948.9892739549792 936.3622698736439 222
686.9636508495336 482.0645875543368 511
245.7835414526931 234.55136488825045 603
926.2910623669532 997.1788209876637 826
341.6599740151044 146.19990302249653 481
188.65710172028716 947.5302211556408 917
214.7301920456437 930.2298121009133 489
65.0214934408172 673.1792796145327 208
518.6658266034694 905.9113652104769 987
224.02826146007615 158.5672122219286 955
593.9977370279628 260.38584817321555 720
914.77676120307 121.21279575350053 492
708.6168698508603 777.9857498525515 850
951.0316615447617 27.57935471931805 961
197.77754258208225 752.5338927369013 528
768.8803405564712 793.128818308262 766
810.8523287491847 475.37153166190416 13
696.2005511546965 82.71895647632932 786
422.20424408305036 130.3001927577746 280
123.81829433627433 889.9152193633632 542
872.1431053495468 549.1050426447079 48
603.9753226832686 781.0664877408285 720
166.06558397920378 878.9507071658434 791
147.4725448416354 894.666946918588 787
641.2870329367762 856.0222181638046 748
745.6565145607972 831.9725338533385 569
573.0315252754042 148.17378126745885 102
253.1477829028441 903.9603781311009 108
859.2495732900333 418.73738638339086 205
14.018525460628872 6.077179542323119 493
971.80767021507 978.2056170970019 466
773.8556527327323 735.2387815676692 192
534.1623155950675 679.0647394856472 768
938.4505958989778 971.3410427231987 360
280.2030350399182 537.3239397121789 944
440.67446959306614 916.1915920159937 677
534.0143406053272 536.2077745293185 849
10.480910941839117 124.7866859172102 699
585.6264287004581 785.7283547016602 590
539.6667927042556 199.80033418343547 473
593.3403188607374 427.4125618399205 649
272.4140397371467 541.2760933314167 569
745.6341797272149 182.2082012924967 47
642.1302223003812 931.6218650060305 610
620.0304262765407 413.70980020809657 5
237.72522022550703 469.5726786822559 60
30.64069863959995 543.6847681612413 106
994.7793247341253 413.83363271808173 111
925.1554440402113 458.61066370705583 717
149.88029508706978 85.03355125935741 272
999.4214632104328 910.2274131876272 145
568.8540099472502 907.606772901251 837
281.7785600262123 860.1845659690351 929
799.2762487846272 641.0629447609292 526
622.5222116618037 981.3447986284923 954
710.2482600776771 81.29082329354964 854
674.1241256740374 857.880733011336 719
532.5281057696487 461.1146646822417 154
434.5959084542921 500.44997214532725 412
935.8346378903708 298.6893606171084 192
92.06768585780789 771.2874288835843 829
807.9910300305671 837.2013984249144 169
554.1688744627323 217.25249865481922 227
576.270789047976 936.176759071352 205
421.4291382206029 114.2966054405411 841
338.439182571177 646.3052779259784 994
465.5648889105529 25.056387831497553 167
71.46557460044234 450.1455013858057 902
527.9219633154021 243.76466255975814 493
150.32832899607317 352.9661276722814 851
947.1177756454781 588.4304389942303 885
464.17867820362426 549.2382399508691 361
173.75957027169397 108.06265772394275 970
399.95213041325985 265.80344302312795 197
512.9655331838551 384.97431979081887 206
89.12208957698031 334.4159306537572 691
781.6984748499725 764.4327802186475 591
347.5819218983572 569.1804751932397 442
329.8094415060441 679.520940568526 233
85.98160389732412 671.3031621931998 508
983.6244437922079 99.67135875708189 689
925.2517896474678 808.2869991201611 77
183.1570361905296 785.001497776789 969
977.6100624109646 672.1138697027316 166
355.01451608416613 305.123705934345 197
936.5671125065916 759.5125277577438 367
446.7041106358399 412.76624085591504 161
485.14465296684205 519.7537547562653 418
709.5780195432308 281.82748385479584 337
465.50060327468134 169.589483736458 13
689.9171462830262 378.81485300509365 856
95.75401187697751 597.9018551293378 70
50.85278913518676 453.90132583806155 261
363.6727434974874 401.27868307789714 996
11.564373469036715 864.7600321579461 118
281.47701023517203 719.2981956258969 681
632.8690648688179 636.8211909050976 406
453.15919851007027 784.8509424975591 770
228.9127545818411 314.9771402771987 631
649.460397260742 574.7880022502992 905
951.569199907004 74.78476964867254 378
874.6782946797026 632.4640453100528 434
148.00675339654313 394.0488177830065 985
530.4280900575028 30.268655526447084 466
745.8276032582276 157.67245523186756 19
775.2078718960728 687.0336782606962 655
760.7112131253898 968.5154351196819 971
469.3110108817846 418.48009051859134 794
593.4337137909056 190.0739509019721 622
880.333819295426 309.4444983353923 309
412.1655046097292 980.376320262583 490
494.6677874453935 435.6400317929833 877
243.58845915731897 184.2410525111229 72
861.9020346935612 434.23196196353484 322
95.73083708981245 80.94652587188766 337
436.1363646130325 357.7448625077356 830
106.63347685595149 477.48280231386985 130
343.5225221986379 468.89092088785867 748
11.221737070234216 962.262640346219 838
594.105694772521 264.9467001169858 414
662.0925155871597 649.1985489373873 351
504.43485092624576 513.0921481646756 33
141.91294620500972 692.0894495383275 442
411.9145705654509 387.49625522226006 28
579.7531243605348 369.74207904826875 210
830.9005032790793 699.2356591537914 271
832.9882860429791 914.2178792191091 704
750.7340230444967 830.3991135082455 212
582.3379300448884 368.85259323092754 127
667.3164418061444 833.3384240036914 539
428.4568866577404 216.1259981837702 331
833.8279288927373 630.696421379966 357
72.88917401742768 773.4767344448663 131
353.23843520378387 414.1901506272232 886
575.2919863548168 926.2354936029212 567
664.3699738703311 916.6269074295807 457
825.552452187581 905.7445241631065 97
448.76973463855074 162.79744743894997 790
595.1500670218171 17.762470090916025 212
470.3828330314822 955.1908530752163 47
119.3437309937082 986.7900886797925 262
256.90022058694484 625.6673251599361 550
810.0418328205285 124.80627548711354 891
779.5614358976319 815.1858727378436 742
79.04227269160945 984.1009096237295 34
577.4640239659686 575.116115075059 411
522.4119533485151 770.9001835324684 372
937.241938192631 733.8157720406315 104
743.6015638695636 419.58090466247586 584
73.79040772620915 503.0324820273181 666
688.9332434815918 199.45847686468653 820
736.8928502947963 878.2343877566121 813
962.0769302940935 101.82907493662574 352
928.3277137076948 968.5436436717785 63
653.2265675341475 390.0135012587732 263
538.8237956147035 949.5212501255833 764
320.5045495625104 858.0042932490819 142
913.8568812728829 665.499514017271 25
908.1939303256212 19.1856669320819 703
376.5542206338055 816.8202278806135 283
991.8572247206199 679.8948004175262 355
525.4571831949625 481.9605554675625 337
98.70858151940554 311.349086066846 583
927.1551179290817 103.03929714163418 508
716.8911869361492 237.76410751947597 331
777.1650618312037 769.9345517821689 980
729.353866377134 735.4913512889182 815
629.630589268708 551.2625084679071 674
643.4906070593763 741.2142695714554 502
710.4915616939215 386.8801256113056 319
683.0691747461768 877.0816148243794 706
520.4688871913994 635.5603931940848 560
275.75356691031936 683.0693699969738 107
898.8493354523602 248.3087986522342 496
232.6899881284512 303.4415612448037 631
793.8625650007923 171.36475361480495 316
228.06549809812216 918.8034305827455 178
987.2032049006418 99.40511843810373 400
454.8371749809732 276.84530299432 697
622.858536460669 895.9152249386173 247
277.0584062336573 909.7428255135085 366
616.542292936744 842.4575750063208 87
166.11469492837472 898.8386143513593 450
630.3478501401369 807.2476812370152 865
324.3611759237507 95.45983287582027 511
33.754733631173316 33.84904400009459 201
