740.6971580230075 84.3645544655457 442
823.6325812345357 707.7431398040295 367
418.08566186426833 194.6274453182336 242
742.1960401694591 94.85698735238634 435
600.5226553538383 246.420204630056 68
909.6735503195906 188.6950348066493 140
810.1282295247768 841.5421927135915 97
692.4842220910033 29.019687404734597 182
168.245230691075 640.7907457179944 573
36.97278199888054 993.8264130056987 601
568.6771730869343 424.7943310524798 895
330.7849606880924 130.6680447413887 582
594.6373375465503 376.31015524620926 605
819.5797751657012 450.2197054779949 865
316.08837471515693 45.93694079536503 325
497.74591789231835 31.858878295838334 878
114.33193970263878 724.1269275404793 54
922.3739192036605 328.56616866783514 878
194.83187086508934 724.9786934517625 420
215.38359090505043 925.8928004001627 178
680.0481325497977 842.3517562332947 155
864.3509414420341 490.9186645080681 447
888.1859357726659 726.8440969074278 13
165.75985723797638 754.6582272426961 128
267.1997300818323 155.55836697841065 801
975.5980458067783 503.90641693238337 990
406.9887742710986 287.2034233619403 426
156.77909484382613 155.61261387540793 705
249.12406740071634 909.4372847739123 880
626.2422975554963 225.48261043869678 490
928.381059811484 541.1580063017259 3
696.0855499038329 606.1641624906107 136
71.72355799663998 722.4671738958559 469
896.3037678670348 18.69822568746993 921
218.84549014391575 64.28265729984484 152
731.6264856284205 296.7311616611352 23
882.427683445206 104.21307249550571 343
861.2426823537063 606.115319040014 500
425.8549551938541 711.3592842963967 310
247.99508012377146 515.3546196953092 920
257.3028285817731 454.4307480436253 990
335.65562832880045 815.2802528636321 91
404.01388204065336 454.44597163116686 364
195.92140068192444 891.2713039599028 747
694.4812244338966 371.9345573617904 451
248.10319011754513 834.6869646007033 364
240.0329266436656 369.647729393793 703
939.4408033953541 105.4127163465457 906
342.66775680610186 739.2733210778695 928
289.374157798047 394.2414299660255 87
859.1349484416088 971.009232730663 754
437.78574452514243 404.9066712359869 388
75.87894247680727 54.085123806816846 114
737.8925306799756 670.787002643559 230
255.75551631325322 765.0940226648046 999
144.44328678863428 847.6492093227708 425
561.2714844238192 988.5792012663368 886
590.5301887190334 12.163223187649619 964
11.108749432843013 674.9702736439488 731
338.4454307759701 911.5865003866637 34
666.8413155443164 221.6947036836644 275
912.2550977083532 217.02244137919658 6
567.9936249176293 987.0265248527887 267
332.42483880849693 811.6351603142473 896
333.5314785523038 652.7616244871482 800
313.7958449425179 749.934075370435 221
111.34781805878424 796.8010471995158 848
296.11782293667767 450.46389292749336 633
116.57076396039811 129.61569504125103 844
743.7925974213858 600.1221001199373 492
634.9968880990434 480.58645329877356 885
883.4066903267287 839.4344409199118 465
122.654496088757 390.9292277190134 539
195.97377678476911 659.0914592599696 29
648.8436018973393 987.3747047675308 457
747.3487719171304 895.6547764652863 856
929.0894573412181 260.88918078415526 629
754.1445516814122 301.080823903916 804
377.3654867821378 253.49026388871744 376
179.81859877730687 277.8457590156465 773
24.16164808564414 242.46866247573317 644
957.0980579006622 489.56686680285964 329
724.5267640088944 172.8399259891238 995
689.5079780678634 321.79623709096995 601
499.3664897355395 940.2114953950321 131
323.3117637139785 362.34779425224065 438
212.28869499058501 989.9587131305362 329
505.418803737025 890.7814282565408 906
719.4454627110148 120.49984617942388 525
583.6040458208711 264.93676819441237 656
466.92748245383297 645.1711255079313 609
653.0720229610388 343.80196478320715 90
41.19720579013164 786.6233504527996 396
784.06329301159 96.50340954389225 947
541.2351355584179 727.6302351019998 167
50.44767032530295 263.301688901464 236
63.85714522531283 320.4714616312999 209
152.5529515415044 575.3904284748904 55
80.37031616537892 507.70719917804263 929
472.1540046360526 464.6105872598081 617
578.4094946693988 840.1298132541784 762
497.8694443641609 603.1142664697896 921
812.6075866804537 593.2738570989521 25
2.627333342198779 15.972495290090594 193
925.2813793248379 690.5756214811031 982
286.87817736796393 544.2013876061194 854
6.94676693749996 107.12327673797584 361
524.1553704062302 337.18039784787754 662
240.0100686650778 1.1577555390916983 251
568.0008056627154 540.0916863300492 862
534.9585194286209 539.350712751678 241
599.6154894297914 107.78430597027366 839
757.2305996342321 47.18871205957165 784
803.8382242932412 96.35338627300693 959
700.4268910336585 878.4087115616188 792
28.746192964775986 711.9207907241173 196
481.9451116439222 332.97395757526414 75
852.483236852219 25.72826588278665 711
965.1767237159112 533.270345323172 893
1.5460810773365585 967.9022596386608 135
462.7245372392342 863.8744547698839 722
899.3923715609151 809.4507946203 125
22.41699703446487 931.0391488806738 837
544.7124434940987 638.873113372039 530
869.5790787611362 978.5630208360559 972
776.387684113965 921.8298513948731 753
233.12417520555306 514.7872220553693 185
8.752750386219477 454.9389742874191 721
596.1549921258812 599.5283415173711 195
489.92571724769084 805.8617299608866 638
326.5773959687592 395.8913900280964 834
199.83032450119143 421.9626183829857 243
24.393091775215204 924.8395109122612 977
814.3895337439069 834.362232018267 795
261.72264689375515 553.4082725287127 783
448.3212121094927 278.47884371320475 241
27.10661449829854 573.396272555056 896
915.9729476376975 292.68178980698946 971
909.7709964083762 237.82838575920363 3
201.07122563492484 960.1608418857559 496
527.5700082741399 303.20996916052036 763
276.9993547538878 879.7300418085822 443
774.8189489247756 57.79993158935726 760
110.34349191738524 485.73213975119046 324
518.4503259965286 730.4128365289355 909
155.64321561395434 629.9274757827283 67
389.1864786459328 985.8537517507516 917
489.56751198857006 833.8598543188685 43
973.4802985380644 547.7287957006837 616
982.9047529738996 961.3101971603412 375
804.2847492131223 290.1166272978035 333
329.69272849297937 945.3979832171567 312
360.5928607757783 774.3812006719143 713
278.96684482711186 617.2784889225031 488
247.1279364872011 529.3014242815653 311
729.3165236417146 35.27393411237156 391
566.3063937234866 701.6119276801911 688
216.06256846464956 366.238810934708 148
502.32755221819923 273.09521975884246 41
371.7097618150902 902.6171832406438 766
158.88143300856993 581.3280717723907 592
486.39588693132873 436.9654779779576 608
619.1366741981798 998.6686494095932 531
461.3189203876743 319.4303519623995 152
132.59972332666513 840.7171397680918 217
789.0565933370971 10.129957738739371 80
905.9954536334825 840.7584950896393 278
289.57257714598916 486.7015144076831 536
599.2635800741801 239.55021972926372 175
97.79360008962779 508.4843180389754 785
450.08480381143687 368.4134817008773 265
57.27107250548102 249.63440096262667 137
664.5286571270484 2.2115642603679486 401
747.6104094629795 793.4139830798674 972
536.1606285541925 911.3602269325856 961
392.1065409889537 383.11638953965075 127
895.1012597514397 839.4662392645355 781
877.2548516311015 477.11118574504576 380
750.6045461156137 371.1108474941566 435
667.5141758438867 295.00878988748724 730
764.8658990210198 658.9973195642033 700
128.86016583110393 282.83696244364506 458
190.37005023841147 799.2039476009818 502
817.3961136590419 407.15600904744485 1000
275.93551436460825 441.36225625809146 395
861.7296082587226 355.6881034748439 230
257.6603175775366 175.1416580812072 513
375.60236574861005 428.22699095574126 579
807.228617708884 323.73844718725064 391
244.49022229095053 39.16237699884017 545
57.32722706205961 315.8560622522384 918
538.2757874916617 505.91360972433495 551
550.8695580341465 568.1129538501779 255
517.476555562686 148.95206367184466 226
148.441899081036 240.36524676412273 54
657.005111504754 629.3462052838236 132
132.18561085894075 222.88198840955175 756
793.2166109741319 200.96868058528128 78
966.9689635010634 982.0832091387042 712
966.7831993029502 561.4196732850711 745
461.5763939528574 25.67492253540149 909
223.56078023772886 305.77596325873037 983
178.45280272195595 212.25951865164305 282
919.971340067159 200.21288285298021 46
30.314510741329958 322.3713948691468 468
508.5545212345647 215.8389504191258 128
728.9644943981923 547.1487527252483 53
154.39227289450875 747.3835566269665 800
535.7053083315968 175.1715419572748 800
980.4932943336757 94.02304874713575 734
427.62528812534015 995.0678716491024 143
855.1755941011986 271.9317054860938 816
963.6008299683205 832.2423746255894 760
715.6457603937066 799.8827557161356 705
49.262819899879794 470.8175323696845 565
293.1395123354495 603.666352680729 290
576.0393760935623 948.7841705668251 318
188.95825212644823 668.0937466729716 120
163.2516038216164 805.9842832972718 228
988.5681260172876 196.4520840905769 217
749.4255806650208 825.2163928284401 988
667.8988971502005 232.469869857321 378
438.1970075591094 471.937792327909 788
114.19879183592097 568.1862442697858 32
801.6918832521856 60.994539798808866 706
553.7157401740557 199.75478811285396 210
637.3961969261576 997.2558693155471 437
310.7597058545577 361.236300513312 73
211.81820617066072 728.6229514786904 933
519.5832628057386 391.91656665234154 816
811.9074946215914 65.8782817926441 859
218.53934218876125 80.2487486170036 456
935.8335730267322 461.33923855325753 683
479.79260294673765 860.0159913335012 944
413.3022579420096 657.6895985225065 97
140.5225530067994 31.32423772843873 793
631.1492901174023 33.45006913785231 759
735.4223820673179 822.9088155607146 428
177.07927568443105 504.7675409211073 483
953.5260904667347 616.7630195395858 390
645.7796847494777 638.5872695428243 932
160.69820462015582 757.3708302081262 842
955.9805274211006 888.7820364631103 814
448.3117019428979 240.70486933317227 712
441.28448228237085 67.28252140848878 529
976.1899187552451 9.892385550404947 351
454.93713244181157 915.1228018533141 737
394.0424525556122 917.0255027825959 369
864.840704536529 554.5966844839274 447
36.02880166534539 208.5523367466765 960
74.35934737343774 803.3790402416216 199
790.3820066990985 843.7864150067074 915
45.28188341644723 84.53967130834572 645
473.5500024399054 403.3116197739377 88
250.3963694856348 310.70241279010816 679
723.6737794875112 221.55673923130303 909
605.1283102980245 350.4638910948421 113
72.00856425970792 53.49476840875944 625
281.41730816930743 44.16182710048433 650
891.0153046839268 768.290434940212 883
367.3932522789326 516.51102043845 275
335.78731603501666 404.43802253740034 94
902.8680976186262 624.9205530359454 446
983.0232897837835 308.73458253658083 782
287.0587029106475 399.91180412688874 345
179.63509946460664 872.4101724585782 908
462.2157836002273 3.7800745873544095 288
64.3535846686999 822.5304911238552 221
198.26013010867794 119.05749231361406 682
445.6572215444079 231.46564898658107 768
351.95653837124354 349.56226091722266 285
198.5846112780467 542.5324470017175 607
743.7740957493161 827.2354520257367 354
840.6729110922563 247.55980296760538 248
227.99216433301152 949.9674563382446 324
430.36017922470495 360.3531153532985 451
184.32994477887632 938.2413727602725 977
520.8174493776909 911.4081228247012 50
938.1085521896249 14.832435745069205 553
869.0862147851277 686.6479799512291 397
752.8580170740039 237.9418709521911 555
946.4182972119276 231.16444665060686 539
951.1759711784838 955.3286378288033 150
189.53772646659283 297.0686181749019 199
103.8527436344141 759.8515949635907 924
237.00573637101118 781.1042996035562 630
802.311248562698 555.5666529503352 473
501.2027146788263 477.1352692199641 895
632.2916874655065 251.51473633272548 712
234.3145963357346 616.3471232872503 165
628.9287530074711 685.2531572522156 631
39.99841259832693 177.42937846573437 99
197.88790118212208 756.9679846202115 499
757.1187646251367 84.69431999517774 566
588.9373291547483 997.2670173471889 8
193.01059899139227 682.178748929396 197
642.7631037266625 873.8438126379775 799
880.682758578079 219.09797685653842 94
76.46426336952361 333.26204678927553 710
984.603147240104 754.6415611203652 246
445.0915730297577 874.2082004824456 658
976.6710127755908 454.15241890386284 786
922.6825524625747 178.3883010399907 281
474.32669513834435 179.45343801667147 495
226.50756662848036 101.985358080947 836
673.4337370798257 377.712586526173 693
455.20414679001976 894.4621358479646 803
228.16478243498972 417.9281189556707 758
296.2593339375874 333.35230887247957 101
726.7741742821378 348.8824465097637 37
87.62666854050727 708.8072394838739 685
655.8531924492193 865.6669524925071 614
932.7087941111201 660.454468154749 249
793.990811155796 342.06667470107567 514
139.78069245880187 437.72632418579036 980
647.8473740989654 956.9495671145298 883
628.2013413534643 712.3347340012493 987
586.0563937058799 426.7469375503651 890
185.87607966320087 155.89425022268688 236
427.7441776472557 184.51059491492282 80
32.160751582490434 418.1265885486151 811
683.1144935951323 354.58427102543124 55
310.79881579044576 494.06390803129284 230
610.9385528741099 276.47180090184065 919
418.08996970364655 140.04623634936343 641
261.6850400744012 666.528627817991 487
240.62881701012927 907.3143806180746 452
541.319841730609 863.5020869738403 827
218.93882980879152 36.04232793106499 2
0.8876844726302124 317.41238354130206 169
653.6630404170932 258.60938087669297 854
259.4250202011169 112.89764025687133 640
455.781804168364 933.8431712089797 504
416.4118210652533 946.1877813852598 561
400.2839802826017 144.9783267474224 321
52.5017653437918 855.7452499717517 830
900.3320816443086 662.0798278483763 289
583.4143456041822 565.2598674405598 949
297.0559433021385 484.79288594255587 291
501.3886137367517 182.7488741445511 333
659.774712297953 797.9568732336328 357
417.9472824122724 829.3690182371452 239
117.88333634267234 474.43120453994436 460
321.5615482186199 345.62744673279747 42
196.05369819042795 70.66307078848943 724
867.416902631389 829.2352481094398 654
546.8201826130553 361.55296013099746 853
298.80940142484116 553.3159939145713 54
136.53891990158874 341.31333870100724 776
141.51389642362767 266.41056323317315 383
287.9699705491802 442.96166394244017 519
452.415631368405 956.2326461695122 962
377.943626837561 427.2591057124646 785
127.34629234828265 627.0796160903159 959
266.1031338449326 682.3785520504433 829
23.13794523655044 429.2687358387835 207
135.7568900993653 544.6040828966803 986
877.2037706169074 46.29557264623296 954
860.5626759848988 543.4157291728427 314
446.3791297399706 132.1156255070881 442
875.30166690327 178.60911195864014 671
912.0009360494646 93.12632635514507 552
81.42379855305548 637.8806026657833 998
528.6009745862832 5.052347509196586 426
329.6902945511544 817.3401942269372 476
3.7286061541164095 436.32063278642863 211
890.875522446623 671.7494390180202 425
754.8731239730744 137.03026701241515 583
996.3161324117939 788.5070841673064 567
316.53531362255984 372.38752121685957 31
82.91387467585032 297.52644947796114 940
798.1963067315645 316.8944526496215 424
667.475601714552 746.7537345372535 271
524.9137346165971 814.3598332639475 784
218.37503231337706 16.50926668990649 723
661.9334941944246 72.80900456811823 432
744.3904454502521 815.8768664740766 576
51.14503576943863 622.5115281116226 685
592.5950071789032 302.28781865445785 20
959.5960373776182 559.4546367174247 296
354.9081966000732 665.8755981736621 156
705.017294053849 663.3567705508414 938
986.5894967497217 835.1074175466744 819
215.52914729553117 826.9483485413559 385
800.086234960989 167.81247911223608 637
483.20928330793066 42.29435106770008 989
647.561884526452 135.41544490414293 78
772.419545204181 580.0932793579274 196
681.578464953564 130.40433826626895 357
283.7964594332312 238.43967532491905 970
233.0046896846265 80.83454400572931 443
57.38889808181602 217.75278309456158 319
823.8685238256875 982.0261195632368 290
608.605226224858 109.06895225769586 317
113.5867730206247 173.83224732390644 876
220.74880884002346 89.84937905999746 659
942.061249173099 205.10675301639802 608
192.9878740381402 800.5203530509498 836
931.0466023977931 441.8897357278181 84
360.7960856486888 215.26183594455074 207
728.5542044262853 282.65900488980947 669
948.5445751983306 347.9097678833619 977
660.0088769679448 714.9947962689665 927
227.0934749155362 891.6167609422283 146
636.5423542102803 222.5668391661465 868
115.5267142944708 304.97562484771123 350
547.4842346766037 502.80711986669166 742
96.25947256276024 385.6160361174231 393
533.7285195096625 351.9133519012947 506
464.2789913123311 3.4648373211125794 481
362.73370587997243 894.7511463038585 659
262.4155366588379 833.3856790145414 692
173.66702886475016 665.8703011518618 651
759.9799549881195 263.2364334579318 218
466.1660049449369 933.3746189203009 526
219.38985120274023 420.3123067201738 750
240.53330115991866 928.9553864810207 234
212.5633715322832 19.81288766438116 491
2.7426555219920434 973.2765224006259 682
808.9032057305946 323.22722200505274 513
749.2666691320899 769.4948251417244 297
312.89922695189364 605.5808917556813 885
497.795822980578 982.0570973966956 940
370.7678758366373 431.46108509004654 180
131.80380484950382 227.47296801644467 789
833.5984417761033 177.07512041546747 181
722.526629315743 760.0992277130424 908
846.6158416707323 92.30352158341681 325
329.9770897499762 121.12698446074666 976
880.2410321750184 734.0321794157509 1
952.1582324148116 221.5705018633062 939
516.3944365245671 720.6836505581325 564
361.4460988354511 740.9613308694562 728
539.0529221988095 79.7337921558191 536
626.9715585725432 99.31235429211793 44
387.4091486598666 221.59372139798995 888
936.5445303218837 801.1084314481195 564
553.4030437773773 280.68619505274927 78
536.0763394773774 82.36429876805751 180
520.3127183277226 974.2656250601664 853
7.9364125405007035 576.8174461066421 335
24.66070699813838 257.00941057223605 48
631.8676888663806 521.3245614845453 562
345.0228139350871 552.3187748171837 124
369.17866614753933 71.72254613979167 728
489.1496839237013 417.75491289555845 243
502.8934059262088 708.7823055942986 240
867.9320605175379 369.39612194593843 733
299.6501678733685 281.3968660028132 503
962.4963467524112 799.5864202830205 408
424.84439018970824 404.45161161286626 46
877.9086002179428 413.30642959644246 535
157.50756943968992 289.56979275383674 831
216.80682787034132 297.59123893996843 994
686.6977688199015 848.7347171545217 829
762.0779985085964 475.47091517534733 78
912.653521556573 779.9332807566503 488
136.1044959476122 512.4424694510278 839
853.0987896002625 11.145287995599551 889
4.5328714418083615 451.79477743323906 958
321.4579219276278 401.136477394432 724
836.7083555501008 340.08809639029124 821
627.4288692698464 451.0140819829024 478
777.1486750070061 706.6161973212957 434
950.4533075281654 410.90026169299074 394
81.49726545082248 85.99329524093491 836
811.7864990726575 679.0817394762694 246
218.67905612304895 678.2025408422185 700
84.13912522732015 248.11365402133134 501
663.0164025739487 969.9847993638782 676
74.81168474439504 487.88754956158897 634
364.56906341922456 594.9406279899431 747
404.7759832813831 487.0834017545622 426
374.02680814226466 496.6842912926568 556
401.2405213832866 837.9486158843904 578
935.6186133005382 47.64150692052282 109
659.291423769627 271.6803245681637 534
26.31915815995378 374.81520452176653 424
854.3368680415799 93.66484764069538 876
814.4883690891343 234.73719149005922 985
917.4084705460341 382.84025317351853 842
883.4262914597246 485.4263085376654 406
49.83202983990442 293.3357459664584 996
52.96831005449643 914.1487744660034 119
560.5811348116995 828.8250072004125 306
864.658323512589 416.31534060938094 295
595.8980144604383 558.5274331910382 916
641.7935594256292 51.87673787024727 666
760.8955665283448 754.0849365990273 703
615.7376793468088 998.5967284505562 397
971.715393591955 727.1961786728016 859
558.2905543134339 194.59565847143878 336
278.0239932624363 996.225095228865 937
642.6398167876927 639.530087736513 413
448.0636940912751 934.6198517271373 266
300.1998126343136 598.3408444236785 214
414.6035199884475 270.4686557515632 174
551.6061863935271 239.6822480913229 996
509.26963605425277 479.77529652849347 864
853.7266465197209 66.03459482726525 837
301.91336290348823 808.1884043652013 162
121.43707278614013 67.80606875289973 266
629.9523878733564 873.3939168364153 644
508.105546026694 694.810394325065 747
242.78717803635186 460.9680498814848 11
779.189980508731 772.7059809198672 349
381.12956907250725 374.87426772574497 98
534.962862783981 6.757456437026299 579
72.15407342184588 698.2088706362109 255
532.2815739027857 432.99767136405643 364
449.2988737086292 174.33861593759013 277
900.497666796776 283.19551540251877 125
82.02963480330172 716.2036399193869 885
921.2873513211285 853.1390079708192 34
54.23276037837099 793.382912992039 310
446.2165245251307 966.0254863822954 957
83.02285349784411 476.07733564221235 545
181.29765810542952 488.979427486442 204
565.2215574275765 477.41183813714616 805
908.660777393972 83.74490597444529 915
333.547179897392 47.649624746478494 281
923.3161917104673 67.79310943828199 295
828.7314335342869 537.9371835352185 513
477.6935221133585 817.0584578859318 918
348.1923805480122 94.41955969569271 63
604.8556392031425 218.1466552060517 448
954.6721714006426 399.4016643565212 338
693.0558560864384 546.4237184929747 807
624.1569433954347 867.2744692843178 166
504.5204978070814 406.1425374985213 606
107.79596488011912 88.97485617081612 318
368.907047084423 348.9430206113826 115
867.243383988513 863.3789614838581 730
47.68670448547174 106.5717683722015 207
889.0704721900531 527.6028220749852 135
500.36561807576453 971.9165835950629 820
548.8964523063275 1.2659339623317667 403
615.4726755615392 515.5055527784162 238
928.1177822649844 250.46710317083986 957
720.0379576080868 848.2672915402236 954
291.09253056861206 100.4983386037298 770
57.567624345095105 109.35638709949002 812
439.40432443464573 712.6195828252951 775
940.0938339174944 270.0804108258962 956
165.83495296072692 785.1930341864299 684
607.58067638535 408.1175869370845 646
231.12129050347195 211.80586150381708 509
211.45172113446532 190.39996446382855 32
306.4809421326349 295.2450522097051 53
425.874939559618 85.9600016346589 581
351.3110647622298 361.3009514980413 840
657.5568913714134 388.7515025948275 4
70.9644871701165 867.1439490361103 220
932.330610870603 296.7410039591555 844
73.10555688724496 963.6953563184078 981
392.5264332250119 579.7416411633545 595
497.2554625378316 230.1292724164511 182
292.474118710673 226.63950129573175 464
291.34867039588187 759.1605552475141 857
843.4237393685598 171.7379662434022 760
238.69129263106302 742.5170440027363 29
692.9003571208859 950.384125626876 232
927.9743131857985 885.8751321354487 821
252.73679936830007 320.85099190449375 693
266.6184586165653 972.922587654109 717
770.3384827892153 372.90749280748327 905
114.49307267433595 257.3180677497202 148
747.6247670434423 814.0761652766668 376
830.3234166632553 810.237169653818 246
753.9076550917332 80.02454680918558 675
574.8073955099184 26.860509584412885 162
609.0515146305718 725.515383289226 434
819.9328989782998 576.1807309685003 566
783.6274497106547 499.1264205003674 494
356.50191648089157 190.62714571311813 115
868.8628421778063 337.508771458659 755
373.1497028189387 177.24062115655047 168
655.2685790721355 791.3515981827408 21
221.9362874046875 387.5564757813111 724
240.92052909787088 521.3216183333103 145
947.2326939979145 862.0139806254965 698
543.3535947400279 326.3921796394672 924
794.5465213150289 939.272805895813 611
490.6755110108061 656.6490241496175 837
277.3529660237488 668.2740575410352 19
68.07304002644976 964.9558432378735 227
825.4183500208477 479.7151606313854 97
352.915642235948 943.003307442255 758
306.3477527480887 574.9694676586021 683
580.1731586697691 577.6898915888497 619
643.6855122596194 584.6558735381127 330
425.21819214282465 387.54696115061773 312
282.3633917980894 468.4389904744368 989
476.51920152935764 285.37409392751243 793
252.8625546386921 433.9816975806178 282
442.6104823846103 887.6680943653247 892
981.1561219889426 881.7288313079422 850
347.9019511444353 274.8378227361673 279
623.1329738885296 25.657959925032724 69
437.70705218190943 964.3313949878138 652
573.2182587720235 535.7081211876164 629
371.95973177190365 513.8728886077081 26
810.1419557806769 986.3039510686527 680
213.0376447922062 130.913977288871 823
595.1690262934499 186.93014541538355 577
214.36394321148188 11.098072479227895 71
294.19736573190556 197.41937276492638 772
101.66891435014114 64.58963758963732 174
314.69025352759195 869.994682776808 642
334.37686249508005 877.6895804188251 677
672.590604922805 350.33053102574365 416
196.07340295782382 840.7946188019212 754
510.5299391253688 489.7834696570118 172
201.2318846138703 141.6457287229742 752
713.8024537211305 21.222070035175843 981
390.65960283954695 583.9161721545253 267
932.0495195108551 421.2505449894175 2
490.3767459485671 54.38523239358561 349
613.5035381140498 609.1406113064362 493
331.8502876999159 216.04135525489122 644
589.6146574172462 725.3923721091726 923
213.7424423932678 475.0511670944613 17
772.5798137659194 903.550912511686 562
850.2129108985636 576.3258309250718 924
948.6288948207551 138.46067117740733 268
172.40268534223958 745.0124328407519 135
656.0473276975231 146.71546011690938 193
353.58532895120277 342.99966778641135 754
543.5370210989987 618.5635214669993 464
819.9518394914745 191.53241346806516 413
233.2627076918371 514.0336973698168 819
411.08646723544894 412.5275358982231 209
819.027063646699 671.7991201714988 537
378.18852787286505 57.71037244871757 56
81.54303208494996 77.71900193761594 432
538.5708477316858 666.439296205772 438
600.8371526322499 329.79715886443574 170
360.05627720947695 496.4911423084822 53
19.88239688803739 93.82362774417308 855
247.33566123307915 473.64660674083905 214
171.48748172146355 114.47926810217356 30
705.4148573441754 868.0507917379159 853
52.97814154654756 255.511912245012 395
867.5781974521566 625.5807528197068 949
802.5352464947936 790.3180590213198 836
66.7729164423937 643.6671555934531 821
659.6494569201425 564.9876229738558 334
233.86167841087578 120.91921563430263 36
363.5368367827283 887.1196385118966 944
386.04570197886676 634.2686559410924 151
70.09289628333704 239.38370459028735 112
219.8946216990677 137.03002003251797 199
41.636577037542644 604.4417420062945 171
605.2011983060975 300.961628632459 90
117.82799862259108 663.557005921966 100
188.03221383934553 69.21932997753754 456
676.5852096738043 775.7198872762447 694
442.4088870842736 239.52222315179162 184
496.3482488935079 416.1826252938126 462
160.79300716273082 787.454770344315 91
288.0587959373377 176.2722356966302 309
633.7089502174476 984.9104444221124 254
835.1697309686288 806.9085179659382 533
830.5234552793034 373.99234430099506 695
610.1045279445249 195.67567359055482 658
147.42892059316094 422.304049909759 527
223.99444596181462 380.4830382491976 233
440.6123141563525 100.97206653084767 812
991.5213685469041 696.8795549405802 615
327.35794434093845 726.8558294150611 86
120.96825429222824 269.17473323815165 976
971.1505929805516 744.0685077263325 933
808.5134438406369 503.0625509086476 234
340.90152112424175 921.0964716283225 521
301.16754274101686 377.22319255349936 625
624.0329482420389 652.7568876859434 546
506.1279969615201 147.59906691997426 939
699.8889738196074 553.2378328382359 613
973.7390115366507 395.13109700370353 305
524.8955455183556 218.3089324928289 685
93.60317042814437 547.9120534106686 621
405.8322316904992 732.5324238532321 319
416.2932580777439 754.8276134943171 809
790.6260654849458 366.2995935410318 599
640.9558795222451 493.8476512549077 493
978.742735976236 9.698581562390562 536
439.321925510301 717.2760685534219 177
125.34639661735314 92.6886941943198 328
883.5728868585322 582.958938229692 8
314.8281237921723 439.19863350261613 753
596.0419729174209 245.62553189869652 827
128.88899626461114 690.8308147077732 591
724.2672603562689 819.5914730365714 969
102.98564249623898 753.1926954643068 591
453.97696833960697 652.9672171625515 256
367.3265589527659 327.7078423072011 397
834.7676091797135 337.93935682388167 191
134.38663680171348 261.78998686178613 834
164.59779616571112 536.236347819649 188
580.8734820434385 555.0840790847691 548
300.5374058396607 504.5884044290989 557
567.7714418758135 819.0705502015992 657
940.794877317475 103.43833558544524 472
12.66578721116829 218.38460788379342 40
564.6562633237143 363.5919596817313 113
329.4400999628011 736.8403973325751 384
593.7926635528968 893.7250117129648 59
786.5440342785741 312.9349466801994 687
1.0077534727502835 496.23324081155596 33
857.5441260066393 399.7841514873188 458
366.2062899012418 60.5214736506956 786
596.1824893256605 14.316339829488545 221
182.18721771792025 936.7373989345623 636
385.7873388889085 859.0076034761498 124
363.78889932200576 563.0314548166232 951
700.3533841833151 379.24204723055067 773
644.3530975181475 76.61709212316681 428
178.5673828739538 885.551634905392 793
756.8790628604561 569.686132605371 913
995.9343960962698 131.7405975225594 949
535.1244478515457 686.5105818502244 404
362.50919686655135 766.6165418195442 957
558.2947506128891 896.100205952981 320
525.6603464301405 412.72047982464113 114
899.4202738329498 607.5576999083993 846
308.9347912786841 96.5948518450992 152
660.5148201944222 935.3099997254689 252
119.76001969719951 881.0643638729008 35
568.4828030355012 62.85547648350131 557
162.45075431197964 842.7387397633512 431
957.1023976489766 56.790095746641626 926
160.18120793913283 86.64859083349363 869
445.65562025075855 446.7715025231106 913
725.0641697823636 262.5145597977351 421
622.6991948378782 86.06894553880807 238
867.504770077155 452.3388229379235 430
545.0698954842462 240.28568065337697 136
160.4457032008686 777.0297621182854 751
270.73103474283636 444.6489900842506 8
519.7417150511346 459.30824009143356 622
375.3990164882131 19.39627208528949 946
298.1090059569258 996.9243155946054 191
666.2691655877537 400.04986325107285 384
506.0572004906332 639.473248213693 757
883.8419834582826 373.29699231112943 879
912.3328004543674 356.8899222659565 285
721.1071002786832 971.0409942506202 288
977.9023858078407 56.08470465046045 287
85.93912108352986 587.4950099177922 436
601.7527887020844 484.0699364715446 655
333.1563879063024 839.16668621456 769
299.9262848320774 407.3987861787486 63
183.519172574384 83.34495355112304 610
346.97359988928724 42.132492213712844 84
566.8772216498833 423.2528359650891 368
137.67281168441846 143.97007060577627 404
528.3924095891463 815.0317628806424 96
804.933908697577 634.3372071764363 379
297.94723891104337 700.566364207802 58
552.0837256937266 242.82019627007978 972
748.9626395060587 827.3025710737719 341
701.9169592712735 384.05895876253595 118
859.5348508778998 281.6092790637306 47
221.50846633667877 40.20468778023867 797
786.568335617598 870.3884406091042 97
232.79339405948107 967.2957234288895 78
752.6629223045956 93.5383451232643 780
470.72021582303825 938.732279714957 588
832.9079796031168 858.5605940096156 893
903.0612620783126 656.6735595927693 59
128.9112277453226 723.688562198001 272
692.2555779711887 87.65104530316692 895
480.0983300640903 569.011700943107 524
764.9264717371224 196.35126941303582 755
212.59136371187572 390.85759350263163 747
553.1975520554552 390.06063274989367 557
559.611654066471 170.84577595872696 666
636.0856472682287 155.12423399787522 557
741.9575134426059 347.4750001400307 644
33.8051817521019 894.4408182548757 639
191.81756653390823 118.92308180772804 607
744.3790689776213 854.4356429020492 434
813.3731309022226 989.9535568781939 941
797.4706841843858 85.43025893649947 797
552.4619728876492 0.9820342761848178 3
349.2087491517977 63.047611323759135 542
652.1277226331364 417.2016729102804 908
804.3165321725842 601.6778778628087 491
232.77554849981252 795.0208444131073 768
268.82127355478434 204.18553989000566 6
941.3046166482484 820.5190057163604 447
187.8723791751392 600.8562830199985 714
885.3576779513427 81.33430189620671 578
534.3076012690486 963.3982503439908 786
230.26015429098345 813.0125844880275 111
181.8806675427085 839.3020409563641 818
157.3506107133126 301.1293785717721 729
186.3988807700525 780.403230476301 789
649.6713705149057 654.591876640354 548
694.0066637912937 290.45532288728396 487
36.38092417480598 723.1542833564228 391
498.6159993073591 879.0772260515798 344
592.3489294076494 852.5977403902818 798
956.1344623886782 55.47332464984389 179
625.7963827952407 591.6662578016875 319
47.07044398248761 973.0356900031837 967
18.784500997131026 744.9207091176111 39
148.3189228458447 116.95000413654921 711
185.36097320181588 233.16680148375357 625
819.1640039692577 623.5212756558105 478
689.6806606410946 927.2853753976691 339
640.7638372183528 371.29250169036175 217
395.3621249192539 308.29022796049253 563
476.6557565265603 114.4536858813644 149
33.09664910998844 353.0748779516861 994
591.5381341100103 209.3340312294204 127
452.7658239722233 243.26573493279247 934
902.7917372336502 915.987169818852 187
406.7890867751418 348.74428633486343 135
171.37446590836026 857.691575583533 874
70.17073310630818 695.4161841087509 14
630.5014018113595 727.1560432763324 258
10.068992267270094 982.02293192973 919
405.60836218962913 685.5011399895321 728
496.5958178766015 239.7529207383624 347
205.76923366776245 525.2336477433017 603
643.1199341392186 134.12978443115753 853
624.9614486211575 871.9382486353869 496
272.71042709366264 165.43392153823766 930
102.26155072479503 579.8492713921437 963
341.9598491542252 856.2730287589186 16
701.2763438282769 478.82506519222426 306
131.4693157165937 456.8786034180493 63
612.2428713509056 861.1321655233218 294
629.7064672148098 151.43584059020333 584
612.2159675231466 963.5812328299561 642
457.23094143425493 476.3262343818316 22
240.20030479500576 640.6029680046643 604
744.7890408526711 572.5059944134255 725
551.643631156903 848.9055964307582 734
456.65888143120725 30.43124502763095 544
883.7950425572284 996.3796431018474 902
999.3123831809771 170.9399670849764 396
993.093670275023 615.8360864694506 461
722.3297237178009 816.152160586246 70
831.0101454575425 913.028152113179 96
995.458802352271 357.9828450583245 487
739.0776600693613 59.52489933997474 989
532.387769636417 73.4568755615852 247
627.8054871566394 92.21521790154053 629
990.1445101251377 957.5676148212756 859
803.5804001163515 461.5148724314794 210
307.96443408452745 230.86129052459802 726
785.7896728954597 432.90512385693813 953
295.7191326188029 216.72114630579708 237
54.01419445671907 815.1048526157296 237
223.05292621563189 119.07977563499949 573
174.01916259965776 674.2175314155479 71
269.2865374780832 548.3175538317809 555
567.8119732448469 955.6305805808768 953
893.2279612589439 715.5435025073741 441
793.2706811683753 325.29697180379156 56
817.5544446778413 545.6907017280216 756
257.8344062627111 286.71560114885176 772
859.5147955604792 449.1854238835138 526
552.4604732407629 556.7519732663777 757
360.56014826420477 264.29042417638993 351
496.1392804242426 621.2693119327804 312
525.7539133610283 578.125812699779 651
261.512588467381 173.6588088124138 451
661.8411071970125 135.7153606245819 964
28.360900446727676 652.2835236199028 598
532.5071228063224 32.513262059992385 555
127.98159170067503 602.8332930287656 755
651.1666442266688 173.1685977752142 423
723.8437189932818 373.6572933156558 143
814.4564658106715 582.7759243299721 539
227.80183916651552 587.9857151864799 618
848.346363944525 460.6172728555512 941
21.780112605565783 569.8938791444249 334
663.0229418824227 395.0878710317578 751
717.1403413871349 343.3148089105569 855
858.783480445997 63.98106075975274 736
189.6220290058581 228.9452066778629 12
272.0299930173071 687.3843895687769 672
931.9399778699702 969.1807466619898 317
316.01078658039137 603.6609223849283 34
965.6480793135339 184.87161167884713 352
973.5933266548783 572.340845407189 417
802.0303709676159 119.05244701152873 584
700.8636900195652 301.2481630539497 255
58.653613917285185 331.002606350376 182
759.6674751085068 507.15449978761995 254
276.8816276346374 774.8761473315077 984
30.571712442595377 331.9864287069051 574
432.0863609272688 17.26464029512631 812
351.6943429236783 643.5690937848065 920
950.1266712889674 287.47985615923335 373
778.0783652389827 975.798765815705 242
278.2034697720772 519.3002499574717 998
607.8615334566101 603.5374927200055 293
287.2355265803397 600.9526206422355 311
355.64713330504225 670.8108698471669 784
978.6785491885133 765.248789077985 424
31.666295941755294 889.4236410667866 37
588.7225872817354 696.5251333341319 368
87.32794681322586 882.1730062541185 678
10.191224360191375 534.6604017595395 39
240.61681831306169 39.77783438306337 956
919.4047900957662 211.1769491346388 537
871.3811843679267 822.9342396199763 76
125.91962831756653 312.4023656229651 996
840.3412714791893 606.7334286518532 366
906.7336123287007 960.6018401444786 435
533.6666546764887 680.0881967894787 943
394.7540936549612 577.1903226568093 387
831.7624875932181 68.82965653776085 275
313.8231919225155 937.1052958277672 990
464.5798011978964 627.3314953411038 215
53.217164261276764 401.0138119285648 344
726.7097583092303 666.8538855008916 645
907.2651634756337 339.60000232004904 261
544.635174208715 923.5834785283693 17
819.258072835998 267.5479587456643 38
468.4349158734606 901.4936214261002 395
451.1504562201504 296.86990195729027 185
199.55960148695507 43.4764857357085 41
846.493470653751 296.9146369122574 61
593.579138777337 816.1766434478409 77
180.33290908038714 78.97830068547684 842
254.34955215860433 972.7482315641582 122
111.70153032162156 836.0138862449842 218
465.9165112105356 398.51978271694156 69
246.34787493597153 894.8201081772237 462
448.21408100192684 426.8601510571659 755
101.1604530173944 944.8855286396252 353
514.161276752992 720.5162943147243 333
955.3257653344334 848.4108417285931 724
68.84050083894422 13.64887177884022 483
556.4036498489675 897.1792605190407 362
625.3122342902776 390.8590630622757 844
630.1464070256372 499.8420547134904 654
234.25233926999124 566.6376263361734 899
521.3903904203635 812.7013330690495 535
263.95245550726753 650.4419057913885 374
307.5932415883541 527.5508971325421 204
101.97561197881022 914.7898371192744 965
300.8684062899957 542.8156251658492 795
519.0489418002579 797.0511353840801 334
200.30933317543474 760.6469047323369 272
390.1157262886221 409.9409813370439 956
438.311314601331 826.9875858540373 418
853.4059928265066 39.830795379592665 516
274.12685384624433 982.0289699058931 593
538.3177492373487 12.490571956741746 791
983.5303329030398 798.0259506486707 221
564.6889324422934 153.7181613746259 97
296.33861679450257 773.1661080948348 166
855.7258283773872 946.304765999088 156
347.8601719331581 75.94931430443397 722
497.3730661836039 509.24224965688194 564
966.8387007522142 414.732060549021 308
865.8882079470311 265.8864852168312 509
284.22296350390354 864.6020212899251 65
715.2920999163445 67.13883268304444 342
651.9948772117086 409.42940739982834 644
125.18771576291732 359.5421303507673 901
464.0862370045038 960.2606932719488 486
197.73429707689684 661.4358684099057 998
367.6244667366373 628.184860955127 306
11.603601614757597 660.8491014339157 373
302.0006870168838 302.51335676926504 302
110.41830147185682 159.37030982810873 248
852.3751495296406 427.99215237055756 435
252.06526786515659 819.3658905994675 81
100.81571883353335 630.7764342087762 986
776.7939057808422 954.4386234315951 833
599.7002272422081 306.52207307951795 959
810.6211073197971 517.3073223012794 761
624.1641725807604 803.1050506824687 634
573.7591737220246 932.0977180225492 766
971.3446212438881 237.65764101822128 55
994.447666780913 43.31482297815792 580
825.8773199816428 699.822663819514 546
956.2465578588419 823.5426183175928 622
409.65832620634956 607.7865287809009 950
298.08925192158983 591.8949837211662 680
652.4702392766624 64.89253090835601 151
310.41720798059083 448.95310040806226 895
221.96758061339273 259.42481823374817 767
908.0969490816356 109.07387031051086 189
741.4303253797589 468.68910462007494 39
25.205465074097933 770.2031125531742 831
674.1856568022731 403.2107525931505 436
94.72159819358006 905.231701490307 795
957.3254444073442 498.4087359216349 712
412.57879948824075 74.98119348438249 532
705.0990900940544 93.76644406859059 636
11.622472999035516 450.91244897329096 67
228.59663048029066 24.011651324187476 308
