427.0484032845565 181.8854229671726 926
746.9238197294187 469.0532967922444 643
606.930490039919 105.42626921533483 623
307.39119547530123 468.21757198387036 67
489.8215881299587 246.55080969668032 452
293.1340105750476 36.31154301875672 260
138.82806385973757 228.0529253801702 746
913.1169390212286 172.32690655456028 82
444.85332105829144 956.627778904077 885
266.03803120980365 22.313724360094824 536
465.5425830190746 208.1419702215751 973
979.7296517183995 439.23518735577693 409
240.40225156900252 991.4403588390328 772
258.95568992458027 706.0535974591298 969
427.388381048221 716.6818506242345 855
845.0526300061863 274.51437408126253 166
819.2701252394979 309.6694255728053 789
854.7374514372091 285.34851728676705 51
436.7742041696225 686.0708310402867 431
220.62109563521037 758.7564031574257 490
217.31007763011988 895.13222428617 106
809.4997272039438 252.20104251750297 447
222.05746365858968 383.61259929877355 392
288.1349475885271 875.5716088726228 755
666.3465095810942 379.15070076038216 732
616.1229783357351 555.7494348497779 132
652.5306339791466 805.9075417199024 481
2.423106987203716 2.2275705322810646 903
691.9068287288907 927.6727466084011 500
737.7533924333203 59.51010064946771 710
752.9161330684036 895.4509159559393 762
538.4869587896712 576.4487216094344 503
603.9983651527782 561.8932178580618 706
887.7656907682076 756.7389609808919 963
773.5615200393767 445.9830284723059 455
788.2519809390349 164.97108918363156 959
228.63528573174207 847.4301320991337 405
261.34302807215647 651.2096615013332 376
922.4449899565556 938.2375471594062 783
325.9529076928812 548.6595673188565 176
139.84922152922152 828.7829978994075 470
791.2475235016378 958.0959162327496 60
829.5451135475367 429.6649450024157 135
650.2793483879799 294.7489302507358 414
615.1343710533404 97.67820824853601 642
555.6009121938728 809.5497018118697 493
810.8614511403005 362.1530116356948 783
400.6383563177449 707.8730636195667 84
952.1571046095635 107.85085292809194 335
706.4759831774419 19.96173658040057 249
230.79677482456452 953.7601660676567 909
970.9110221243069 476.93007719453317 762
339.64384583469507 742.1724425257324 119
907.579728870295 972.1476347565234 64
245.8400801578343 388.7563684036571 706
999.7521237300829 568.0300262834627 248
112.72398495866076 578.821309806336 214
776.9435785878738 805.4503701216889 586
772.7094065067727 106.9928598858374 280
939.7270132953842 676.5531317309916 723
228.00860236417043 498.8368380238691 191
600.8108016446708 877.3915786081034 108
20.625258138343373 792.3007534197172 908
887.237600657026 474.2262149000017 802
769.3969846901927 609.6284799311932 791
420.7894558862857 180.97149567303595 924
423.2326474428615 949.2598785877508 794
841.2315237345293 79.98553201239677 997
49.42819591309877 474.48523637867345 151
438.31277191021223 553.1090820921968 368
398.04077578853446 323.4595120891418 46
719.5523736659072 838.1355999569879 996
621.937941445052 915.6653058883778 917
602.6938059891738 215.45815392367152 865
352.7602921621247 703.4978881679714 880
777.0141657918136 444.62849479154386 508
126.94462523658379 946.427054441318 222
694.3227949249813 532.6150059786137 596
172.4507159222082 867.4400229121393 877
345.2959504936768 544.3938049115119 251
662.8450126483772 67.05377044731532 379
379.8598290881966 523.672519496018 470
948.6694000724035 887.4433718910407 466
898.9815519124202 445.0509018798745 163
968.0702093957493 306.6552573248643 932
648.4425237386188 307.0115291036793 88
533.5820014138768 847.2895139022501 690
948.1914470656646 667.7841944543352 32
557.8611432795873 455.20937519909785 701
680.9829464204963 845.6447829484367 291
997.8642648308988 844.3042750266948 680
272.13701595140185 562.8156591792485 597
35.727543619225145 16.098250193633202 98
722.632663818875 180.9610914532085 305
76.2490234179135 223.99970348390053 164
204.88823523182342 129.75177208417134 564
157.17064336281229 897.1948323315635 939
985.1103670578307 51.54264387218033 826
608.6787384807878 142.45955855639548 831
611.9976614461152 190.32610820767914 410
690.7748176290361 879.5708929363217 896
231.28826457449782 956.1360323834565 279
51.632876304138044 175.47468200558646 291
658.3115631848218 299.3711772351 546
391.9852531738207 622.828419757562 604
500.48682338793725 367.21712182536714 593
939.9251399084234 373.51539311911665 994
661.7500410823669 810.2005273628658 815
249.06233705449176 0.028590363633451688 930
588.7784399135387 874.2506339089981 893
872.3529824258679 574.6610842328256 998
149.90676064817154 468.80422713097425 863
588.759039328943 520.4773783657948 69
883.639178181317 308.6614724276686 504
521.6398098165644 119.36663678437421 342
312.51574500108194 680.2379044882697 30
298.32541349476094 576.4143894644959 813
315.64893635421885 925.8661982773093 573
105.95688930476521 885.7205735573853 786
227.09265959083746 553.2264681774398 558
917.3873120482245 403.07731785237075 924
15.120516125698646 979.8426691980623 986
232.66162215449205 517.9105823725972 585
833.9923112051629 846.6008539850939 951
439.877137406779 551.476303773824 357
86.06188379527336 295.40436570242633 941
544.3131921818451 809.0727339866651 768
448.2716534601124 12.845544323150548 522
323.3372407004831 917.2138985974318 220
488.98590391027244 884.2285811116543 275
924.3667188549482 328.72465652975455 284
314.80198995851225 644.6276608336888 875
265.37160224618873 309.31185596799236 514
756.2729381761354 701.2500072271275 62
601.8676563449235 756.8328958394239 576
604.300478179695 838.2341876506928 563
615.6636248508186 817.3354278749935 357
106.24182394973536 855.6679917992826 443
451.48975067667953 195.5221139973392 183
333.28277781008484 765.2822073622598 678
123.72264284442403 738.6088207629617 649
735.94841517681 914.8072774167433 281
405.5424734716092 497.0187923159739 64
834.6956596057865 251.26203020031866 392
879.2309201631882 602.8248017703783 613
957.6377439149521 901.0763404931466 490
619.0956976958834 851.0197438091885 181
528.5233847582174 796.1747077133713 159
514.5748890219762 689.7142194258688 634
604.0564076174729 702.7252147783993 320
44.674314782445215 355.5947108062881 699
61.1691053432527 633.4732077827883 104
478.78414695292804 738.5436072652057 927
898.6476637339166 440.1792065221932 122
565.0496794757007 111.59518526362999 121
121.84214307345354 279.3866718944493 212
870.2232765489161 20.45244227320364 954
667.5156185073938 878.5212688377796 425
975.2328368397655 576.3364348753207 963
439.88298212469925 572.5584828836248 305
22.296829177554823 33.41345368203985 810
2.9723586411376512 637.7660612175546 31
240.52478668885468 584.9967394436005 93
53.255354202204394 31.667442377820933 922
389.85038969529404 214.0281188528891 731
535.5675366506676 11.845779477205 67
838.6102560922502 44.052762481896494 561
619.3396287099575 728.0711195039714 363
10.424837783849728 637.332829132797 366
944.7799322880879 161.661638111813 95
673.0511531621905 87.96082331891375 366
337.082046788258 517.4454112042256 261
482.0145395211726 654.6276114471374 470
798.1692733132244 669.4420275381632 845
634.8612501654079 280.21824538300245 503
135.35506020078725 194.93148926219172 977
489.9765156251288 961.3688889953022 937
36.085825578881625 705.685280127335 719
740.5582224908221 695.3546338128233 281
873.1785113521156 182.732345625109 22
456.94464343324205 589.853657314218 838
630.8314938799832 354.16474255643595 13
692.0083870396488 77.91817109145427 644
942.5439928461636 729.3225319003207 98
213.11806674704624 264.77580705215985 666
697.9883004024663 999.0143704261236 235
855.6558357963614 549.901796899865 328
0.6761898099093555 608.8043459620221 922
709.4357782788965 228.01954877991793 884
586.0391088389023 288.8672787644945 535
457.7478767362393 83.2677567449156 222
931.9538172940483 5.2186584968687555 61
841.3039057531173 141.8165519844522 794
126.93718937426846 930.0985888061523 297
215.8025211633645 924.6621253093498 119
295.3488391225346 393.4621458622954 231
633.9553212152567 612.0594579680112 653
389.97749396143365 864.6621857044101 831
859.0896788383104 550.2762648573167 438
178.45510186780712 688.1165814037505 880
194.16194643070872 928.2188007518906 4
34.253652380634826 602.7955174863652 51
649.6532166062634 140.24221473847297 818
537.5421614199859 398.9575749447454 296
830.0886166460205 589.741674087103 440
271.906801639747 162.90361615335624 932
194.4515151765518 478.8102032416621 665
355.03973523241706 90.07441554377127 440
226.51756809642887 240.42227592373976 319
778.6871668945291 595.5718011531028 777
755.0995510193699 614.2817087206384 333
366.18502509910536 277.1706526365664 994
912.2034704879333 750.9579262981223 896
723.2472869584493 177.10359108568417 337
821.4081517099456 164.27892533179943 579
719.8992608843746 182.71998044727923 432
117.66934593923372 987.5836470146988 843
189.2868788975114 197.84783480560452 820
373.0251667038237 59.937275941998266 609
597.4277763865405 257.52792695119854 707
886.8895368646005 140.59821284517815 915
690.7041460245719 470.99334617597975 231
15.142496763968394 46.34156917491017 972
880.0952179370826 54.70297527987766 60
760.0532204450029 887.8814774428533 339
75.03461305169267 717.8313890683089 2
260.2945174527481 885.2224984268984 278
857.024217677751 481.97078824846164 460
525.8449734107762 86.48916191428069 150
104.03010864279972 837.5613066085895 107
134.2840326428324 482.671476339017 125
484.3888587545139 138.95918775982253 28
232.53845688299523 202.87878621014465 440
291.77992472890026 706.4676165636878 45
410.86585583177384 360.41295222706873 699
674.6412186324209 396.9269818137838 491
31.707180966373816 488.2547963878719 554
798.3829516649521 362.43454813559595 342
600.0008615962764 357.8083591187812 379
170.75822948122098 543.3070626122417 434
843.1911218021177 810.1395465492807 395
37.05194603344175 973.0260962413822 476
15.791336823450685 387.37432730926855 605
625.2413822908317 311.6034091351363 279
424.0660766480984 69.59661582523546 919
144.62725735471403 312.7675728816036 31
770.079495126518 170.47000619856655 428
603.2735783281629 413.5464560750962 125
520.4791961739561 550.0909455230183 32
284.6465522023983 228.34380198200986 126
868.7712142626913 531.9807875730266 178
654.1515913161564 762.8249085371693 177
93.433167204238 351.0661059857515 116
395.87238149813106 160.582308317038 318
83.60103486791337 169.887611039535 1000
499.881890792777 359.80887122085204 237
828.8824930648295 400.9744440981943 772
289.52734547289106 380.67498373113193 873
682.1030212887698 817.2304740807689 673
920.1935236960459 606.4899360362496 575
969.802939730632 865.6900489558391 980
465.9553037730638 544.649497228288 631
6.167897255637489 697.3189163482883 849
45.164496303670255 766.0750229566851 365
4.493689584370353 596.575881755052 675
480.697060383857 227.7282535858226 777
462.90669081134115 356.2351114060597 390
960.7410758544612 568.7289526182564 30
154.60165288127524 376.0053551162665 25
677.7145565556409 586.1815865811415 494
898.7563231254994 386.95452108334626 296
716.3707266682483 228.55520525188277 325
60.37061652087916 896.8879365311374 630
454.3926989317196 397.7406394096954 395
952.3364373057418 757.5981980162467 975
540.2114306964927 977.9442959792447 477
512.0412533573436 922.3718301833163 779
184.12721832160506 821.0745739472715 587
161.66888187844276 638.1815851697114 134
260.38719294700905 981.5494765479971 831
689.8208470427022 284.8304725748101 439
987.3341632044157 426.3133596987997 887
126.65171777249817 946.3696715175338 528
881.0327593097985 30.899146897697793 163
331.6183022583907 405.87375366252445 476
677.0406951286034 127.42964718862149 150
153.65465224830487 527.8817471685996 646
226.76402875864844 510.0875716352758 303
368.6806121624913 453.3041464922031 351
629.6170358882614 504.4826468008514 262
591.3118490529487 21.312088613736012 998
105.79508201373866 521.1988799362515 930
210.46194299896325 82.86801430348478 395
571.8367082700936 409.27620905020734 694
729.9120309681963 214.73142488655094 641
971.3224156037677 174.1234072435428 453
313.2433078069571 6.938726198707723 422
91.61285066875413 316.234208731786 829
488.8904960475827 152.81715605926917 622
393.6456088271133 227.51723379293387 772
269.9186893956622 20.9338466077581 624
196.8285279693084 110.69603572072818 873
811.7487222681445 363.308358836223 540
986.2530757014026 490.3316112518527 70
62.99518525611225 760.1748847656736 284
540.4022495692857 791.0482833949234 478
296.1837992652343 906.7138000857644 101
325.64676752653423 153.08649518052064 588
222.17316702410628 360.92425331692937 593
890.7794635316923 786.6572347786087 24
965.2575490822467 286.9215825052996 243
463.4879536358732 921.320407755286 296
124.02509397450811 33.45078122719969 40
281.8570968806281 19.53656292060424 430
751.1432591538282 496.6990597557902 360
153.5336593049653 592.1411406907816 925
631.2866212055454 228.59571344391006 306
977.0324302830152 157.10980504109196 428
199.80390759800005 446.9660153955104 47
974.8501954544463 602.0350653878517 61
114.2373222078904 444.3882471570959 568
67.6750006709117 252.84448610613163 456
43.60861810659888 208.45626438208674 587
891.91449111281 732.4065778556823 78
317.35129856716213 270.1759438547098 340
677.5037106813838 830.056675403199 360
921.8629320765399 937.0305135334411 805
75.38820516976752 355.175015226756 910
691.8140894531084 860.5650399595838 9
292.8072913304659 820.1890398782505 891
580.7892175824037 639.1930075780524 343
403.6678903015202 628.2568757285748 911
632.2515446010967 684.0824627249702 285
682.1529869071627 441.73635859134544 384
386.1725464995165 198.5130095634412 791
268.66528492812324 878.2816147651156 19
159.26278268261086 102.46221749436701 999
979.9417969156456 930.8027880202754 280
157.3165148088449 574.2836514311462 559
84.18325263571391 24.035056604151173 197
529.7035655714934 430.8613897739557 628
715.3685070942696 159.99993073347142 828
563.5798767408241 686.8367201832239 970
808.6661954974622 639.3155979276494 789
765.1768791762076 622.5600502788858 306
482.3423249246611 350.76187919175027 11
891.7344646675662 424.84788451141674 393
861.7007027850549 208.01550894562914 150
212.1301928099053 586.7420726091674 961
845.2977131314012 806.7346298879341 629
501.78278205579176 628.3683030642702 393
69.63525022241245 400.76628238615143 149
304.2714022670342 947.8957591967911 239
269.378088825011 392.9223124645418 462
454.5209940400348 183.61050454630524 297
232.86407187983383 922.2925976486415 720
317.98631351546214 108.13109355095585 350
541.575904105798 305.2762190589278 966
758.1012981127802 965.1066515622532 553
661.259355511627 444.7759598498573 876
379.3491774816157 353.5990394532348 648
617.227541658265 921.044607083255 192
527.024332807033 840.9350765341242 395
644.4507279659165 648.3976963183748 545
154.2317279190346 970.4858155101861 252
110.17275645043189 598.3474160894525 559
788.675318510936 345.90893781354424 198
579.7922794491217 310.4185634895404 861
210.0020481300805 368.91969229320586 968
654.8916702363837 109.6940322524661 332
463.79910257322956 53.496478651186344 235
561.3991746105081 610.0694583435882 423
254.53493315915742 250.56555394272607 542
766.6343823249055 213.7253355046681 199
898.503809057771 315.8085561841849 791
929.4143960922635 709.8872154691556 55
659.8908383302359 589.0513189028388 194
381.45332607030593 185.43222419203275 473
645.1813967487734 204.29790860200436 423
664.5322491393201 947.4422093883641 681
699.8914004924039 212.30873907726155 502
560.135668596682 627.7790861753657 34
761.1578495130058 449.4706924588774 698
111.04197431608786 359.4326951008996 939
727.4659704592957 832.162440544903 651
634.9063203678987 9.509693144858389 452
403.27026793171393 243.05681263692293 729
252.8065882360331 561.4517383746695 328
840.8211437353101 183.58880649056607 270
809.2177345228239 820.6695988747832 195
783.4813069287412 750.1871740856625 949
294.1185950135029 765.9028331077191 90
257.49623762150384 968.9690142224555 670
431.2526304523282 687.6819769512477 757
2.2934788078148305 266.22009688511895 354
679.5680696160874 572.3764209341961 773
561.7874112629527 39.31787211987348 62
322.3821231823153 348.15726985405024 217
659.5761193206581 672.4142876825605 843
302.05501478533824 695.415003134284 335
581.2717175283132 504.2746707445563 585
57.160384790635455 151.93475435759686 36
608.7932897927446 868.736463987049 526
304.80593358298216 503.2727593068316 929
715.9800886220647 340.0300853125562 483
443.43826288756094 569.1269869383001 228
666.3435806745304 788.681534878826 746
773.4257695354495 751.2856807808579 197
277.69604069534523 354.9794072219957 632
901.8383147248204 502.13809250112485 566
115.00722885220083 914.3728001655929 540
729.39454962564 178.1370875634457 329
28.046888057181143 233.46186146412273 172
293.6206257975871 992.681038701695 287
107.88651458243825 339.9466756680115 662
142.4935604182944 858.13796329433 604
303.11951000008406 82.77249950676845 993
522.144506316509 344.71673832836893 661
501.2589796492803 158.41025967375344 448
28.711902847578852 331.07672205024295 125
766.626821029536 576.5178906576366 426
312.2140008121407 262.4869113688931 474
543.5833842664791 269.78731061684067 2
56.688666201047624 9.615393680373451 267
667.3916983715137 843.5559756860994 784
570.7499070539412 287.55596097767676 265
245.9701664200552 530.7318116486294 431
184.42829258826364 974.4056896985509 377
299.479753825603 287.6197616129168 765
114.29107218198365 431.34709215183284 445
562.513738841672 678.9066607415081 478
148.06513182502113 537.6207233432443 577
672.2211508990952 993.2411656792901 930
840.1578221733258 301.3708751763299 114
417.7080967180914 616.9373967891382 306
890.2597357990214 615.0124276251872 396
989.0376196512714 51.403386248591865 993
789.3945353527954 475.68232492128084 25
957.5364417134538 941.0420510870453 497
168.7760711651969 617.7318229858665 514
949.1146595930194 5.103588085899835 590
549.9048314277453 728.6284433561012 772
167.77311812588658 659.031332433649 775
510.85788783195227 287.2586086334321 480
296.5398014055238 458.7867131093335 659
293.5668323132448 795.691859843851 366
309.9630949893145 660.7309404193768 971
702.6511906790581 403.4935302470532 211
758.4841644725847 310.41076991364446 314
457.1643202816845 426.4834873031598 973
70.4752233182937 837.5542195305487 378
910.4664767793921 992.9257201910295 645
152.40147735366537 315.4160737517253 120
853.3412121954512 944.5678234655771 281
953.2022367273822 500.9370985576697 791
662.4667953425896 593.661083924895 467
211.0733228413707 119.0039793294011 944
845.9750102152132 254.5027946020456 835
271.57973859824847 439.85920189788806 776
706.2089542972914 540.0328190379762 697
308.95962238451204 958.5624657341301 613
706.5229367694197 724.7187302434351 654
782.8815485465078 331.2023589222499 258
172.32052663065966 815.9323752960081 49
801.1339623507223 489.8270100433176 222
110.37348113055224 184.2259938048938 956
955.3147382409786 977.4376529786811 958
67.86054892210547 357.5620640397033 168
619.9690823512914 839.1501774689016 849
28.137395087660664 219.50051133665437 213
27.424011934747085 48.02735418201021 502
185.35983052022743 857.168542206976 949
514.5403371468882 360.03326611039864 913
590.87511793178 11.127746367522452 141
493.9306121817693 30.81940216925172 616
701.4133277412168 382.44761989659725 724
312.8009496369013 904.1471914743707 309
49.62298823208155 413.1530052009348 901
845.672766798063 0.8018229829400703 344
338.2107365121158 302.06968998344644 17
706.2120632783509 484.51140204904056 639
775.3699373930966 114.89597574108178 256
352.9753969981961 487.62825957302414 825
280.9785053166091 411.39259147146976 946
330.2878461430525 294.9475328160548 213
106.27617461241145 152.98019527830365 431
772.5467412437097 959.0858099774132 908
596.2074307012412 828.5049338772112 549
72.92550884578696 470.47199305578545 314
512.2832220274335 304.0612051074666 666
96.93909627962427 222.59771114151772 336
392.909440791219 68.49134912273102 808
618.9054679151302 689.3851587259629 213
135.50607208947406 370.41549905412296 418
482.83503835066534 115.61504196350236 82
404.86237506317246 857.3772968636098 834
534.6948166857602 382.43261475217906 539
140.96295424943582 920.0901040509477 330
848.0212119855297 294.07104234512906 770
866.837523451783 557.9929569895066 470
487.0963303580186 726.3585173176322 749
580.5094611355703 572.660635797918 703
47.62566551034053 595.9529558363254 734
151.70520737910897 320.4680363018777 169
945.7151099028055 357.7395274258337 199
5.956398695103449 679.9050659001173 528
131.27544243575485 70.2200457877079 797
549.7873787047035 824.5467558537338 14
581.0376466797525 113.62820294274056 249
80.40999239089486 587.0077706711215 349
267.5022868225547 304.05837450276516 267
802.82108219589 906.4032211394782 234
388.54132684339925 925.9084406923218 556
628.0900480002905 695.8807400846601 76
627.23506992625 655.7527161464626 386
462.91880404399586 412.0724154063794 276
901.2235308236228 135.6512815458163 308
35.65548934898277 216.25581413870842 517
267.81664815599936 277.3988814947227 84
634.1641460986824 617.9856373335814 179
163.0689075925139 798.7315255638017 245
32.15870800445375 901.1543939791121 670
24.206482043214294 788.8211250282893 705
392.8099654023548 20.741960689563133 231
37.0161172849317 389.9102438503539 753
528.2457553149424 995.5898112671 968
11.647177756016536 561.5983766129373 245
989.9435092972955 233.45407074651848 688
525.9960055700268 254.2667630320913 608
367.78934610059633 854.6172764713967 620
144.61708141308617 197.51691990211128 836
43.59302335165993 218.45556055756742 459
38.16238572498543 713.5973561943763 974
771.396762214164 237.85275029169327 906
290.9342451641698 826.1516579228659 881
383.04556031071814 489.44462422865075 739
448.450175360942 480.17800138869006 341
945.3273912349908 590.47546094394 65
173.2030947159674 48.887617119144245 565
479.5168192820162 751.8274014349547 2
244.72210744121924 102.45510388446321 265
908.8368814367772 382.8576631344822 403
694.6755463326157 556.5031673348142 726
553.860385606197 198.10412078763596 339
947.4227520341541 415.64917012054815 646
212.19904816313772 543.9605013413868 745
23.282167905087746 131.2248594288682 335
509.0405504869141 253.93668367732658 471
115.90794466460908 117.2699777591304 3
233.03469951369493 216.75833211964712 504
534.6058407527374 585.2635175375394 547
484.52984479182015 836.0075861498041 138
840.7930076850765 772.626293326471 506
209.69253766663786 284.7556166194383 323
133.4840337226546 320.5938718482124 186
560.0978736738464 100.80829839292448 663
316.1090892589422 406.34306805012454 827
247.55852610706964 921.6604940717838 249
621.0884286305945 683.3375682680495 911
536.4355512528637 671.5819610566841 493
570.2873556612334 284.3822014093379 236
406.7427417997098 23.891634252036443 636
740.7110383196894 895.6241098525333 524
594.9022751828877 103.33379311323709 848
120.08613643729727 703.2986274183146 846
809.8534563967303 655.0237153283744 755
255.71281765255472 287.2900457395179 248
898.3896799159096 531.0079952622432 940
293.8607028051241 391.8718487821268 98
610.5540387016978 173.67008466188705 820
507.1712298350447 544.7407286133271 115
704.0455543753137 409.2849696587395 281
692.2695311961959 226.60288937878005 257
673.9898614640861 495.85045368910295 834
519.8938466337295 655.0262857622641 350
813.4538675856144 150.0124155475524 450
282.42457756614283 553.9935571838795 258
641.7728944508405 902.9163298111938 578
106.52584589903525 379.41674868295405 405
461.8230175803868 288.07611254725197 881
328.6977719944598 72.43279569879213 343
291.3313384566495 796.3711471998924 371
361.14101435753844 727.7414498694991 162
264.01401013580204 525.6929786886552 585
670.9353705553556 135.15155163995496 5
807.5087368138976 119.37861988080711 481
43.24291786231305 459.5178376634169 899
982.4941580272103 875.1124934441768 296
455.9497193070473 216.88980972897454 683
9.30741666901891 265.15813249127183 638
507.44268049558707 884.2076331751322 767
304.9228320203342 406.9803591121235 514
438.2769353277386 742.1024595116335 143
614.140751719566 436.35140779635395 259
607.6051731286127 522.1096487279747 91
60.006024546177315 387.05434012915043 412
944.3327261888588 414.10315766650854 307
78.18450527296706 994.8909078554849 429
938.064269284902 536.5168074287861 139
89.90984056733208 437.5735703068984 430
47.97810878151787 903.4324598735669 951
334.2851568629525 616.8242762348322 794
651.4453462423688 299.8543850574018 439
50.39989818282287 166.23584663042 402
79.56627952784345 685.3461892753257 666
467.2054603014399 159.15187458519986 835
292.18175801152955 433.6288220057523 426
16.272011264092946 309.00483595601247 567
843.4431602582479 260.1158196167472 311
412.3305965007307 752.7640730814265 15
36.2492885729504 1.5726450332677055 536
871.7510626894403 479.9641639565603 962
309.92073652664175 963.6790854476634 647
664.3526686204383 208.73197318649716 175
774.6083306251763 377.3248355778067 910
985.9285420260959 898.526992475493 241
409.03168431357415 11.136355903688667 176
170.51527813983148 798.0868550551189 737
172.1383654265146 472.11448927834556 623
828.859353387691 667.2425473967542 632
73.7354873843804 821.0681669331793 185
525.8043508784674 723.0216072480775 232
645.9292384406052 93.10036759339857 984
533.5756089899941 743.1047775546335 240
928.5853671185562 484.3741773650758 454
327.5140841428621 499.5897140456634 843
9.016552637022833 406.91783518054837 894
20.01089023782687 169.46786324169116 584
726.8715943727786 877.8586919443171 413
237.70120320579625 166.77133674509193 547
64.51277880855544 791.9361808897839 949
788.4497386095308 636.9733431105718 881
783.08576572063 328.55719098434867 14
416.67561534774524 173.95349071262467 613
39.00585936633172 119.31324764752449 495
616.3666830626928 666.1655813282014 993
371.9300289781667 842.9719406797252 634
817.4046283030679 422.40219240844414 737
449.7280338864052 199.5047765969008 675
11.748415992139938 282.37797481627837 662
838.9559457721551 672.5760133505705 108
412.43385278165835 789.8972968151622 390
269.4984320847297 658.7979246387166 323
479.5645458192217 425.62233814793495 948
860.1503652833 709.5475338279712 631
98.22757769234414 208.668775908211 587
970.7188459692596 435.7850973508146 180
123.6621954451067 344.689780201564 231
620.9187569987338 183.97575448338466 214
321.62663625282664 142.16328191322214 689
701.9316980070746 58.653331062683556 798
174.95092420884274 578.822853532191 962
97.35805498717053 262.735111249474 406
63.06378034034221 60.20319857528267 4
247.81950608575542 577.6866762870383 467
491.16131058021705 505.21522613539884 827
657.1544889663509 337.1380689515732 99
47.404262262592646 343.91814417327726 903
591.9243862911325 309.41983714510235 330
710.6350627777863 569.9766511724112 110
148.627113707408 980.1533381351096 550
90.8292063577777 919.8769867794847 947
990.0128749706014 714.6422408270715 240
269.2578035321077 9.318598540221434 518
42.58882225546823 240.79852728667672 421
555.4615451012535 114.59200130419723 483
991.3055089618331 183.4434560994168 311
799.1675686785017 690.4224171613283 512
295.46401009110633 388.50746814103286 157
345.7548320542883 439.5609878404284 416
549.0141100598578 162.19116919091613 188
432.91102662940096 741.95371769685 152
241.14422250699207 176.39953835069633 198
303.11756738503703 556.6769480725916 678
189.54208270357321 559.0094593951039 149
714.6557231143692 940.2371547391516 759
213.30684192014138 825.545572246761 844
692.6299725108225 146.502032545464 554
471.9975111508469 54.833399611538766 609
26.44302833025691 972.1017953490166 710
574.4592263805167 219.88070168613837 821
697.1113234977959 6.301787524832458 373
224.88678336932765 27.551614149567637 659
602.0052982437 318.68308171898485 916
897.0489881819984 858.113497619728 660
123.79197641294826 127.54424451174984 969
227.033272108894 399.1987749081379 296
27.446956381379174 863.542970803721 240
130.2891209032042 240.95426382130202 27
885.3851799495586 759.056657874117 135
239.07034676289607 156.87249762154997 390
138.52389107844175 127.99213262420372 509
848.0574900030355 142.82603864635368 596
756.6522908172002 301.8867319658261 882
846.8854351798291 143.56199777635547 136
418.79902783483857 981.5741545356535 624
237.41129331714072 263.6115242127671 537
640.5177002906084 169.4983321133662 896
14.398052325742094 453.8834143994879 578
8.911844786184119 899.9344824957055 314
616.1730932652725 288.0655962720582 539
395.46409443662424 726.5029153993252 190
430.48196045165855 182.36570005062381 850
506.10040471672147 366.43969105128014 658
168.108286449137 11.052992025990527 414
493.5824930590651 362.1529927072308 177
497.2344245894976 887.6703525393829 522
945.3840584026366 992.2685044254259 591
724.2494302927602 90.60234328958228 47
43.17371723161712 838.4067892691836 896
569.3540681991801 368.4270511162295 887
209.85618934531936 330.8496470869009 473
220.50542673243223 256.80581634358555 726
661.6479431896341 986.6317591101491 513
741.1117865999513 198.43804369787566 448
384.90042084247335 269.61276287841395 10
698.4559220052723 31.760783761146214 499
601.2607702370864 478.5482651846886 580
502.51555184043804 943.5873059901108 50
694.7778897027572 872.9595468869026 985
152.30014853181572 878.0196425220117 859
937.6836296119366 14.321178978203065 839
136.5902044415067 849.9572366400654 373
884.6789570056783 626.9294942622844 23
194.9380494124352 100.58745459911566 845
400.9331224071195 869.3010741490041 70
787.9246333202691 705.7949093468725 349
33.36942049210778 534.1631022835118 927
628.5815025783878 924.3457420965365 452
670.7859071640548 423.0427625915737 653
195.4084227937807 925.9832226905934 925
612.9185857847077 798.007706313437 826
3.2641797855503807 484.16984355721326 235
906.3155856788876 87.68575068426566 178
138.41288274207574 794.1855260599685 497
830.5323916564558 879.6994687003265 301
429.2575422111221 859.5770594791709 655
967.6514338315778 487.59454492068375 898
432.31031520755823 514.3864588555197 834
171.30519422313816 173.00916889607598 571
385.1946562487939 892.7047325734303 934
193.79653615133174 194.0638392145122 105
715.7599044082463 682.4324320307602 291
62.17243057623667 168.20769480434217 216
570.3726019357571 272.5406880595416 938
589.3047538189363 880.9691821129848 440
548.004101036692 777.7870887676752 625
801.567138135349 248.3848750877028 241
741.0393552318901 413.075046474198 979
336.93557030468145 234.48533487740153 86
998.0334388150244 794.6408066357599 6
947.5632441275706 931.2715094752687 131
678.0013031075522 855.6154011628777 848
349.3453831500871 984.5238532957529 28
643.0389400967968 164.07918342693927 800
569.6060737694768 169.35494794485194 343
789.82561355945 131.51234880707062 416
822.8132672291785 990.2804293440491 786
511.1867515404592 322.003245442266 639
915.9017436307115 76.69725293460073 112
309.7631678007008 103.99891758145408 267
715.0087351413664 792.3414864365693 754
646.2671972046489 584.0676716622409 963
219.50477481634223 15.275230262312366 983
366.2109236251685 310.84675203119696 557
814.500783907395 37.2339699573061 292
786.7393170283161 769.0661730114523 609
886.863713927658 783.8694652037733 888
780.6005256026323 150.75535067604918 74
389.8441483258811 464.3941825524045 784
724.6120802610376 859.8467851020442 191
749.6288356534066 327.97426217165895 201
521.4993481320215 798.8226180140452 287
168.53787402574903 910.16808496867 611
995.1831649287259 785.597317054269 106
594.2963390228033 58.56104050188571 571
997.708248945263 759.2394221820368 271
446.5653158078614 62.026422325684116 843
807.0554789352467 417.22771665448863 139
751.406850317615 23.074595080885054 301
582.8972235644948 936.3574527096418 334
135.82810105340647 13.082038246690853 888
711.0284263130063 89.22796065273452 399
12.28838501932039 38.35035641958584 409
972.0881197693355 181.9186521664059 652
798.6377224292065 201.0838458752775 37
57.34320103406287 605.9971169303295 269
516.8839442127567 752.8694622410441 118
6.58066757307596 986.9800668082887 261
102.15327685373599 843.5543824194901 836
379.11739807907054 378.2783851674831 222
129.4990293971664 448.7774136123159 444
734.895537712258 878.0003584062158 134
906.7335935814666 204.8896485625994 778
263.95817246877175 324.4150758502196 680
975.027616879 441.5809704346707 230
185.45232281932732 93.00167089740353 229
119.68339274439221 188.5030312766388 754
76.64030972366531 883.7468443864484 47
689.0545422308913 840.2793842726221 502
662.9480708123521 776.0950588117599 728
763.4918757519192 918.1290257093273 258
116.45721138763498 674.4883376540419 545
663.7331935465237 731.7484590737641 304
924.4050938119567 714.2035684665016 540
984.289119761058 152.58609703184257 686
62.56294635652571 730.516889928666 328
953.8566179807843 893.4151889231467 801
565.6377585789382 203.838657922912 792
740.555317127836 59.222740399269334 940
291.7051439495759 919.6864571697671 699
280.45788737521207 910.3576852464721 70
324.477323140846 340.65610841614927 225
896.58447775943 496.4559455661397 418
235.02218759374992 846.5876839772609 289
943.6599135305819 936.3299133337923 18
546.2399892514865 694.2559191276556 602
252.834576555536 113.94366190246163 65
103.41353801189834 644.6480795049489 727
39.02437897398525 666.8538617337798 379
498.605818344813 235.28957779635118 365
919.4477690561262 980.6379804092413 701
304.31984304048154 201.2885544975289 442
239.49727577125623 649.2395722705469 182
617.6553730109925 769.6828323814057 477
413.2668826001148 717.5365596763073 391
57.41461327813502 906.6311836529492 350
491.7308848666828 192.03628654426174 262
773.7665739764908 798.1220188239564 219
574.2526407671 723.3811854407818 297
293.7723690012679 944.4213458527876 775
721.0054987827465 71.71879132570325 379
151.50097174710186 99.57362582756635 619
129.1466929420775 564.9097649537038 522
16.473015649655977 7.309256437320943 157
837.7064330843815 576.5298474567262 610
352.0178952777211 868.8005615380205 931
197.47488749223473 636.436165516754 783
160.11942618367482 9.831704692636167 698
333.40174328440077 397.4613938372088 148
18.262853208101724 748.2122545942643 521
170.85246154510958 426.7835228322112 587
937.2218177609548 381.52974210549706 693
462.2442764428767 529.0554174199449 416
544.0236023924135 442.3812152968082 252
278.9161352286757 925.4758587699309 575
253.290715932869 26.475625056814224 798
529.5961070716432 201.47066464581442 512
571.3069354441591 10.90152801132338 429
773.4612753359755 692.9903219780481 408
133.66737041184896 731.0512708360595 134
786.6196408561541 964.1538117104636 849
692.600804699851 686.0702530797088 595
71.94783522903592 757.2604790837386 350
212.8904650167406 82.8923629123831 129
201.45501890396477 688.2586357315946 453
97.02501935545982 629.7307558510519 847
896.5208911575996 621.3590105110662 367
912.5858790768378 908.0797695838106 623
987.1065376227662 408.78165189080175 344
757.4371935476754 166.54652363880595 975
702.3609680515177 687.3267155245651 352
483.57850648153465 308.9239706347239 894
646.7143488266204 164.3476094479851 37
267.31598100487366 942.5036553736122 969
654.1010078527643 758.8775491002843 477
893.0018840115729 278.9736062759429 958
534.071299682086 9.413716851497277 208
748.0031896899113 854.8524570832312 300
135.34264714953025 599.8630149580267 332
126.43244837919498 520.8684237235805 229
632.9888151897114 601.1681935686323 826
332.6117179310778 788.8241189017851 980
433.8218412854351 889.7777108716549 924
523.1698175649564 458.3571501794267 949
333.01651658402744 11.856524644123233 183
460.2040348331685 771.6569407749216 832
804.4157730721674 219.8889777379055 727
635.0538117650632 603.2255908435774 746
405.2147173533501 271.3533541032993 392
488.69291966947327 947.316053049983 149
78.66118301859481 962.5723984385879 737
697.8003261139144 841.0411796555065 587
43.96721658756852 604.5686164633458 116
14.230008396911575 736.4565050401719 667
584.8305789912978 228.47789670652318 521
78.33920283549168 859.1527397864103 302
648.4495163429202 82.38851059614882 297
762.4969772202916 774.4683406413621 985
555.5153495276599 489.7656866501938 89
115.81421501930012 999.3316479660688 614
363.66575802642797 530.5940038356425 344
867.1953500414988 246.20466961934528 635
354.705737722769 693.5741121518264 338
750.1408309084409 421.8202882780111 415
8.527741699668079 550.6459345500695 794
900.8943182479836 679.8548971159781 877
627.6467012438428 606.2948836759456 741
939.682680624502 957.6896639782349 956
721.5956889011898 935.2892299475785 575
417.7573573910862 925.330191437487 484
835.424320845992 185.780762436088 409
359.06390092449215 440.43530818733376 277
9.945234603148002 234.004474292428 322
66.20589366677731 859.492700296901 881
827.8692877786586 424.4544407819838 167
704.1176710076156 910.2928801026899 808
411.4351940046911 630.9469805915437 459
676.5617624708156 207.1368838251405 189
643.1144216236927 960.8071817680005 381
356.0318509774285 508.06470225040744 821
707.8453116464939 730.5246802242797 437
818.7192207298835 605.1516835263704 95
836.5140724181222 760.9565336159044 816
514.6868738346113 638.2825642388236 600
50.044213790219395 491.45942796461037 487
448.69699673730537 363.3743555123681 379
934.6679488346045 699.3292570613721 150
963.4565481331161 6.942246455190149 171
249.80628879797771 973.2557188038162 61
931.0207555517039 51.388049246684496 906
942.0363425522287 718.1114984121448 852
97.3924192449116 653.1843889795789 682
20.281635271835576 668.6976842216404 607
417.29430236022944 521.7677433399874 390
718.9333075710592 472.22101893134607 61
74.2758993557413 432.08136256345074 128
859.9271433631023 738.8370618278078 377
251.5332538914077 53.57841103696759 813
321.265786122099 295.9800467303543 888
390.0410207567199 361.01245258988513 482
335.4861837917454 428.778635158142 75
742.3991613482599 416.7739690422091 254
618.0897667059631 369.1283658349658 313
168.08703125520807 812.1870110440003 629
76.6908808913822 958.8201045241696 131
362.18899337209285 466.21062264233547 224
724.456860423399 678.0572680579696 414
434.484898911586 746.5314508441766 478
433.17343781287775 228.08159557682262 32
164.72070073237933 327.06893910489833 821
600.3059798689479 213.45463399271947 490
17.10736811242153 353.98164184693826 691
298.82027149352973 240.54717901139554 262
402.25975151063466 748.5925611300348 502
356.27273747596934 41.195747019297734 879
180.94455968970857 578.5124282907501 337
235.30805283710987 563.1587283288258 358
862.6796047540824 71.3534594135673 248
15.469772124311554 179.39628597552226 772
212.90000928994147 676.359751459949 282
614.0025052053035 27.71985349181516 897
155.90463977107305 402.8210701446512 407
820.5531290913641 560.1935614288992 429
31.34764975069615 432.2151109544883 290
524.8099807483039 247.90303284353732 287
404.0048141251887 543.2317284190336 438
178.11183747753 598.0176371814689 24
222.4615690745989 957.7934724133831 883
518.2866709800272 228.39324612819578 170
810.6809298980112 688.067476954369 235
888.2843769287803 189.36359081847576 68
600.3771097398625 208.66963315922195 333
581.8055663424743 34.47370742784306 916
127.22066716928227 748.8236887631664 101
566.1656208928495 349.59969804185374 269
363.3188698765565 330.82602861303235 229
72.4500250328135 939.499302165333 725
637.4911910597029 980.4616984593117 465
194.4038730422144 424.6764800803376 756
160.0538183586391 860.4507403734228 205
346.650708980433 411.5156872973147 988
322.37932960902003 814.5148714133078 453
387.28300952080355 750.304808392884 922
548.2184178476905 371.5253623106035 935
856.5715974293412 13.50073227888493 287
683.4842286275702 377.9482656811556 46
340.6108484659267 430.32575122546115 893
229.16649522834086 229.77977806705007 326
526.4398277151158 535.4913740060456 270
94.48109337564748 383.64375398679374 452
99.40815143975767 523.7494119693821 559
899.1394095058292 589.6785563107687 317
275.06658283038934 989.0722786143943 713
896.1871148958091 727.5923717728197 483
274.86041088986457 847.6765270726231 141
885.4412632070758 36.50104729369252 411
855.3269003968123 916.5666045176503 380
71.42834596150283 185.28503839693323 529
267.1192447259911 827.9099104180349 288
454.1866744135331 19.77993998160521 816
171.74708999865774 650.1965061131234 388
686.9522047238329 255.03264743793906 918
812.7863395390314 240.40026359421063 827
841.8852506411104 381.32452827214536 624
647.3205163503587 10.973437281571519 937
433.3453137230634 94.91409153287955 529
634.8703754568681 196.2968030781651 726
123.21267747566279 732.9774547645279 732
717.1284075358432 998.8453628217127 519
