681.7849148813696 619.0092302354374 426
29.604446848034094 720.5081027702352 769
4.259578209025894 767.9514214927666 774
901.6263805293761 417.7149392082762 445
178.1639415890366 726.9502983290618 184
325.57633950901777 72.29057637224878 95
524.4925887960065 791.1217013339202 878
362.31882489773346 973.3473404384863 646
701.726143451986 88.29324372246472 536
203.72232527580746 911.6310519974504 363
115.98984658747891 154.4325247925301 851
69.27773796118286 931.6639981651142 406
734.4586539359799 75.08619586727494 179
540.5498806178138 847.0684407891719 238
990.7923783504372 288.81793342847516 215
946.487291982159 264.8099634863725 720
657.8672567094471 675.5019545558281 999
30.97893735627455 898.8534761346589 444
877.76231724025 690.2155870229792 234
950.4567112980075 207.77609073655668 984
824.6687579811204 767.3497815679506 138
954.5361808146412 57.57248863281228 364
582.7221183739297 757.198725583235 763
853.5623511298354 854.6700872643165 203
278.1362595747788 169.6528878020146 855
273.8764638965173 619.749268547124 269
516.9471069465728 381.47120810408455 381
952.2257713340249 141.47133392121447 112
596.2926907973432 790.5811206148228 664
724.1951141336082 364.7185332212322 164
361.9968117741206 976.1141560950591 3
437.1539824904395 213.232768206035 748
330.1560238688187 447.0288107651498 581
613.107333166357 116.70367108810021 496
661.5489251137636 252.24257955913666 521
16.246278385623647 72.64584440446764 916
683.8092395211314 379.7319308441954 927
320.4313473358948 575.1392246002047 239
741.9674300933971 746.274309379133 69
95.48246118521241 636.1385257723506 113
178.71166214383015 210.89247935325582 778
697.5006830558359 598.4261361730478 364
827.4868893623244 214.73698304389234 576
120.13258205108113 430.5735073649577 894
369.0808214616362 539.1876701516906 130
252.42938856608498 763.620899545104 23
470.44070448202734 701.1572919635438 150
110.8221510929448 34.46827100935445 478
62.551859655223254 331.63927610390476 380
50.074223066459254 677.6952789049543 520
878.5063964522169 791.1234689172999 146
29.105403157554278 464.3899434096539 735
540.8880678194608 211.69764806818358 276
893.0592903698904 129.6756217935957 528
23.57130409668806 211.97225724613634 158
417.7130615302067 293.3908786894719 109
706.4087583846092 667.7352216050399 538
724.6254512421194 263.6606210670707 74
371.2801533071618 955.3191721187357 86
638.5605341920893 28.668703538015873 910
793.6360779129087 449.1044923119222 340
609.5630074382576 97.07474503025826 11
779.4288123656103 961.4734432892546 582
70.4493977490791 766.2635245675372 680
129.91779982187478 859.3494657291436 811
824.5199288040939 830.6430204223202 937
832.7352300391084 59.489134204845364 649
507.67793384355366 269.561072209086 143
878.9493694880882 395.87585466040986 140
670.3486243063352 630.504062019653 418
511.227741977772 365.9336546167715 994
563.9068475651524 729.1073825497363 166
799.5299658295421 459.6870689587035 937
388.03309572635635 416.58424528365134 574
69.14730723191387 365.6695389394261 731
797.7238671710396 2.2192393010991296 336
485.17419423061546 466.33223626208206 312
916.4921501259456 152.8076726325628 295
250.8113508586912 842.913392612359 17
816.0179754352787 963.3205512549728 235
188.91019832861576 935.1018739330625 736
469.9780362653475 924.0085753719833 944
514.5414196406944 245.71287422396594 488
744.205788732005 762.4087608897548 615
971.5645253542058 968.522380597558 393
722.8780988663137 144.1215500163382 379
477.28367322875386 613.3333464390566 475
267.1267333558406 303.8663120182381 552
630.6425079338813 163.3407369750568 101
191.60771585652213 704.6126365449778 8
530.0135624626663 711.0144738474748 407
60.6465744911846 168.65385316426716 829
957.866837477691 578.5143663928967 158
222.73963594089253 631.3773972726191 723
365.41032951801066 793.7037419417011 144
722.640486448935 627.3239952112972 578
503.06937947950115 844.7125215513281 210
755.0588375633305 605.5567644378436 128
333.8679494820863 884.5405825818665 834
420.0290405564985 780.1473276045863 2
651.9822074877619 715.0240223310549 294
566.8094625561833 850.552996968413 662
961.5467391635744 177.44272285945794 498
161.20482406414715 781.2385062072751 732
176.93770319123857 462.83318809832616 431
4.161619713072495 275.2987231142273 567
40.566211327629716 854.9890698863928 164
9.603130566349538 831.3994720847484 957
989.8302975442152 508.4513477990952 207
877.0081202180354 993.4261450681774 864
139.23468429355668 360.623613972298 58
86.80073434942992 617.95965289295 994
770.300716139431 736.2646513040916 996
364.41687074534093 540.4880375951567 776
238.58075002569745 660.9009087194534 502
114.8300768099848 103.39080788453903 851
601.8253625979315 454.93411457109426 406
838.3994797981271 89.62985371415088 943
601.4132723907484 674.0288695277721 585
590.8157252170703 925.026069811109 19
804.0333815120889 30.202016555683553 729
653.1367776898119 620.9331248905911 28
321.00714273863065 180.0599613382259 845
845.6985001017075 60.3126497558375 122
608.4192060933137 532.7728465396589 853
426.3586049747903 940.6980060526516 153
752.9665100356948 992.5016712933794 394
318.05687712758515 478.3042937799613 844
837.7862414534641 654.5941399976308 831
324.9396233646138 43.30468427409828 218
363.37036235978195 808.9289233111066 659
201.8671342356202 899.4465626107603 236
107.34578010572949 727.26163103385 842
244.0980481406021 278.32832788167536 74
435.7108305992272 23.41893843746279 738
815.119800026334 846.0940807946519 143
467.86296654298286 828.3854051639955 160
306.2154690672235 522.7541968396488 48
775.6179169808548 700.1000722209678 838
362.7491900743105 213.74569154287315 417
28.71917078540942 362.92595167945694 284
510.55630780601444 851.803014050999 52
842.4580630246518 905.3944264998197 671
928.1920340035488 855.970395203584 575
81.01910897007313 24.1422275005303 856
597.2541429335688 431.0970805218949 692
45.54301661848936 528.6090446799564 846
559.266400996837 624.2169140965414 207
676.1082869386624 267.89209347537115 640
496.4718105676431 46.33268301549687 229
972.5487009319369 66.46379196643504 22
474.07179034194013 388.8955529855198 23
792.6201041937433 884.2265813673428 234
35.16698839964594 319.9850878581294 403
976.758864527851 519.2164535926252 891
442.0054678241435 214.19110997845337 876
103.81144016954558 166.04981784076978 328
311.36333736824963 422.4805641372644 711
925.2390542000129 461.2327909214209 56
676.8796710206658 757.6570533506199 623
924.0385752974714 788.4284222761023 398
475.40589018510724 566.452401150861 978
769.4379753129465 965.4675904415067 279
434.6623730326582 477.0608543422327 888
998.6493950183486 358.58324221979865 1000
216.94692387099312 552.5354638598064 802
948.3514866567335 672.4148548721815 945
36.2135387900836 561.414117404984 802
935.0540614810502 817.3364475990429 794
540.9091160752916 480.7571547444088 626
309.28181844016433 718.0562292874896 364
508.88580468781754 814.5864676312573 928
850.4965874629869 700.9835800245902 971
182.02106143454856 591.7430646651217 200
996.141972553236 334.8490657214074 39
54.955872758994715 293.18801346670887 662
245.7445386729432 906.4119430226776 127
488.8534761660447 538.0699520253472 540
71.22258186603946 983.3641895182467 534
95.3259532052978 848.6615215797059 947
540.6821033137893 783.3651295617327 924
992.7148360036223 521.0664169954921 709
616.2769846579706 80.5993632895795 856
850.2310462200269 172.89703218610907 814
238.8578940972258 22.4752621908314 408
519.4769582847937 697.512650987016 527
550.3654144162887 910.9476815710807 703
124.8931680350015 967.3833559976201 63
151.100313968766 801.678568075185 981
987.9467615504299 789.5322047105135 451
587.6077135396888 116.54192307518218 951
659.589755398902 428.10716886806097 7
69.09617488788756 242.97417756581874 735
112.20017401627491 739.4594674324932 907
304.1855462195339 747.7784992385905 743
424.17481457445604 380.2858564847107 235
537.6536230028163 481.3321591073225 923
697.049552473765 421.2444201803055 106
890.4148067784419 995.4917289718032 963
312.7234017219638 465.61271170493814 359
377.983070344006 256.2872250303684 558
235.95620940522033 369.4780785382927 38
170.32964791694027 323.74611233792626 732
94.91912511556322 145.71413590466065 57
438.5068086046976 217.12202633644839 618
756.1975441991835 30.933905862663092 942
638.9614579454777 711.6112005062465 682
493.62087427066893 868.5382429138862 176
269.27762019144717 381.30535290292636 800
983.2972553673619 962.1585436028719 602
442.00100727631366 626.8938304838899 558
274.689697083888 170.48995696250523 270
829.2523199892285 837.3313731659214 323
971.8493623188685 826.9518851886269 92
72.74258322562687 474.0895359680557 684
734.3481716006577 504.1148018529279 255
569.2082266076285 767.2519075334152 653
182.31468606678524 156.14702841075967 500
112.97380899470988 172.98365546109008 877
340.8183414748259 175.01567738850287 570
142.11868762617908 293.6513817070504 132
617.0484807324743 395.7013821240201 472
356.35924046472365 98.99846099709086 918
418.57979966844226 252.48260321848514 721
282.0398950835726 670.7852057935091 212
223.51548177622126 981.4837744385318 677
158.1669958107723 41.89343426840553 155
372.453003855851 595.7716370110209 861
649.6406554221743 900.1822792107638 660
360.99298535250955 868.4305495108316 231
851.5592294427641 194.7364280614553 925
215.67646020789644 198.89802713296646 806
953.333803561628 979.8652218867354 136
550.8916436549908 932.0248071225616 937
400.1438278686214 690.9191492999987 623
515.653145865531 154.55291661121896 184
510.26336106338675 818.7106871355444 806
903.1274075756505 522.7346336688743 135
523.9388152995244 504.49321375454747 935
568.2301016271084 996.8306751176802 619
748.8936238741737 762.7391436273865 751
672.6954423335643 135.41287255043542 406
108.86803890638986 538.188862260817 25
414.3264745918458 520.4512707553605 321
64.97576167086171 838.8528449235539 862
625.6609559879158 79.39363379354947 790
271.65013677597227 140.80032743085124 438
165.53836212422036 810.0089446795859 751
400.9838841076059 633.8386679420839 927
773.7185421927218 423.64792374139813 847
880.1859261278817 105.80358540099377 918
692.3227987654992 66.91983370515864 792
328.4604787254195 581.6589718995015 426
848.4203715335326 354.5142096060042 866
102.60312671741856 254.27045814864556 670
396.8194889925994 582.644559491451 789
448.21551547018214 808.9863003456858 699
351.95163824093413 894.2460404171078 873
547.6680265379971 727.2577425555195 919
873.7410577638427 878.898857165627 765
706.8215230570211 928.60316300604 862
415.24353861356013 783.9592738892019 819
510.58961414177105 680.1982777017192 457
404.81880225837455 878.71845948798 51
953.2289415121547 757.8127572299411 147
691.7156385865603 235.26939272043134 274
149.5975009339795 783.8412945452415 120
559.4840459991757 684.047538755558 799
955.622293927951 862.8538484069607 369
129.2112271021748 288.9968736453121 683
870.3297263934522 272.1290506304612 911
1.341590756945732 241.33842095942916 554
268.28430554080006 920.5302810929024 680
862.7658441379966 578.6614577305836 157
674.5734470587704 673.8724700801538 628
358.8220339421827 560.7493652028537 772
606.5693302706165 225.04901313709956 551
54.97449508091823 290.5764006199497 701
684.9961941465044 199.54679873473802 943
245.31914812698062 597.4242814102387 694
104.12406151773101 608.726083918003 618
903.3030396482815 850.0626614765662 486
311.8889358452058 359.4250647768247 369
79.92593117891545 49.44675138029808 672
837.8473607525411 722.226942625373 344
448.9171366311876 157.21354903632266 228
959.6955135063633 951.7807133835456 276
856.9267511903371 585.5804625373879 195
873.3983447171847 77.52007931740268 987
233.02225592023396 702.8554070512581 155
146.6475551163644 90.2465951464334 641
679.7123446812287 9.741574341240566 243
739.2817315141291 539.6781733342477 5
241.64698455118938 545.5196290567987 290
27.007711485628192 385.83002624331687 877
968.597552551252 637.0148484206392 341
909.5908099044424 456.235488284639 358
423.601456863891 14.39187548223786 798
705.2259090942688 502.2039172471555 564
663.4319777236764 723.1686767341092 28
364.58448521269924 999.412152165547 805
125.3209916110516 826.6024000899482 836
923.1520335491132 346.19689112508746 563
778.086791570349 261.0994504017624 602
648.3580606765439 313.05521264998623 819
267.27932597763584 587.5717389576504 661
451.0840166548377 985.9153901013274 986
337.16169571894216 112.3051750427393 745
458.4198653071274 251.83796352598452 94
735.966725288943 786.5573487673482 871
229.11988206032197 541.1433450704837 80
517.3556831045428 468.6328975536335 309
304.1064540154812 781.5540677685133 609
386.0666732030492 332.31688008680584 70
722.9511157931651 240.78366428918963 718
381.0929882596564 367.5484516180345 708
673.4598485785357 597.8560617220846 619
71.55877763688368 184.50842795362666 412
888.8076880313683 409.5511853205025 820
415.3851486370881 907.8976435506929 124
584.3604313942753 745.884489592349 967
91.89451126503289 954.6780214486486 787
859.5788089308685 895.2958928068441 288
383.5312121622818 10.39345918439194 647
707.206652579005 617.5981444919821 848
393.21560391189826 558.0939474611404 771
876.6020654529985 100.64250997149138 826
297.6502854077456 59.38260687646457 720
840.414261422409 982.0838139743768 56
601.7874703967891 301.5180459779356 570
135.91942249142951 464.26911296651883 684
166.66673847857248 134.5982293464918 79
534.778995472104 796.4844377963219 485
450.1977203743577 472.31449675592995 823
653.5308537132622 97.46669644243855 37
412.30642803133765 855.4915209694925 76
333.85009285881705 484.311110585265 30
411.50177454557434 75.36416128784428 553
21.007396797710577 792.6819522237172 631
572.7151015536048 970.5356587503417 674
125.04698074365417 190.38998688611974 960
795.9158029748083 393.02661022141893 732
314.3158447939033 42.089661814547206 272
300.385998105945 99.22887313783446 312
263.0672595702666 12.295729925325794 883
724.5266533073532 184.70766059680156 856
15.6904858372674 391.109183184984 751
664.0283376049418 678.555690232675 394
861.256750403117 64.80655130053003 472
463.3204010799084 633.0136804369423 965
921.7196972576029 667.797794408725 895
641.4006514711398 326.7805187644013 875
873.1171476268782 650.7647348719148 469
791.3480176050551 275.83737532167305 828
458.4473667500625 460.7722397088956 897
999.5259615735024 807.9237878319348 602
862.39996644599 397.6030164669772 920
52.085619403004046 737.9340646941731 663
996.0565776911507 575.8145982421256 825
883.1599145598664 479.53466455231074 387
816.8013394849046 314.52559636534284 155
31.205042433073537 287.22322662478325 52
921.7990632376468 50.51360699213625 420
648.5798491332575 834.607457847653 416
313.5132273670582 635.2484551219641 215
906.9040354960264 986.7719167024345 55
993.4488868249236 411.02247309804596 162
980.817017489477 662.163274488752 478
288.0202699261207 473.54998243031963 531
896.0336854185563 665.1161242691289 848
355.0185339048133 348.01123460783043 226
165.3220273794236 424.5903734341487 248
445.7402601891575 148.23865040672146 594
540.230336746322 850.4558728749513 836
501.0854449467984 559.5877045614133 268
155.27434037146415 919.3204725401199 37
891.3708807788789 266.5911244927057 666
462.676138228696 100.00096419710592 170
972.0178044745296 757.6299805582794 589
576.1802964264654 167.66677685063559 529
707.2194201532963 793.3308595672793 246
829.6303506550864 913.0882751730338 490
297.61175947363796 613.9058376446279 827
493.52199110814985 210.7871085039974 313
813.7651213399421 554.6557302277618 881
395.323325889567 843.5618648707616 948
710.0341266257344 652.2078201095 651
802.0377771920329 134.14303321331568 205
140.83228875879828 359.0193637053738 670
948.845151269715 12.566079182069313 775
922.7655922079449 187.19306404313096 571
202.30009895297542 738.3514160063193 999
167.80005995670376 705.027491333578 452
307.7797832083704 529.3978876841045 169
492.41327192909466 803.580955768144 888
165.29310659806805 30.44577358135292 531
398.5903565445932 848.0670254178463 664
493.8004219904453 809.3790248820649 688
420.22307860579656 393.02907661675545 357
480.0717323978024 426.62802087959284 173
912.7168583729559 359.40764214163124 646
295.1707889224685 782.316445738133 278
523.196266468978 599.4440144047638 394
976.1723267865756 67.4065704695449 21
590.366996608766 590.9415580409593 216
622.0481823800957 260.16830673475675 318
943.5083998309866 156.54340384196908 414
123.06535660089412 333.66383722696156 885
786.9941183507399 274.8993848311996 436
478.2218726428177 624.409377656597 720
180.00645597864528 626.2335227361599 739
25.21827016334621 948.982768597529 230
101.58275432374198 562.1425411808489 587
948.1675643239718 506.3259441842429 548
979.1950150103596 322.07736059999206 424
148.3073624976864 15.947894624450786 215
359.807508848642 409.90350929207074 275
56.557065754301306 387.30686338982645 873
660.2619692245456 911.5708469961575 185
688.7947761195227 452.9840346954942 850
75.55545231109384 215.3701321376682 603
109.03522187995395 670.3538677062772 255
796.894499310922 353.1562582747642 677
181.60926414036837 864.8975103611341 882
682.099644852543 335.61699742769 434
564.5493165771526 586.2367386653691 243
384.39809516826085 450.5021669505952 500
270.2533918047021 798.7782308847069 881
88.24698344725068 610.2539651988594 840
510.69084437457514 453.5425755657985 189
786.1701416966213 996.5669353518215 339
438.058075404538 522.8348706963803 573
647.9145133825654 766.9291921552165 236
204.06645778253707 430.94147149119823 449
204.150886100952 111.7949325703621 843
5.191018058890218 606.8138444007393 939
625.4193105214674 862.1145169718087 480
483.82289907696673 610.1598092556986 696
318.04107532790215 768.8809566054257 16
661.654141138843 889.1954244667998 877
471.8622838427294 352.2067756314414 23
121.54001899679179 544.8966242929242 775
617.3202231359292 224.61136701964958 763
176.5135401816973 130.76478179527427 389
467.57901821089933 479.53642359229787 695
919.724228514703 636.8807625997895 414
922.840238753192 814.8535470243658 812
252.8124939144688 875.089401991882 97
860.0548266435019 558.4961604121829 984
394.1204587135911 879.2515657073859 563
499.2861575281258 942.8716167888103 153
914.642786045251 693.4767268098005 771
272.4459031537941 492.448948074465 356
28.834674385333493 138.2058841409931 528
577.9209882750012 250.56508702099268 114
205.6094458345038 193.45542213478205 160
317.92124727775104 136.02473791724924 652
606.09496425078 352.88206584791413 19
854.7077549525281 453.9959403136595 11
737.2806797855304 684.3537812716306 448
466.11034493598834 833.578881648913 664
468.34894154593786 968.241605030036 391
613.8341146237341 586.3081872364837 70
579.1195709635182 903.3494855390505 301
779.7840328201106 129.07939355268894 489
552.7878200033501 732.2593628681598 600
849.8167134302294 138.18557164343937 927
5.720287843396288 844.6263105205815 28
418.32783548825427 368.1366116224156 867
736.9304851176777 979.7054958372272 594
609.804303742679 107.78903521846239 264
671.776898750792 58.49341554831167 222
506.2490993425255 948.9978176809612 482
196.99555420388137 105.98121928837156 32
721.031782096699 288.31421464837706 6
289.82846653659266 850.2543122834968 411
372.4166142762233 948.2004241741151 628
88.64994131990656 522.6760725610877 10
93.17837108317929 718.8974640974532 954
488.0219805604075 933.6722648525183 882
795.700937521885 353.6333606689869 86
945.5993944773619 242.2975649175697 19
300.64518551422725 989.8736918155762 976
186.56766169238037 992.5456019072114 112
182.95767267252205 240.42252776572758 482
142.7634885966439 963.4120493883589 321
313.9643025774743 518.2226133586913 209
224.94067939434925 988.6477644735563 23
437.9317394842618 646.6365795038536 694
77.72774628386203 643.1084412441223 990
858.0249222445005 692.336220301316 764
481.8911662001227 820.5448099088061 999
560.0914494680065 632.6096082863695 199
105.96705611020273 833.0876690546942 934
702.8579659821294 571.9888637255365 253
120.29108048244474 194.09976412741813 972
28.243464229446126 814.0881755029029 362
609.3299125496098 539.4909580349076 294
83.57613654094787 508.41366252907227 910
190.42074220735938 35.96485292250773 170
601.554891453702 380.7240275269428 80
327.13569370004046 56.6539661600467 670
400.82797145721696 277.5566291035846 770
953.1606885407999 814.2191736732588 84
954.7460218329171 846.3301136310964 441
759.2564165475018 950.0742086901137 62
170.3169970823777 301.5047378205441 641
249.8124808918375 796.0575536003836 717
130.72682866699324 983.243192430334 545
586.6139003344489 740.8326573463912 808
267.2625577773571 926.0005449946341 697
460.92510809984464 963.3764311637118 387
892.6539454314535 810.0177404267704 787
538.5299856424037 745.4515567878027 211
620.3878406732817 13.311167242890276 58
435.3048534322652 548.4006432627596 841
443.6785940003042 162.4214906519892 718
6.622841638252219 714.0363928534174 505
611.874494554783 995.2495840312115 24
402.5193585024406 191.62843180337174 536
65.16325063005091 34.1914966261041 605
725.2228170695794 948.8434844954344 954
835.909829732735 966.7349936041127 236
568.2197532945061 537.8158388500684 453
644.0626532219712 335.5690901853916 293
520.2394956143115 280.9374573251246 471
987.7751000152049 975.0162927601432 206
413.2601469596987 87.28058134695394 300
410.7825300682707 686.3467898914129 476
0.06842947679386313 922.2229601120374 938
373.3102606256045 571.1369245303564 959
949.9186716477602 730.4748710012992 430
356.8060736416835 360.99150023523816 784
338.1269894055453 96.4663872679662 55
802.4653660588092 644.0097033891103 469
19.56827470844813 898.3531610911123 981
693.5731014833755 935.6999193424753 696
192.32984498709638 338.48324854587776 286
865.0986332703746 511.951790400469 136
724.1603428331399 585.9207608805591 773
134.88582008882932 273.46749626686363 325
101.74183458956499 593.1260724775774 238
557.0866715986472 235.5625852934826 251
951.0993635564888 590.8430647366366 267
418.1883208831697 720.2220137512292 660
428.2603859029485 660.4051551007283 266
335.2678746640087 752.1722755256961 8
284.41065579223334 275.19563560196383 560
619.7145878889387 601.6472633000917 759
981.3186648612563 431.9200172089506 763
448.16443443584006 366.2697208605028 497
3.7237533961748115 976.5045978454341 927
8.730368906457953 517.55013514844 955
978.9021790215944 707.7944319541393 418
320.1890901624992 782.1122158702354 90
522.3083283460938 425.1084935966688 235
145.3396626974619 523.8351774756759 501
588.6071904505997 727.6091476969425 124
753.0287850752716 207.13608597194323 140
206.26995572952046 173.34163101972277 478
838.8864338563222 828.755091105581 403
355.22084121184014 275.5563180441449 960
206.5807412791586 60.05556735244466 514
946.2425570250431 253.72566295243737 859
943.4417951735221 219.5217546446816 591
290.91840465380847 284.29817470964593 810
218.3940404810105 700.7165273018031 586
203.13791345911514 797.4517693341875 99
587.7096789520872 926.172552027857 546
455.1524333061592 640.5917053133211 6
156.89009984011827 664.3139604196425 217
144.5381006318356 836.1301913804334 269
415.63237076799396 12.272035525899504 937
745.2739890123562 638.4762361104391 418
370.9875260626382 595.1577833307741 739
690.8678452437514 818.1950241542603 114
856.7438136171048 29.384349103332873 107
884.4261782846545 434.53596863659817 713
685.7745175517168 426.484091281642 917
630.5574428630578 132.88044808577249 945
584.6879761950476 360.7665876372997 293
800.5671029079996 196.10295629478415 769
860.066684635735 463.23479866849425 704
43.58122902338757 350.7163216544206 142
523.3473929637191 503.30654928124665 910
65.88090250205968 886.2213545747693 58
627.828895906794 240.14571603002744 442
116.90958778973248 785.0062398516798 277
680.6768221101344 190.25527885183 898
970.5891884215058 461.6504446908417 469
227.41986920735334 60.85744525983583 489
965.5139229149747 450.141769395616 156
200.3688708647584 893.2819295554638 837
827.8617292765604 453.17748358449717 960
921.9124652596166 138.88889891998247 433
818.1586501380746 913.2143055730992 950
833.840469255321 375.5865272179086 71
301.79387098563603 979.4177183229937 402
788.6079980502047 795.6451865946993 832
88.66967862996577 337.3532053670324 180
412.26921503017235 442.7314160804189 359
577.7801297430251 206.9612818490001 434
931.4996927932167 424.0402146151875 696
828.3248147956899 726.5015816629278 459
726.6414490508304 295.9171483551467 285
429.2680539602286 8.140363408523864 401
170.71662458518978 538.9676032085465 355
463.77445476315705 616.0541469542441 760
424.40947262195783 593.2815664326641 764
922.5934037015838 542.5976445434922 148
661.5969098387899 976.4631394609538 739
120.41009810998827 843.0323127046876 490
328.92808276150066 840.8911536041073 698
370.8721209604239 383.22495208913944 126
368.05569372517186 191.407287689479 75
487.4612347758752 304.9622062088333 684
925.0163633925489 618.2197674738609 509
708.398966450126 909.6731164792099 584
389.6166050318496 859.6650537430236 698
222.2504281514538 749.6067173087005 930
36.754550608484095 122.70595485035729 197
414.1162659553338 571.0425456895459 878
973.4479672734197 672.6156282328357 133
312.99161212204496 520.8825663488573 217
953.6719592353315 653.1614067508947 821
167.10810831430834 725.5654873583102 308
682.474526879788 260.9282256025597 968
977.6292736893681 826.8575755008505 204
6.901281958081151 854.7586633804185 907
470.21975317779106 430.5974768408015 593
134.26338963023542 466.8966630856062 16
102.25503330375008 941.428192360153 6
780.4002625328324 131.43102407794828 844
32.81444773284336 448.55052523831995 51
804.3217817185131 917.8200760473718 563
46.06667604856418 420.2150673613496 948
308.01560420101816 452.44961962917876 260
379.04947023532264 555.3309171881335 473
359.96969190901297 377.1569547501243 811
693.2925225833391 483.6339996690425 887
216.52548646972292 132.81656008317634 582
983.7384116804697 295.0093509707485 370
671.2339586841415 989.3269060207068 676
530.0533962690987 83.659268931505 431
120.98399868765131 87.30460719145528 88
762.3933123185084 120.12128370650488 188
452.07123004809125 783.5412029361494 946
62.51263308058152 879.8658850821648 391
460.67950035503094 494.58110429238366 968
59.9310189084803 153.50961917028937 3
251.22942026036864 974.9696669714357 614
747.7923945464702 539.1211194402074 968
496.52484669592144 164.4823824485523 772
552.4814218782785 648.3493399275512 539
224.13456599983917 98.27148236117466 90
88.98005645422435 302.56405294319586 635
679.681493698252 745.4139543042767 822
35.428649861395265 477.84849410001993 641
764.6051604912576 884.4422669185541 637
455.8880989501486 191.32974462685505 883
842.6217629786894 242.19078577861742 815
83.56868842089737 27.002854530171703 208
272.5163670879394 339.71472127781556 767
872.6406913494966 93.81691641605161 11
283.3606712962904 646.3039091058763 168
842.0624262115301 716.4506556542552 501
804.5332190552205 899.4062277197386 853
741.2206951661493 491.638182763399 71
184.22968612492963 607.6717736032331 964
157.28517939245955 850.7721633778663 915
821.1532730574105 531.9942014474454 229
409.8970516396739 802.155382350104 284
83.0051790708577 610.5698284352659 994
539.746807656113 141.80151036444676 604
149.59507858310096 683.474291082609 954
21.3260365500606 837.0871968420005 910
309.36842061399074 996.5111497092583 273
655.6087284705341 176.55576488516155 855
538.4619556948188 230.80017343164505 239
653.3037638154206 953.1318855091413 450
956.3940215111619 573.7363106742331 741
93.73013116008944 0.6656952499424218 815
355.70643133673207 90.46623591904424 602
332.6541843386798 151.88465145699814 775
455.7773697056078 338.0324779163589 993
509.8176610114138 414.55219225622176 600
166.25101558343536 237.13517388977345 874
292.77849076318887 845.7989253707703 582
206.144689114531 750.2505895988849 137
891.07385503975 964.2973659049254 582
541.095551202606 853.7708887089856 434
646.7602303373129 318.4177941236598 752
229.5542408258674 223.0094626173499 790
541.8400918021432 983.8096523089453 414
148.41345518019355 529.3913971785374 15
904.5467602432238 679.534446245959 992
434.3888455110133 609.6751058492397 518
678.5849499723475 145.21167407800206 983
970.8500869720914 318.74767332804055 684
805.9572993127493 509.7825975755454 742
430.80209402266536 217.1368335928986 71
257.5552529799283 876.5548395680527 164
340.35798571893673 799.902180229805 513
51.225793634837366 845.3720529728629 794
35.821983514882746 325.9768845279346 498
276.7404349455009 402.7839266088381 379
822.9809236335831 589.8821193190076 650
397.557671016875 714.0627239686447 397
113.7121627200629 59.44829083666292 565
440.6785806659006 796.819952212141 651
340.85066207591507 293.55454295211894 333
860.3772497692818 637.7531102317314 157
126.19487839940558 935.9110384819473 702
41.80880291272948 969.0427396501498 369
172.06523159485943 968.3032299461511 530
609.2588081427526 872.8846294594571 747
960.2636521764664 122.1780436590545 685
731.809562644101 545.5802457299304 441
168.19320138061144 411.93310045614953 518
927.7755558090755 347.867942057752 918
102.2249259069924 581.3674189891042 830
744.7262500484757 52.641193593654044 615
582.8548781658633 795.2547682781238 792
632.1393731584035 90.25993595616477 474
141.9933213399548 91.62882422549679 404
970.3416109599084 956.7247114257284 930
545.9792451545133 600.6642870131849 347
896.5265981191957 635.6868511044327 233
50.428346047176944 77.88351670738103 779
731.0714615794662 639.4118605868377 677
850.4806310794705 484.52990236775537 480
818.7581421126828 501.2793575405351 20
549.2127207935134 321.42110270494516 101
129.6489857228864 788.2119635643722 13
126.32381135855408 687.2652474005336 822
729.7801691567279 5.50701770006512 281
976.7456926071159 186.32950912232272 597
903.6232001878827 366.4919053611104 643
812.2490819108659 612.0564379891517 363
914.8256335469523 151.6161467621746 269
848.6604441233042 217.85711751744486 268
150.66258338098427 799.0784827363905 940
96.64396326843405 147.31561202400613 734
40.53201814382279 695.6510268402224 259
679.2257325784788 165.0667703023032 238
320.72681501870005 427.91173715834594 86
947.0936762205312 258.6377448167867 200
363.86352522898744 172.24556142035152 221
125.22856506156089 712.7172328407838 478
827.3604806302723 449.12352527921695 563
477.9169693508881 64.26217321691996 504
370.09965975877833 282.752868385552 862
77.58882601411055 682.6302996346864 776
503.54523622021776 515.5891989540218 190
865.5054900030259 679.3565357911083 526
19.122504047176747 850.449634956596 636
238.50161743620458 889.0007905734288 475
767.1699090864279 827.4680630337326 422
695.9834670366669 540.1774779866602 787
175.5544445360424 283.47820114451486 773
483.04246583441767 999.9933243604652 747
159.476765157041 309.1603287911069 733
685.2607159240512 617.7606342624052 868
520.9839973459359 510.8571521473467 345
994.7006966556606 919.4473885160513 192
107.76905495200195 790.653281270951 805
933.1172459218219 938.0136216163513 711
349.02446175768785 226.9121615593984 778
969.5376529441171 460.2013835155462 325
213.7771222560111 196.40335841992461 701
854.3151735504249 527.4370998259832 706
878.8458743798723 528.1116064125272 769
28.65817387456293 161.77908545658494 578
822.7594311993121 202.1206270559901 290
425.4531337469536 291.162527560092 14
988.9175762729797 861.9281493393398 832
132.06588134404328 57.69610520521451 8
778.8047375877251 704.4328396988054 197
537.3669054476627 953.2645078861341 500
118.33486671562099 872.8444523679989 285
531.8017326657 118.24136782471916 576
996.5432647957316 727.8552820478928 521
336.0135783603544 26.863294777074387 133
8.711657209887203 729.7347355033056 728
267.8786913614782 695.9328951733103 626
351.22082493255425 217.7348739659112 538
920.864356830889 685.6535406628363 961
433.8676771746304 828.0609452573277 425
624.8594517680962 379.0875784087867 335
282.24628166118794 839.0427144220424 156
695.2236474129727 27.768230861132338 806
3.2761929578165594 584.3694540012167 16
879.5226790300443 226.61237607603312 864
47.479345527686846 60.79834677217588 791
870.8070123912826 410.114589916006 678
724.9897929132584 638.6890880960246 73
224.56985150121213 45.4537038137115 539
970.4376302769394 861.4477613576827 118
393.8144747380967 730.2401262692556 958
211.07231168276053 141.99970912134273 954
525.3115949150176 324.8669154296472 259
434.8057626758945 547.5155492628285 490
828.4292239518629 144.95832362829498 151
654.2990524633806 66.27572067884613 363
656.441654111791 44.04847866290385 351
226.98330113760144 141.54703369736555 408
738.8445578110678 231.95169783692648 650
134.4040192792797 458.8902796282055 717
638.4827551045189 784.6573322236004 986
570.5621824158546 591.4337826253429 748
247.84398111517092 990.9039396092098 721
341.8870316499381 938.3339635301255 439
156.84930399380258 427.04203973444777 354
84.18454300730826 263.5910074748692 585
337.6956679205877 96.80922303297024 331
750.766273452682 313.58794522116864 611
291.39220351746684 3.079102912633469 413
639.914552298354 775.0421843945871 478
575.7955616046542 69.98333158943926 393
307.81250314235587 72.0976490853118 718
52.70323647326125 189.23663692502535 902
666.7028535395652 930.7154031789149 848
170.64738168743355 179.3085540658349 134
792.47533097568 191.55272534851053 946
724.7577580604706 355.50294663243943 476
781.0579855439007 482.45756412836135 225
468.2664551126799 707.4219435803409 709
366.7992428387492 981.4659442719955 892
270.5481277201602 526.5461671885382 514
535.0184657400717 218.97661804486734 798
171.92755162304653 140.63781632184757 700
210.96078140996798 624.2168846860978 329
199.7332076203626 564.2736461841284 369
16.00964459673204 375.68733575960636 186
271.2379607221954 969.5064839235849 190
50.843591607181 370.56401470412226 401
713.7074902694839 323.6136620234529 860
216.4034350274967 63.15413767105549 39
986.3846391470709 275.55517123494036 434
242.8339813615168 718.6439418619934 501
663.1150364556012 51.65187726263465 222
485.6996665789406 100.8084255652142 427
605.6439564350736 395.2520359600864 373
289.4533045059866 60.92593668312362 191
317.33859436047453 585.2041294919354 562
609.2818326511 452.47081154305744 711
869.0131881475472 602.5059571006822 794
445.56370916735034 405.2590919119334 994
891.0590736804901 555.2807537782503 642
185.7908464870951 248.57403435365612 208
695.7484443102891 676.4796589786122 391
458.5126222677851 320.18636935402225 525
426.91405058279577 773.3319578664373 840
598.9508032541023 228.9597587398696 519
35.82906444837863 731.6185621762012 692
130.77397926612912 743.7485413549591 634
636.463063771699 593.174432404366 930
856.8840444468052 341.9510155422192 779
214.59560506196863 604.9361702432548 281
639.3101054376323 520.5904211387 872
883.1023421902624 560.407965167455 23
647.2413240071834 446.9539446240283 874
326.30207085266005 12.453604737045044 86
925.5801110848835 113.22318442612244 225
0.2314547075898954 234.02143814266097 996
140.41454840791312 49.58319727272775 595
219.7940385933399 591.2376700993698 864
846.225685925277 599.0271536917664 535
152.65268253997576 169.87566151744127 749
110.12158798754201 412.2445244579328 47
894.4824142402692 843.2696301597213 37
452.88469370325765 581.826781612003 401
488.02561316516943 894.8526745108777 862
245.33685949142637 255.00844342256502 642
862.5531785220946 896.2397969265367 109
198.66852909740862 624.058045150211 652
813.8812581439682 43.9699922942719 97
223.12606389061406 300.9224313533725 638
2.6587132028311755 333.84747788854986 591
653.0387211828664 709.2199497835206 829
119.44148337490867 463.34470280515137 341
202.4222218327527 533.8437327071904 155
690.8673864249929 823.6978323105047 182
268.97205630260856 393.9217831512305 804
483.31063865992496 661.237673643538 6
390.565332156818 505.56632056757786 32
897.0232687804393 98.06273906578089 596
650.582024139331 662.9893892522142 840
304.1175253830386 610.6561956400549 51
710.6980391785503 535.0780247445379 817
884.9123733690375 33.27787729201093 162
423.6335868337012 685.3403986278507 550
955.9453013396195 597.1194952854586 767
700.0091394552899 315.4946823320075 378
828.8377261755107 144.78243539711534 188
780.0791965850237 760.1987939504392 550
374.29414957070685 518.8100640106423 266
529.5435567374442 377.2560999597769 637
119.81845125358237 650.9058076952944 840
7.754092915914446 886.3344107975244 232
869.147407026545 579.0335254092806 93
889.0561454135556 481.571146128842 535
863.7061290775273 407.2785827901295 129
934.9717727200513 370.4514833550764 924
277.91764941272265 281.4670245207399 462
554.2285647182421 253.2086370436013 328
617.9150385567524 206.5064068315048 693
774.0793548542197 734.2509524321786 884
987.4862621928354 665.1894095492208 61
287.9009527893609 714.7919859426797 72
407.13088912675875 120.01555423319721 109
871.0500736454618 502.3538769303064 468
850.0487421017948 100.89898657896812 874
946.9632219339074 511.5413960203822 639
488.5401591628287 161.10250510168822 567
607.5326471527636 756.8529054723699 231
545.9387927270458 11.315911426197811 469
236.19018132877477 699.0574959443459 640
624.9545784678554 159.16477209041003 803
426.75239717708666 120.04262619970329 577
89.35617680283082 204.03878182604873 246
752.4947634727134 40.25741832303853 757
687.195787901135 904.6554652118324 980
563.7472791789476 426.97079815057793 831
315.4291575147622 328.0307897639817 752
259.7493705572307 733.3124509840848 807
852.6803112670996 774.0192874721049 353
393.80882162503417 97.64027468671532 899
868.2968669078745 204.18454974716127 608
469.5720266683705 201.2023039499382 925
599.7758279187335 780.6484116235936 218
692.052099569632 374.3048154166774 878
109.01780123562776 38.66829198973054 584
691.3285118670617 184.214748764736 72
550.8426469108714 100.29329056986602 361
566.6114147285323 599.8929401905722 111
446.644397657133 973.1067290367384 163
321.52902444613073 815.3537337556268 941
462.69915565455653 965.6092596341153 809
25.86130938563369 179.66142221929283 523
528.5028668527455 504.61810365746527 831
972.2184839026876 984.2447975983629 964
747.3541251794552 544.1938788496501 956
660.1949645399416 105.00961395529806 930
617.2472103136346 182.2297256610872 453
101.17402054567282 483.009452413263 544
397.98070367926806 596.2528313733405 770
784.0191235392886 56.881491724632085 936
150.75982307384862 779.5496427367368 434
21.540198738802975 700.1352466913678 600
222.8348002747752 51.51793640332236 361
888.1951493680092 639.9436892080764 652
587.9114329442751 34.61436780619742 596
865.1537647802786 515.2971388452111 207
311.34536550439697 698.5412536332934 32
596.8919309471446 392.44168045484486 959
59.01427464148057 608.3767556640892 165
698.6164148661401 350.9772908860528 933
588.6878054382539 151.48616009536775 50
801.5101294893814 238.89802245844282 193
754.8663922766433 387.46595858223856 470
128.8324952583767 570.6561938920469 374
925.0859898379973 583.5436166986551 273
615.4857347375712 692.9491804137275 897
173.96024859530945 413.31433501074775 409
942.9217127445847 947.0693626820616 103
171.5209852872136 283.37546121909196 654
367.9984548408185 801.3719657257571 710
435.5840623072548 631.8950078959014 284
245.9702052829804 307.6150224939693 97
440.71829104452166 561.3351580270295 888
678.702990570289 47.22393797007229 677
464.7877378418791 195.47158838362967 841
786.1496976240619 392.32831264098775 435
171.7645537407052 747.9643772513044 498
208.59874189178817 432.80464845516065 300
873.8749189597758 712.5054757111474 462
469.6541220414725 349.9195047422483 233
889.6565438481673 351.5395499213233 47
670.9464717387881 860.8721847872417 508
324.27886541151594 96.48924633669576 927
502.2751849346512 150.39982902455117 581
406.23350432056384 367.47076691430857 553
171.91230755371967 978.977301184354 197
969.0284514113348 960.8062637866863 920
749.465276609706 620.4336911525025 160
206.11480977674844 734.6794396423142 625
485.71747504662443 972.5101179738687 359
649.2041443006322 451.1546127408297 551
466.65142723513753 999.3309048796166 420
812.59371306161 421.96104491281994 886
40.9989984009933 372.0707024771548 406
281.647707876876 777.2060809832494 405
25.966559763595185 769.1699601386312 562
154.2810783636811 366.73563290151446 380
337.9751976789054 446.4415502680664 313
514.7461973491327 634.3951863041033 520
594.1237819451597 467.23713422698876 997
487.94560537978026 437.985893338352 570
325.7856665540523 654.1770369516737 688
