648.3022155290956 324.6944977576426 600
178.1326554874466 685.8292460228521 359
625.9910257369132 490.3166523368965 601
4.936649747170785 62.663426931698794 415
795.8476996806128 430.8139328314707 897
922.1770013622064 490.13428004657834 630
567.5058029550099 438.0351201027266 613
665.0214727081482 873.5517641518047 576
923.1260461341096 358.8742808143015 245
655.4086839508954 431.29723462316906 665
722.2747506365852 864.4509079390933 690
67.03203680867786 653.7369016965913 996
216.8136994538039 739.1720909810455 589
307.8454994441689 572.5910668406235 561
279.84365991182705 56.934039728121164 848
862.929071358687 541.144544285572 526
480.28951751203056 359.8669793831191 634
708.1605678975646 588.8496251215508 314
340.7021359417004 926.1484839014462 815
815.8257638973364 926.1978961247332 914
166.60000232896743 699.2349241490444 746
585.6910506234683 263.6023940514897 642
94.1934530590922 382.6261510713893 517
406.5001962047583 179.92400564490117 590
268.0960446540198 128.32277803351832 293
408.4683936757185 469.2553490876259 774
507.2981943237993 133.7047179721421 687
737.5729218050342 406.18313552002985 559
389.13696444213855 197.20523942566848 870
501.46851511429327 628.3883956291972 919
265.77699884572223 272.7706705026859 608
107.02043356617452 821.3892770222212 760
175.3357192215681 127.33591129520272 206
656.6888464595141 158.81827784317548 973
647.5609059693522 231.47139742253998 516
151.80204708719504 346.1290870499284 457
85.0425618192332 646.3014474185986 624
906.1297908431342 442.99267061561375 960
293.52675488525534 865.2886302960289 16
361.4910154898644 560.2642323560187 38
735.8469899505494 48.8377871266098 780
719.8231967728376 340.49102522053255 267
901.1846969370393 331.8061330943136 386
40.064359881188615 234.86517327570354 304
758.4782692131089 276.5607504821012 78
555.8812291618889 915.8038829782333 366
574.1476715818415 916.4090361697973 655
666.4380842986725 81.26207102899119 142
678.4896892081332 720.8811163766626 907
222.80022370356167 362.6078579654202 103
397.7050900771251 762.7749294024147 727
220.69788304808668 552.675343072501 883
580.9935314430745 841.0614085787265 150
138.86719838818217 905.6555794943965 800
144.5509990676155 352.7993808835046 200
490.6677098743615 33.65232956636033 893
27.287988944106555 439.4928800586435 954
638.6083037632598 10.664762539123075 659
490.3126351598671 842.8956896760625 519
563.2452881222645 578.7316715830491 812
813.6129043106906 926.0581334821514 252
571.4916056273939 476.6476479616839 281
422.3474617329604 773.1600160831534 332
218.129923188475 605.4002798660156 932
829.244712872864 806.9988410865445 794
235.66075485202586 102.86675857981142 453
623.9121158087956 410.5063619279884 581
287.47376751947263 533.4411342793627 875
200.65680907714656 690.6780687481543 455
66.97745156342671 154.9735987980694 695
199.21092561037068 760.8493271639558 655
536.1349531032913 319.0014568565115 269
342.4262892036013 543.0021919239834 351
863.8702780785595 565.220103632037 636
257.24786644832875 549.6583124386297 485
748.560677118881 395.5618636303124 919
239.46834199934364 734.9202088929524 127
568.4731529421554 871.5898737272689 681
22.13897199998027 61.11661891691145 153
755.2580827886728 6.415714255502136 213
292.2089883586271 154.40306316718144 918
558.6608732318451 308.0263324890485 390
256.0480668505235 383.8818306505438 92
795.7291544387473 679.323752972163 362
612.0818363226762 626.3760015846185 958
345.94851271585816 129.90176656195274 781
670.6362303553911 628.5887473950982 242
988.0897667017055 995.8020512641673 418
859.3715404474103 108.45610636110558 360
737.1958913996732 576.9369034324557 507
29.766884868158815 559.8858927592331 800
580.4848334421812 398.50823281043677 774
531.0661819150431 739.9457572742323 718
714.3401660022529 937.3312118846527 694
204.58341761485232 18.914282816268503 129
889.1046716585934 789.8970801528044 810
386.13022383237904 850.7803134973914 577
261.03215602268983 186.81859061440852 92
792.1572195144072 981.8876195980915 232
108.89848508155164 44.79655752192713 970
517.1944235395637 622.3020093613922 816
179.33110324195556 580.8938016496418 897
194.91643138451198 845.4337181800479 22
125.58502848059217 958.1727518645345 559
881.9009067781416 443.0086887086795 363
579.1036990893421 176.66105659809017 917
423.4621934900764 380.1411529658725 19
50.107126025715985 663.7032266123855 174
816.3882156927214 873.4428569389925 245
705.9138367338688 534.5013905967294 725
442.1918241289021 920.6088396275961 664
414.9277048190767 307.23128147431964 47
865.57394312297 304.4348219156266 749
946.9654184759249 675.6565916723514 298
698.1572048638025 945.2825620895089 271
23.679788984485086 704.8215311920005 116
196.8375033290872 564.6478830094211 991
484.5177646634051 609.393802573114 660
280.14163385048585 267.37067099288583 626
965.9121625386535 926.5789204099747 351
970.2047649311897 375.2013632359219 773
641.0386288862858 995.4034251834433 866
856.8494112087293 256.25333344911195 514
259.8420761965884 737.432228545984 479
588.1742016239302 676.0799377573186 44
524.3129558361496 183.55773875453428 829
41.07191760259654 300.2671564919541 940
196.70423763181 516.628467207653 368
37.74433260380794 571.8883134150157 593
698.0551960389228 658.8575143821195 710
254.0072101324684 875.4875617411154 65
103.83491928284205 170.34694695369245 288
527.0304260546255 959.3912017279674 559
143.70876420966871 256.8333593509337 936
29.955168731943928 398.8938905978705 492
437.1568782450261 152.24093004688777 108
944.2570446047652 445.04742063580585 798
711.5506026753096 244.29673189710576 888
990.1017364236594 208.74453550535466 709
268.7403007404544 32.00298616279662 754
511.6747838457685 449.95428396798644 737
864.0972839092726 542.8534375571021 510
452.63261694791214 606.8946835003501 783
15.425722066319425 82.00883228249644 352
607.4591126130668 225.06351136819313 842
250.84718096139434 277.493379720941 641
349.32317036083595 401.49148354011635 16
91.3213159850601 824.6601293553811 151
846.5617350141082 577.3360633375216 416
84.94732850049968 884.8806298063653 422
97.60263302906725 555.7140650312027 810
78.25359464388903 604.0954132826108 271
428.5483174326209 239.74585031707173 664
240.53201321147566 33.464483405306275 769
52.80236822806739 565.9251150564447 665
765.7854626618652 514.6286523529205 303
22.186194480383946 376.51987720571844 445
442.0105805187815 310.10481636457155 536
358.9933219232202 708.5744571776263 109
459.2649996046162 199.24443200730124 975
990.5170530487301 525.0892097005536 298
985.5107892716862 3.8629191264484275 681
485.2282044551086 456.60937211993826 471
977.4100475312962 48.153064959214895 194
890.3337604325535 765.3651145780879 420
122.62704561363714 253.5308908488696 247
922.7654050381472 699.5771972995153 378
155.55985814910457 139.28185523989822 205
993.0533692525358 200.36866939098573 510
408.31609232390645 431.44548057682255 698
656.3971752228169 490.76979852467593 769
364.540348549884 347.4560765459499 407
787.1206030835207 556.3035505635027 272
473.67406570129754 533.4629583946813 892
242.22159175926495 380.5669344848235 58
262.95957026574536 313.05504917745054 324
631.3471045960894 58.57108577661619 797
450.2656449085434 975.3903406656635 736
510.9420207130397 713.2281829380875 658
168.32756881767287 774.6785805060374 290
268.8311876024484 616.3330640875024 363
306.5635202845309 278.6975299903347 533
767.7482888287859 683.0409782508845 396
959.2868935556065 964.1657515750314 934
58.25936142204069 891.4494238406121 402
584.5248927281121 205.19520546722015 176
856.0793576389199 400.1105813263746 744
225.9307928123331 870.159529034489 36
12.96235148012903 852.9719940063225 520
252.74377827856088 379.2617534061282 582
79.04024619460093 565.0930643783769 397
771.6664514252212 562.5302566554102 490
954.7129634438511 19.81617872433439 177
102.76962783334854 367.9977296851967 821
675.0246020366067 455.18497613885256 907
34.538921838432216 201.72856332966717 920
905.87927506638 830.7944470465128 680
402.7386523460543 729.9800417671092 963
168.4656460245587 217.9140967263762 34
785.1054925669413 876.8171426398953 593
400.14972353104883 145.39380464331452 927
214.77380870916107 831.3971431478063 353
217.89615604824476 54.28310728497288 160
835.0567119905097 457.1762474539881 933
19.740044129976543 294.69089360989074 156
73.21893358199239 380.6570346972822 202
551.8864401940032 267.6904135613035 547
418.51398524911065 516.0527605081039 738
894.1764320527183 157.42782327391058 541
300.6067665298865 117.98315897196487 328
953.5236135722747 511.9843409645345 78
72.53908462272507 482.7729919391338 750
472.88027780751463 273.20371361331144 391
484.42625103153966 660.579374362902 833
887.9444499262609 487.92263246146604 591
130.77159629601866 891.8028476829974 76
275.94447161505195 28.64145636951132 675
249.03980279141302 204.96286288530018 806
875.2948877177313 444.9399286378788 105
959.0637558065378 521.9142831112553 797
641.1136508168365 748.8795088322739 853
662.0565559138703 874.52315915385 22
139.21633061332705 917.592202347899 684
781.5961971435987 482.0178970472092 586
899.9779247331657 120.1010970558577 659
987.8069194001412 431.66894269444555 202
995.4859129892113 52.78726976274084 464
361.28312312112575 770.0884491127428 857
795.4641781643321 245.52687108074213 603
451.30672130858295 599.6761850232574 465
892.3792037587568 116.66961173780189 801
873.6185111584845 521.4610356847113 714
358.46474880523715 143.9479852600112 718
33.47057720497371 674.5438965162112 359
218.63864281913536 54.25943701504832 456
335.1566654877934 514.867966905611 361
401.34504814356376 161.34000310095985 454
927.0831436328361 986.4163207251256 301
218.2671917624164 270.05393995843684 416
875.4796532202131 396.8653794240649 697
609.6235414919823 638.825006496596 723
899.7304955161684 293.56635317393585 627
996.9692472912635 132.00563411698317 356
927.0169440259107 325.0998974615341 379
473.50168540191675 941.107279494357 988
55.526666613198714 299.06416045822647 505
342.2358133399788 485.64391379506765 558
691.2111794705762 918.1872931337366 458
437.9347470062096 106.76473404797116 791
847.4130177265366 84.19943459949042 330
797.4482072973409 588.9686994035428 177
152.94816828606685 310.3188339509402 85
166.97855540697105 239.75671697213195 534
255.82067860519751 645.6243325957274 511
857.7476743190066 202.91809520451955 380
838.7425340784013 626.207520374425 236
68.21161820819232 778.1618152359856 162
424.9218619522229 649.5377121706726 936
969.571735467415 693.3879264738953 404
579.9538648764627 410.5098251934852 562
924.552528479328 717.4233982355771 30
927.0179287960758 767.2942762759643 106
305.2735715921157 492.34730913304514 350
424.56792022282553 484.8133963575788 664
268.217791741174 474.3475527389207 828
915.2773366636108 599.132054878814 731
402.8388303577037 100.95053934359865 236
14.147861737817347 769.4191087546119 300
583.5027002242492 228.12941956283228 377
216.90032688350226 801.1966110248409 795
869.9257242029657 577.8215811602477 447
483.701694954736 821.0430713646512 177
922.9385803672106 189.2490813475908 244
643.8758182372397 513.7447755444466 99
378.0817382286432 795.2373939691681 425
519.8119034375511 76.56712629798912 219
329.94743285847494 342.73859212610927 193
512.1024452738424 545.4780511180442 165
228.36877662694866 746.4125787742602 85
413.7798024594554 882.9806402385245 325
253.08067272978363 267.0655081365395 316
450.154583189124 319.7323104908609 155
184.4923386315167 836.0995032556848 999
145.5202549238276 400.5867565901095 719
446.31899448748425 376.79448111117074 747
612.1323081138828 108.74582624452356 231
649.9829797218191 105.72363392220241 749
996.1321906737486 210.30885110606323 887
675.833646841525 755.162024263977 834
168.30811263685763 820.5965539560799 538
572.2326959930692 899.0139818024162 920
920.8572805652658 506.60038877245796 71
485.82423109295536 870.8016103416237 404
444.7554641964817 611.699793814284 251
418.9546541782561 201.9850540633875 891
476.655813795522 894.7216775458959 189
991.6614538856511 808.6444157502599 816
861.9866814839369 84.45555726749643 461
288.8235167873322 893.0681621860639 925
450.3872054005176 559.5203676645526 580
177.930325603213 757.8626412200674 187
758.2381262587924 621.6509813480411 248
854.9587791098314 15.242477681972733 716
308.8321470232162 839.5353504536936 437
6.310652553973117 511.5322894566061 146
663.0355714124157 629.1658788287199 665
985.0896859906766 497.4096968904162 412
571.6947483166068 411.8876831552275 135
646.1299599781833 152.18129943838653 67
775.3284236541061 296.7916328370117 249
495.4929201894419 839.0544196507416 796
261.9561781595209 348.9832073918647 854
898.5836770576486 616.3983551638357 684
667.8921463442282 620.9585096616581 481
551.3665466617803 237.64887824193914 302
436.25235448381716 821.7107068337708 356
235.05929735814757 163.5524286068314 307
631.7519142633519 168.46247552866012 158
291.33635995813745 705.6936619018185 862
466.26827400685477 105.95446524987418 335
458.43364984756283 447.81974639352075 102
383.49187793030916 274.2194864499874 975
536.7311581234437 159.12976702381764 107
681.2417698606034 138.50265988155718 107
10.641623467696038 326.78292193292526 577
32.87239298982858 655.0663697823702 769
28.345144830895563 600.6414351821309 834
112.88834253571578 201.38042668497135 779
401.90726576889904 108.48601995036577 845
13.624718001218671 720.1663549059526 317
66.80809741502335 462.5784907815693 722
518.3633959520414 506.28182491564155 48
153.06668574261982 197.60778883175922 833
701.5073138619142 384.84760651744074 922
860.906625113539 703.8630948776851 184
683.3539393374347 87.1877485755359 790
603.104019269923 228.08784613859112 895
704.5530917851169 387.4426643247828 55
917.5561764245068 962.3563223791391 897
332.30023990915913 89.85504903503715 201
999.5533923835657 529.493018226343 394
648.1332763208901 7.720342973885019 237
824.7176495047399 718.2616640587029 955
454.43038237922116 548.2858579156455 185
898.0329151821911 846.2610396413352 502
537.0819536359157 734.1129187097324 660
316.2435459370715 350.47601289845534 707
124.43735733978245 868.9904818001719 498
334.8215805606852 369.9013034256041 964
437.56887730838514 318.2623992673389 74
226.21578323380942 902.1302303171407 725
207.23616322650486 697.2858701375153 748
124.78539580324566 765.1857817724589 894
848.2415194526521 553.3961800434685 976
412.36960257349176 130.545769859691 275
198.47875388686364 116.10260337470623 423
268.7570549199313 238.71056924351552 211
665.603925237746 922.0163173514279 885
809.3771362278984 247.64608600517823 713
390.45449298431964 783.8728236227765 463
580.7909081886962 126.70818961737251 949
552.8119722192367 806.2933256190934 425
745.3697685659914 660.8985291883442 950
301.51803519635325 559.2540029975551 25
322.1449676445256 274.82714124324593 923
834.5229206196682 67.149437031373 163
503.0179858285584 597.8886081123899 456
651.5918755888993 696.7532138626821 20
52.313880097728635 913.9462970616516 147
164.47367360031885 124.52442441309697 949
322.6455651813215 742.9333709563678 512
631.690852488213 63.06063947761997 424
794.6777398608511 155.8086100703855 744
580.7231565397899 537.5081538167874 155
25.358844397398883 246.7402023146521 654
169.71985576240712 488.5781652548383 178
652.9726552512041 640.3803251895192 452
550.4521420299334 499.3978267337579 478
769.8760627485044 562.2341825001337 745
964.3639843650208 894.1720682485709 949
460.9709769837301 859.4840522724838 80
782.6417011371996 264.9036214345529 910
40.068116478121475 168.64701478600475 511
994.9336966491941 251.61825325211385 906
466.306703343782 546.2148827101889 614
452.42323406370787 573.0775450209763 331
990.5432218499652 529.360108737229 680
744.1631900450584 377.22567516595063 544
803.9101343543371 168.962285596596 33
867.510155957134 896.2260433198663 664
71.65194288296995 522.9302636144374 801
246.79305254877704 736.8072048088853 168
536.585454984608 889.0114005679767 68
637.6806380609951 2.465311205222087 951
855.8603972719702 537.9638611890272 461
803.9864683053353 782.3205715274145 190
823.9558696332717 154.478470896633 567
389.566913448034 173.61836222549454 464
397.74017419624187 103.51480730905149 694
742.7287307702194 154.05540308530973 109
762.7421533441163 778.1399233182216 185
320.74002520329856 625.6918465068502 815
699.8869262282575 670.2951974526986 763
412.82427758432726 766.4658330678335 538
30.303639619939094 843.470625300254 374
653.6945982581756 220.52465966239143 49
698.7274421256102 367.6076635851464 972
66.94908481358253 327.213424231099 172
330.2807370940587 351.23398608059256 497
8.473904086503614 659.172866924122 101
235.86266444843207 885.1960347144044 794
918.3107997366632 735.0576744324944 751
380.05928920110244 841.0463398515269 293
733.6235779904102 579.4481683642023 283
103.89168623619915 686.4232847163422 82
836.2512343389362 556.1622997093959 591
785.2972222158072 632.2858391511317 410
389.11948158341824 849.6183158959604 333
456.6517872657624 44.88376509487646 234
822.9888187912985 229.74951596106297 886
857.0916750880733 754.2963489273599 562
565.842366721777 55.53684913077505 731
675.3307575958169 853.7606661531488 419
246.7818129682583 396.1308114432469 920
165.79334795632872 604.5764973537099 835
882.2195498670184 771.2364321314262 311
843.5280048604798 363.32440310351143 54
505.20707397900475 954.2830712540383 845
296.65404682681594 732.0453423041107 656
879.7111442276124 618.9764472609893 844
82.29253093910182 730.0419674908301 866
528.6336681655853 801.8265748933327 372
425.1268462384583 216.27670689035062 102
836.9122242871421 642.8766089594459 961
442.58754647734565 79.66908161853792 624
982.4925176891346 517.3719509599796 884
478.3849408951889 389.18861181334853 916
835.1579803138858 930.9830930354626 609
387.7292351317504 772.8343370805347 384
366.3548477169013 902.4511597072733 637
460.32805716982364 790.1363512628589 690
235.8990504039451 216.6666501136757 553
516.2221875665374 30.4487920617349 679
771.503811848691 983.714503789443 701
396.1325991234367 740.3410597233001 389
940.2510491836982 988.4332066261582 114
528.7369288158529 727.8468030455517 959
89.66016370421681 989.5516600871106 781
16.68917554191818 359.7447796522394 100
682.627939856316 49.28645819420463 843
821.9513170013123 181.56406966576532 143
52.63749175224297 887.1042862576196 143
556.8749377793348 565.0349986695567 661
79.65501565554777 183.22674016843877 688
526.8532117391732 405.3213686687326 370
436.96767651272194 624.995712035002 819
606.1642733988856 699.1570672484336 397
16.142081394877273 421.92818696534886 105
914.5171158393233 656.6264824458897 632
178.3488068327317 281.41230335530753 979
642.576706020672 853.4332278233297 289
170.23050294640274 534.3834165523081 868
421.2719933668881 727.3223693583659 952
962.5613874555149 3.077430046084295 64
162.83003337631817 717.8875121935433 605
555.156974917876 70.94500624257083 568
923.8007845383814 649.3065865178011 624
981.5640439144039 475.8193994016879 464
659.5082942329741 651.538192490073 388
475.94720637790243 21.903926702220076 425
433.823022207517 610.4253006480748 911
497.5637619829013 106.42040691291021 511
716.9374977887564 178.08708370547765 77
328.99752334049947 740.4583706284171 825
208.07504298742018 296.70429430270775 440
791.3822034699136 174.0358989163481 881
190.72936051358036 855.2283325921348 473
229.65285775321885 289.3802631062445 600
313.42182151613105 991.2841084660895 446
769.1721161040507 208.9053653047461 689
352.43222656678284 215.95587047665597 134
676.0957114493452 582.6864309807797 642
75.42676774271217 151.86613211883028 203
613.4239571467728 753.5882176744042 403
658.8489256861117 146.339301510812 813
123.08538408493442 628.2067418982855 352
152.4956319790538 339.12974550715205 539
36.95937209318845 342.49109308962164 915
380.43019168176863 454.0331472527404 536
555.6081954286282 891.2941978867071 403
673.1360797168948 604.619871241446 538
968.9721495542725 154.94585468963896 551
348.30871869350057 737.5865004124485 641
955.9902387479514 967.3015605293992 951
377.06729681564445 770.9466833615146 536
354.5251016457026 423.2467995376886 723
666.5488025034539 60.017574484281354 518
410.96845048760343 583.3027188027324 406
842.3882318930208 854.0211519860004 894
659.4757705856533 295.6250698638306 467
861.5068440833093 364.3939977314954 684
746.2530485306502 615.5818089561994 214
805.5431799821004 878.858757482915 429
166.93787078294176 460.56028013182646 428
619.662468627791 321.91129640322936 704
784.5452620856618 266.6916894984238 630
73.23822876500408 515.0831962183142 112
421.2304249746136 623.7246804685111 718
831.3423871079162 53.513919015411474 66
744.0877969777121 966.6119592968636 486
407.41569223956077 316.92463222878786 640
503.0990412120879 643.0340689579058 819
927.1546072837968 373.60892494111175 296
184.22366713083105 63.60564326092189 788
446.66737308220837 228.85049684910163 485
730.3883280458308 446.84140211530934 24
268.808861295608 645.2560857352768 108
745.1595059369675 801.4570484253001 281
940.6564660678227 46.81935145752203 525
99.87433338822305 631.6492016799896 802
881.8358876666492 555.0584944840297 486
260.46771583693396 757.7770217206981 402
866.1452799395425 782.616749240256 457
238.42835588467094 585.1110954890561 565
984.5573514380948 707.2699657285369 233
456.13234913940147 813.7080507167129 619
179.79922856408282 444.57777978169474 580
694.0683819420142 51.812559328123896 111
664.934729665334 86.40265348383991 310
727.5181657051149 128.66414916252776 810
794.5885243753658 468.55641095554125 310
885.2205883391679 679.4181297965417 747
564.553283819341 918.0519234709377 57
102.85477750556905 460.4314452339803 320
420.2157262858651 404.2669685319924 482
946.0089354665586 159.6452018630413 548
796.348345407706 555.5719349612673 543
632.3326395384623 486.50629523733244 331
345.62825098509296 95.46379156744867 893
299.6991117133031 344.0144880082965 397
293.27331557484325 43.99219652182384 331
256.62828144588843 700.7130137182317 789
198.3335902072707 423.88006371910757 234
83.63465207718824 704.2434928693972 215
142.3481637722124 359.75082415732595 30
182.82076796867463 39.49424698244608 23
116.67555849643941 509.34460996583084 727
829.5287362926491 439.65100956055124 833
976.7374529060338 947.8137088795182 465
506.06199339628546 575.5829608768382 928
785.900791469585 255.99120703125365 528
399.6898478991211 917.7663855945973 874
341.3366441466269 299.5207209246572 130
285.9575411760876 243.04514492032249 894
759.7973140646735 639.7174407607978 148
516.0875707309092 717.4697756000259 428
25.604268668631637 945.7428535797255 531
854.4522817304137 681.4689694977895 474
843.331351319972 177.46403265277942 627
505.5096969428931 520.1268724264231 581
809.0659029187898 624.7606472544945 880
989.1583011887708 573.1824488453484 92
811.4491998842346 9.608150549475504 29
280.625651528738 57.22150222992417 38
106.21556376455898 835.6486067313635 33
937.2044259644146 498.667579328634 281
829.4715880387364 218.83000779789762 515
913.7990341952907 237.82610387832824 485
361.5594476057308 226.19018378146473 22
736.808739853087 153.57657063121155 525
843.0203739057334 882.228498028438 348
777.1824753727531 207.96719257946327 20
7.886242666026999 431.58983101599546 113
847.5113369121051 288.0778273661346 311
282.9837804405606 367.50584168625113 172
416.08333113778815 353.06142704635914 305
10.685086239747953 424.2869960355362 731
491.3612117075783 830.3469526786557 349
805.7233759202637 354.4083321569025 791
807.5556272416421 908.0889326058506 613
479.22896685356585 914.1014597530282 765
907.4743671917004 607.0326682287367 435
626.0410872248776 350.5418857251449 543
450.68134817646643 867.8177341585672 300
332.4443137226002 59.63828030631713 474
876.4409303428318 836.9470456688526 206
71.6307961675714 727.7617176163352 721
220.0393207848107 683.5723079874463 324
973.5787328708633 152.2409064769009 416
433.37794885053484 186.14017168170628 155
153.72057635129664 135.7846232462514 158
82.0648356328717 955.5994098235375 823
709.1646378763031 963.496030451641 811
120.24809377519618 775.5945277095984 279
843.469279994956 425.7293392972504 223
456.23062655982795 543.8704453180527 510
328.58075997266656 551.9291069059743 309
861.974412415494 250.9105501674551 269
125.96241055616008 256.73492052791534 736
829.884745360435 647.2078183595899 105
418.4133673697037 960.0039261494067 732
321.8348852465137 940.7179388224715 681
541.0025090541443 993.6698807463943 249
344.80065115995995 562.380884377975 142
328.427914052303 526.1288161885856 12
343.36742943189546 710.5217339143963 214
795.6677774919407 650.8499027602503 728
532.7761392464856 802.5303612450991 560
361.7959646327401 474.44590944720164 327
23.60569066353213 456.22236778807013 492
706.2225481691728 79.56876148333647 277
959.0149938283682 964.2655322449455 191
360.47662630037337 421.52060657945725 563
851.6053287823222 903.2328902323596 426
408.67674319681527 169.90771740622935 968
557.130484098502 608.5951100115293 220
624.8471841601304 646.7457391072197 296
643.4484024095551 590.7234064394481 197
923.9748185028016 764.0085568768893 884
686.9024993061917 602.6758451453935 9
563.8253380113841 180.61451505760328 995
835.3266029567811 490.64389711970614 667
781.1810964299698 794.5276340480241 494
727.0177701740744 824.0612047011807 947
688.2306988982607 928.208531158916 131
573.5307300798169 0.9474455563989181 885
176.13825678930718 246.84407280070752 260
703.983510819904 40.403053921183705 199
983.8840112248854 407.65786872608766 373
213.3993038982236 225.12450485184976 803
493.0189545057885 308.05189148793653 980
825.7150530052012 408.40082152065884 290
658.7193110410335 817.1247911565849 105
489.0510302627179 474.2679464712132 436
208.7849339281126 290.443696394886 463
176.01614209694415 945.1733302734443 58
576.3468293164384 265.4465903740759 812
628.9130151821178 75.98427343475956 831
99.99562417215479 410.4642875202842 230
80.93494951415336 505.8262909123326 468
183.1194042730281 995.5287462678613 869
643.4762656215788 51.20396233473756 179
691.514700155735 843.9527072566566 17
898.9148533190088 918.4865081648204 423
408.9589996544538 529.38163010885 364
831.5037894094557 510.14747967690033 194
547.9904545131772 392.8450602060275 816
255.05901550202304 712.9140920105408 830
110.65151990584509 980.1960504198037 920
128.26160187044832 765.9634489971372 979
936.1137326827529 669.0981003620428 853
147.3593161974621 333.5483302856723 848
296.48241918474406 478.28634396529145 166
737.1659391172411 978.0232777433025 548
580.1400182092133 751.1345213787085 50
686.6966170404693 924.9045517829826 717
224.60544314441776 478.033624716473 119
130.86763639514544 273.71783629859345 993
177.19540823725976 601.1923581144673 722
266.5328036698257 525.8153804674764 333
21.290783531786374 454.9190400988088 42
527.5401441403624 803.6825330022508 424
758.8812031822403 384.59450505613455 455
40.2271875400877 254.87550367154967 836
567.0643680656716 310.2367031144421 654
635.2978300947418 562.268263482157 577
503.90516987587586 397.9885347019446 3
391.4062783145119 327.81337869531535 102
512.0043417375264 922.2175201097338 447
967.777828776713 275.64693145840846 127
203.54433652961868 475.08537776175353 796
743.4616962165089 949.1252705476237 552
241.16579378728542 56.15636044460792 628
924.799842963711 872.1329193861368 262
78.55531068681276 701.4086665556129 590
671.090379083127 544.0190591578944 221
456.2364656012052 526.0566915505382 71
123.40150837099372 501.488846308641 135
689.0732419190047 46.85349666177751 904
496.68917893820554 93.68019513695714 200
789.2514082742553 520.1505283853355 630
346.05625427876464 605.7627989897272 207
186.67470918190065 807.5670535401915 333
137.6446087500466 71.0577408972407 202
448.9645477881735 535.6970558813287 644
649.0501147370829 176.0022993113245 50
485.17240190011955 828.3585622701721 873
294.3466294339377 48.36151497260577 700
422.0214881169042 375.64192771387286 383
777.3152297178875 166.32635287786667 762
625.2664881708793 555.8127771624762 103
973.1063208749114 941.0423125801294 647
736.0351645196854 425.07698486678356 871
476.5971437117451 595.5107546313465 807
924.8484016749808 381.36453397988276 478
130.81438113968068 250.16833636262126 304
165.12801838363777 398.6385778377664 552
657.4131726114 7.617692192248615 698
565.0533014117372 318.9276183521962 601
235.4391060152432 827.4930304244033 501
790.3260478920929 49.11829186159999 12
234.08647008273576 670.0504429470859 93
5.064141899117303 969.2990871426325 333
58.35323942717818 961.067905836397 82
429.9731818617768 497.38927280031197 630
842.3688403350179 964.8669118932348 891
141.63221647053336 338.69204678420516 323
651.1023984513121 679.9064245109618 556
263.9415216038266 701.3754226503642 874
57.30850864963455 418.9443074611244 159
69.12413935541383 728.6956828490505 15
677.9547610567319 458.16804531377755 97
122.23201290597751 869.9136307382919 619
604.1530941448146 112.94443582569336 377
988.4005675253318 61.80759366835109 787
313.2049399843638 58.978219536912846 482
405.8503750460937 630.768919960728 214
900.9904060143722 35.283309102608015 954
505.99031017660576 442.9230850354243 960
644.9224115209399 127.54584665923285 705
281.424050620112 767.5212007306359 632
645.5731780314698 44.25654670801804 769
407.9390475073813 307.91083355854323 200
453.9004444868242 803.3868393704386 711
163.69664337826896 65.9984750010173 694
508.37268795166636 849.4069575042912 416
873.9351154976108 539.3218336269349 943
787.0442946313185 839.8564146827667 3
541.2798010521602 480.77942881736044 134
391.02413724677723 398.3406761832621 304
36.23538344541588 658.8377001097373 8
554.6940410868441 973.2744137737259 429
436.1022086829266 222.79156112230314 27
895.8602680223655 839.2843665372365 230
940.9818966500357 785.2550338048321 44
408.3378583160031 9.3539839504444 123
136.64531517242708 329.6139919123052 647
379.06868839467336 35.28301262682842 566
882.6739930464196 871.0414984123893 833
991.0842621688357 21.24649033197068 596
74.95826766396473 486.25869161352074 979
926.1472172737 659.4841343808527 186
628.6007273093496 609.290399894025 742
608.4734928569544 654.6663794755171 858
904.9460812572205 675.0544434106554 199
747.4953487060556 397.103309007108 901
497.35417982573773 642.0613819826533 710
465.22708078568706 835.132436568272 726
239.82922208918222 882.3364624835317 647
892.5053907554903 58.74753536794797 822
979.3937572502801 852.6466940472053 844
632.0265024902196 488.22602470784796 423
277.4036311357582 94.81316041847177 160
628.6252616593257 133.39954830349353 400
655.658822652808 475.62693299995993 224
398.5332594187945 467.13166515855954 849
188.82097018085776 565.1948213461118 134
5.526430449566355 104.38216205397843 417
248.50590459841936 360.3757972764845 219
598.8238985536534 939.9895866005882 601
791.9083223249551 436.0551778147699 696
475.3984703926407 811.1344101800033 585
681.5332508898964 405.5337977680297 732
861.5267595224772 665.7911467400547 950
573.3998523843316 937.6930270774294 322
601.0302370782646 835.6954982765754 613
789.1275714593542 445.1433199889838 298
21.943988345505595 416.25153807450766 731
618.5252926287911 274.2483664468711 163
614.6772352254555 669.589151625588 772
314.82246283950144 485.3692927673825 613
200.699343201882 466.2508351436699 572
562.0806714261528 329.3786325327305 497
158.28197840824654 873.578431980234 524
82.03195160382492 110.28476657390607 838
924.0382741032961 121.62096884690743 131
254.89987750578325 790.8034840837582 579
27.730519040067513 675.3804604593047 631
808.970670750957 944.8271720416033 631
539.2382464196062 361.11331960264124 846
109.73271896054426 630.0280909880261 50
984.3924570026799 930.8939712745581 513
812.5273123601289 539.677869903986 31
154.99892365376223 584.0556082238732 405
372.8158896717387 111.0779658514216 900
590.0619289185528 422.08641500541745 754
772.1697473047985 251.7100595279158 297
829.8125954064219 35.06811120976361 50
264.4481034050675 910.0546290176856 427
442.2502805988371 598.863768282808 169
933.6155832974479 580.8930914635399 251
197.1495088214593 40.443739418269175 826
719.2708270205193 795.7799382387439 426
290.72824476681825 559.4942911392702 375
84.71148808260531 762.1922948113385 878
898.1117674584737 901.3769774323118 511
490.7255429033961 653.6249271693454 745
469.477846018466 282.2405013224449 227
245.2897477637851 41.10749896761345 925
978.7245810000067 263.57503567103737 121
688.8332632852452 107.68271520521478 752
54.18829668145464 381.2442727253511 530
119.29395610995563 700.8470889884205 286
612.8058089124129 445.0298910541166 24
150.969371960195 171.55819076966995 591
279.6424425891968 818.2879858312488 912
963.9570412361636 32.056325978619626 949
282.6110604624896 202.64181096521727 423
796.7547813010256 895.7038215808977 343
979.7110670691133 330.8995977079715 543
428.5344364890652 180.6965558354484 565
298.93893210200827 530.006420764301 920
592.1402962008043 714.6563351795448 283
20.11960976205074 156.93541870554694 435
27.8174658097039 898.3664884731609 228
402.70363295680266 987.9009410799275 367
151.99160751417196 422.50907511063883 128
719.3237481032907 812.6050241569424 488
491.05110236576945 407.2805695443409 453
252.02742000277712 951.9099045097734 937
882.2970592549085 4.738810518924885 57
980.449855414992 297.67674626421 894
410.38071846309475 347.26531940599335 327
825.9953835621188 46.24516216571817 5
485.6400853874485 324.03711497495834 420
681.8553512295907 766.014380863368 249
556.5797101735062 131.52437736801681 811
307.28014310147944 559.2490439173432 259
164.03955314292006 522.9624640036507 575
866.6896408864745 693.335733828746 287
48.34997842223498 180.522904833324 883
313.09749074867557 748.1931611447139 300
755.9695808311994 224.3519519970517 466
939.2088125711975 189.08750520351168 276
250.03404440448972 76.05251352862807 274
435.269340039952 858.085759482204 825
739.897045173712 602.0172025152593 486
417.33841478572384 23.147448959918936 741
617.2796596989921 17.70926553841623 310
619.209525838393 803.294437090857 989
770.1194350723631 879.4904521336123 159
941.6819190083388 377.4001047450887 318
841.7153188276409 844.7139348450343 43
674.4969777818067 391.1654965282709 586
644.7123501098415 309.3247700283385 700
254.86156581475095 954.1975697214448 441
107.54359013971104 301.75572283646414 876
968.0042157630883 720.0404062710819 778
58.60074743868615 257.86568936107057 186
294.7220421905939 513.5692813934946 661
251.4351414557232 879.1278687635921 592
32.92269475735499 708.1992371803275 254
218.59313044022844 15.010629135597586 567
353.3742989398596 167.95831077353063 164
595.9288696435527 711.1847593981254 103
153.8426042969361 777.2308488013545 214
889.250745837811 195.71658735166676 366
104.38196510886122 184.26978306352981 417
743.2580294638631 561.207763803648 273
802.994690087287 399.9552480716768 225
64.56245075203782 291.27491662497897 205
565.4351226981929 153.971310805471 325
484.3590134264077 751.8745364130167 738
791.1261709690215 498.8432254693118 587
649.0596851453279 161.64638047265169 843
455.81993952671405 38.4484032418585 399
176.11222778006885 996.762845964969 425
777.2261397330734 49.04550960388687 275
340.1827259740292 714.4780404697743 186
863.6620178398659 628.2786543573121 696
809.6588843857496 575.5063859245668 878
874.3377464510885 954.6478251008837 537
546.3792822098555 102.01761010011789 103
644.583367849935 847.7087692389578 126
143.60425682813027 186.1045645002063 124
288.1615350784308 264.9880801936436 604
221.85143172513034 289.71284954731425 276
789.9215920398802 259.8309373438995 983
852.8846591242258 851.0124560750229 599
472.78664528334843 69.6520517735486 541
613.8192234947613 83.60971927149896 390
176.08274306342696 79.32498419579682 335
417.5954652459093 41.448489224978125 882
762.6164389685482 537.3969543958749 526
973.4778208375833 584.5790413294416 81
129.5364952247652 567.216693403127 511
758.1206982432952 970.2101689557363 352
259.23651360982234 657.3941879161687 662
631.4162256564822 562.7766518831925 346
975.1478294684064 118.83774142177661 969
885.4098272236429 238.0441973785421 104
584.4714325207137 958.8127797145426 715
932.3189680050294 375.6025100903071 555
742.6708050020836 395.267253123772 580
383.58933975478493 179.89792697024043 876
842.2786999902984 647.2139132639564 439
693.9475283081189 436.141613554612 251
539.3814126546808 284.58419219367073 370
238.39497245965725 342.27409453205814 63
147.55626674446364 685.0483281700066 177
826.3015873229356 210.97763176018992 369
909.8642083735023 74.07326821794624 521
438.8049745361522 520.458773871297 8
963.4845337712931 938.1574189622694 303
690.0689054538252 62.14895748226679 678
926.5454784339171 800.2731294715613 105
352.0034744516651 574.2087185133122 867
370.2319524678036 305.67408431715535 549
774.1633644728661 64.60632385868936 503
938.2650427282381 943.5188144981647 206
378.628811764382 769.7970618502313 639
861.637526826346 128.83282004417828 900
993.5100441235736 298.96941346532026 912
629.3717157390562 551.8944672313189 336
415.7050690290815 496.31406110995937 486
480.13061342621023 5.9318227540470225 594
569.7029005184853 556.0008122081572 419
998.8263277217407 153.9737719355655 487
546.4583981404651 761.0771709367382 437
991.4024943848951 534.4066921793822 692
803.1691394747262 660.5732652270374 70
160.116960439342 961.5663142772372 359
705.5361670548646 626.8494182721776 889
589.7530816245246 268.7448882015985 810
166.90258615113717 599.7194175844188 609
382.93858010492465 920.954914662908 490
132.881456834695 205.29785890029595 228
498.82449959055543 655.8369439343534 827
968.0271000104964 904.3264042813755 477
150.4441528830157 407.76803436321904 525
717.3718681186604 57.80878082063412 322
912.4654153698547 351.2319051034998 516
361.6226380161033 973.4299847899299 177
0.1992029319535238 161.80336444754283 408
866.8621374735698 196.59008960007807 933
916.0121311654005 179.77480304637572 424
881.9396151906104 874.8529062432174 500
52.84701637507949 271.472793167571 569
238.31583190031213 849.588177290493 793
795.0172980882554 394.10199547507983 559
22.997690773062352 452.16008064981884 23
422.4443054548589 98.12335943325057 628
680.5842118981874 95.03799317039363 120
193.49238038796346 477.58659517530333 436
808.5403714829616 194.07935059612868 330
41.61505453884207 475.70132197094637 175
148.56081353738537 895.3521679773767 700
916.0888114202492 536.0641911191087 22
100.71418566883128 868.8882679340356 319
599.1796347741092 607.6741426069219 737
750.1857383378864 17.91180966837347 819
962.3556428195911 46.43503139408711 144
735.4978895655757 739.9517708391401 63
472.89781196219406 709.2711662669318 10
334.135952492887 711.7662964674319 323
317.1808608865192 446.97415944373296 983
323.685740107713 481.1653918459834 80
842.0037339352602 483.7915843447361 231
551.3408645132731 698.5195378296988 936
972.9402843331425 366.77227244096457 441
994.4856221483418 922.9250008255341 466
393.4470056503854 987.9526380402252 827
33.05689149367086 930.8723677024799 12
533.6531800743612 772.2301273226792 409
575.304746803599 178.60329555629394 329
477.2405208116918 627.2711349058355 228
352.90883183459323 35.601912483102296 605
175.65613169867677 459.0348829575245 845
161.02647990795305 373.0510318084992 714
969.0193564381099 64.67930073414085 377
460.8577332907785 711.7143674577571 955
119.05475043195423 7.578627741506194 97
391.39497005721256 258.227897180624 251
473.9658509363852 612.5225839373703 21
135.43139989762852 897.2347380954011 887
888.2206331379517 292.67531798600066 526
599.737534265185 859.1428480480631 613
182.1597480579288 752.4369376025304 479
347.06602196615046 463.9356076863108 87
926.1743102420373 199.11344360072104 80
379.72752017568024 973.2352358369652 425
537.6793026074638 802.8380218414958 903
743.3852454353365 818.04433011749 216
656.5950737602514 895.1084666102621 161
876.9645568783322 21.92285898346713 784
816.1886203898612 126.9671981594438 873
512.550383265846 765.7163949745636 533
618.713347920632 804.3477122798168 118
158.57012180523412 632.6183234951883 450
603.4692025102981 347.86077147271067 438
868.1706342619665 265.53663519333827 313
320.6757938669983 735.4299781886199 401
87.91492844000537 783.1833521847394 944
752.6087079210797 361.8182026522261 855
583.4855730727169 111.68662907859527 468
413.88996440649237 378.51546633434265 606
381.2219228660409 910.1409799662886 554
358.47171449246486 651.1346755619002 860
450.38967948803486 602.8076484876266 962
528.7499614037242 635.5479163894315 941
