248.08615728231453 477.29644916621214 626
583.0347525227369 886.6019131474119 836
808.1114354392004 154.7561193321937 212
678.2780488405984 506.9174895465398 232
947.203500547198 2.674971132997417 510
80.83235010424816 58.769934203232395 123
780.412351273755 471.3984520069351 477
992.6608354128424 875.1627712081045 307
321.7505144065457 616.4678506860264 945
32.21865691688941 64.70805063041074 846
287.84544918933466 680.3037135672791 514
604.3697115518446 213.59687708391317 426
207.0267800611525 204.90499484383272 961
279.9566504894354 52.46794617448825 14
147.08059079855374 459.22052347839593 824
365.0271978881909 249.31031310328044 45
293.8190981634992 452.81542648740816 356
561.7497387517318 240.78829850828453 517
276.0572209941281 982.917787948198 680
582.1441024919621 691.5035512618284 708
534.107845446648 786.9821953413884 343
230.0862368979566 819.8704138733983 113
417.1078311394076 426.2814376176842 827
673.8897535542733 135.37713917323592 445
655.936597451567 239.47804230255153 830
652.4223587582195 302.68484479306 471
43.46227025753091 210.77515994702688 88
396.4026441409768 772.3545751252893 198
944.2215161949802 319.0200235558337 185
387.65638993909755 466.8284749460209 529
228.00703672775137 426.7825629532227 17
130.73377452636637 60.535236411632276 305
905.5428496647195 501.0209615810083 548
957.4525933656647 777.8261158400285 380
322.87207864411647 67.53911613739594 756
879.1835600630404 753.7565766252721 317
3.250709443745503 876.5466680498419 318
678.9558764866789 43.74893881129005 643
42.646118820371726 379.0496189902128 454
680.8685911145927 479.2372738104593 938
580.4768661112223 49.82646195138874 310
55.172414230158175 341.7710377873548 852
373.7569238661469 932.2995805657122 67
295.38064584759525 154.8291202721267 955
379.0912341790029 463.26416192538625 53
368.658249347646 542.1759268585396 281
388.186744158352 178.55187247985847 745
927.2565104339794 650.4421445121548 111
598.0859192958651 666.5225748777658 942
106.79635531239306 281.2448725336786 385
429.4759178017721 630.2505430554261 132
119.01430673001468 657.2131231633346 490
418.24754095529715 207.0336956005935 557
931.7695966960721 610.9077990950117 470
299.49303943485995 615.4895482946686 71
256.62602941897563 133.46170202335472 953
796.6786408930991 291.33563457262335 159
954.2307244329678 648.8469092091104 73
392.4262531465317 371.3966258881455 600
719.3199112266618 874.2330864390715 923
161.74268618206057 971.6314032142159 803
239.52014336305706 684.1893399059651 111
368.5514247015401 769.9033332753643 82
642.7007065414725 607.3457019897636 813
848.9670046719781 404.09155638871977 349
648.1557841606905 822.9248747721393 509
784.7199598703048 114.0933749884594 193
485.0813312080198 525.6597622381287 269
687.641293334401 930.9107062255157 373
661.5358746915443 277.620139861432 811
998.9793037665161 464.04579665581855 900
158.01224494705446 603.3588672869084 377
590.0156632689759 979.0693801160473 401
982.2828473197536 624.63501678594 940
401.70298544251557 98.36879642138041 910
395.71550308299186 56.69264033994648 236
764.8832668437315 689.2303055654204 368
287.32335394500876 156.1254132300801 1000
565.2010835473565 495.16533064389944 427
816.3462560669833 855.1589580259044 722
690.4088685789407 246.7339458752975 97
37.484745435859665 535.6682728433753 235
107.13065758386442 860.7971558525268 967
550.3394233148359 626.1761228207624 442
632.7884163841671 329.1276677679278 894
731.3258631561415 464.4980574741269 224
47.270462415621715 930.1182960616513 928
6.210370407422006 604.526023752456 968
144.1519767640239 784.5860426952539 529
802.8790214595901 272.11851331520023 844
930.9980604760094 551.8043193025891 337
963.5596215430361 192.70796647398635 229
962.471050442352 59.56977555678022 337
903.0379014981861 774.026135754062 141
858.6153163506884 996.8910595309699 306
496.3365411001185 223.52693364206354 236
4.7233760462241925 328.16033347112614 716
886.6195634953739 963.9706739213431 156
758.3016150170213 348.18979001109665 912
368.5201527942413 808.4558051982926 552
618.6164468238511 329.6212599590299 21
279.293897719875 244.61171675134852 802
699.6061252111945 815.5406438462772 362
498.87671829576595 675.0743373861271 344
939.4842468633811 280.2234940823428 747
409.7413709026811 768.8918612440374 212
108.62606152159782 796.7427599014978 472
14.181150008060861 328.9274812818246 750
142.0851952656007 76.95723387245745 90
795.7634440802038 821.7660984454118 17
903.5753315630628 122.97546532296843 147
17.262677404811466 57.53020639678152 731
400.429708139754 368.2749783317794 992
377.707628628305 234.03463452541874 19
305.5459220950736 678.4834280028988 461
68.69529982223577 313.7444854412623 356
977.6234356237469 368.8107281062897 498
903.2723512123563 296.43258003232586 14
24.343031552889194 817.9282290590428 498
14.207333603164063 841.1296526333174 848
246.55531659216612 658.3086134116695 828
868.0992574829937 798.156293889961 181
640.7235916727236 973.6567073185317 541
160.98142511377156 861.3951819560148 632
501.9231751027453 952.3804086392544 258
322.19961434362455 289.58378001948324 907
796.6153707814246 222.3774647310709 329
849.1942187510678 6.64397965264818 124
385.29918379324334 700.6151020232273 505
972.5753893772028 964.2948986656445 832
924.4201495447439 137.72242382224564 198
748.3844453880384 377.76635224979003 775
423.77640582824216 697.4481364534149 536
507.04476187683133 309.53747092686245 923
924.9467903532176 602.2467224508457 212
140.63065884559413 843.0183135098247 178
555.4065278163555 623.5686315740895 941
838.2505250596508 430.94977361881695 487
950.9693718966128 417.95846327288353 546
968.5565485052 429.33614250359574 400
904.9137412587739 812.7819628522601 70
184.29988272553223 330.3531892095847 781
486.37016519928756 600.9943160368033 77
708.4191828549674 213.72187857642956 949
337.4811929577268 336.6469804665346 410
453.00294995758964 6.115815600100216 368
819.564579743839 678.8563745769704 485
596.7127189024967 280.37742242792854 774
29.023742543221598 317.3875561045374 429
409.26605026535424 884.4116218837199 306
684.6235567263641 702.4697811051835 98
698.8854436319552 247.58556463630242 34
37.75916338011254 479.7412646332652 524
712.1276745625445 929.7907497218667 948
965.8975296610365 495.2327026669506 689
4.33664822510027 575.8732092518188 635
591.5239088976447 603.8823504767337 43
855.4746960390345 683.4571343459274 487
260.0684643679515 32.554909903760645 664
852.9209679302172 852.3199594157411 775
878.8307782410942 193.56588003839116 933
292.3434368875925 766.545360435497 824
937.7458156798155 390.2877159030526 833
119.56351573681667 378.827170619888 245
869.9251860120359 370.2339421764472 25
38.56603225713995 454.91261730269815 942
905.1154456555255 193.02550501681958 912
899.1879473141031 598.5898194581945 14
365.7318468987261 489.50642558007775 681
904.6929735588748 104.75710007081761 742
280.7508244255651 569.9328141115813 333
957.1711677727317 674.9198137663047 60
973.0385746668759 874.3080155588273 388
124.92662305009861 878.9836519576269 478
574.3232862623711 286.08631236171533 881
394.9044922687498 814.2128644065148 915
879.2579151970614 892.1879293339593 709
737.5040476264943 108.50873893616675 725
740.9688256638195 516.0203055686902 907
575.9943922478867 933.3980040905349 24
317.0935729649423 527.3186660907522 793
400.3937036833008 727.1595745268994 23
241.58329071977303 509.39025318616626 187
141.91739450356022 721.098838310799 550
571.925785648215 595.9077004941848 854
446.72275465157287 895.8368291926461 778
132.2362704329356 507.1487842401391 571
447.36300361602855 810.6972492985096 687
748.9840266165729 634.5680609379764 110
885.2168784187688 347.15615061774287 833
257.6195439697307 278.4540455735951 529
557.6658611790735 718.0187504055269 69
282.0565658051544 381.71800931105514 511
976.9451760658459 779.4041702685115 82
176.97343404029488 385.80939598206845 632
400.2459099728591 304.5039486977055 865
454.28097298928014 159.50667249328154 690
292.13056288510876 396.8931884459325 965
656.5965946191404 326.30847427144715 950
46.07963662269676 743.1479680033099 437
568.6193322285594 921.4949296187136 248
9.336211018465823 694.0965063497976 275
504.59467285426894 746.3177917507235 71
746.5523158875916 447.8586446395717 211
236.65943711068948 7.008547611551785 580
582.5252061097559 971.6684001358349 329
387.1163935360883 485.216589645955 19
213.48281809058645 993.9036035727293 671
683.5674188306831 612.0014168038875 38
525.7096942603924 860.9874337119023 895
701.0987449928621 940.6787014636989 136
506.3965504870334 110.3719249841938 365
385.0773914306163 675.4032338351385 121
590.6107648071172 279.8124547698669 238
945.736694103984 542.469028543273 450
873.4209317351527 805.2938220083008 938
965.1557071583885 926.1048355572394 540
829.4371437281557 911.8453627512376 993
901.1450388397897 654.4664991951886 619
797.3365787409411 464.8024207951463 463
101.24092830100761 100.2773791181838 557
949.7148483684747 611.9044309793145 585
390.5808706410331 726.9362791242237 493
633.8625201807142 433.53992494999835 989
698.0240814661892 792.2310762435427 353
739.1595624676509 68.05049529055852 759
329.15348669449975 209.80372735287034 468
884.8010854914992 412.425496831776 167
749.2956418316668 51.27676211456678 995
634.6767037856293 523.0082854360296 803
126.53408641861874 517.0996299131252 849
588.1278048752174 423.296115315739 997
384.5779460295295 412.00028484884785 43
400.0271703157841 136.96795288769727 331
968.3252143755202 456.78405117944556 254
783.2196529438849 289.2076510263717 456
845.2899765326032 894.6110226022371 977
127.89666260037491 53.34130573892926 250
187.54624927601571 78.35403230496829 161
388.81593674087253 318.6576283894349 120
472.380138107551 859.8125278767316 659
961.0117463662162 784.8739470732278 799
300.2655750962898 896.1788214340908 353
906.1027746871371 900.5558212347414 762
382.4166794044909 846.6286015288371 984
987.9425916191879 318.54930540828906 643
537.7353780012963 97.11155981687891 115
853.9916877326959 260.3162343328296 8
443.50997818425355 288.10354924068537 723
94.62677526938235 950.5980669886493 162
483.8941846481484 990.4370553550435 521
710.7751325104532 679.0729884322043 40
143.45367280281084 962.2809130676029 789
525.4233029557872 102.31237613415533 755
569.3975343334264 571.7559185497794 911
673.9535085638347 914.3382729464563 324
18.06523929395498 950.1580433283247 283
449.010094711111 694.7903338975834 208
937.5308422115612 94.23937089339141 833
487.32934695407715 451.1798686495474 430
291.833267890216 897.3457936125226 40
361.83440018999835 651.8064387014914 137
694.5804686645785 219.33735216311402 137
295.9495780198158 202.43131433813576 312
544.9232907437402 340.6807357283735 834
616.8535932377838 317.4037727085984 1000
343.5612547634326 521.7490222601692 1
844.8668049456625 547.6595972911992 758
351.49974857514076 817.1635405200633 516
627.4607026917806 920.8898811105647 954
487.85118995876906 461.5471918734989 975
445.2215590165667 647.928950029319 482
129.36870785948196 281.7795023919859 464
117.01337866277173 411.79303420018596 163
59.31388738897081 989.4282903951714 125
109.18753884357335 759.0914405364533 247
380.35696574818013 240.10473670511257 909
117.72860104083516 914.1273863543498 798
72.24237083855667 996.8737864617623 436
612.0049445658441 168.3964549369684 468
769.5150369135133 756.4242636019567 349
715.0021108775034 992.8377875153119 395
780.8273702388245 111.30411722819733 16
263.299397011307 509.7642430564241 780
408.8212148754149 991.6562823469993 908
357.19689654940714 459.6524080745541 46
439.8695042085916 583.5155454281697 922
999.9958170543812 399.5401514713448 859
929.7125565028871 619.4641857966576 350
514.7978736228313 225.70945608276384 763
328.66186208102846 100.347076951268 149
686.904597300112 845.5471513080986 826
371.6913421849632 511.047016452874 862
811.7365690474755 940.7265930427085 234
211.2519008055327 424.9419071980197 689
896.4785322565713 848.9931177503763 724
310.6270166098304 36.414669473130324 491
277.0762784663929 869.9399519199491 717
856.8206911884259 275.90662027167434 521
158.53917709796394 530.7768415762839 326
448.753435649218 739.0402835380581 725
146.5661348109164 195.9262871446964 626
304.0356860979907 978.6538319264075 891
180.9340595901189 441.35610944176887 820
504.37775923700514 352.8470900234454 111
199.34193125250277 888.5325601562955 281
696.8580782409374 144.23765217353767 490
131.9339621046478 623.3950095336363 690
552.1358219789275 844.5624300973809 48
451.3802002838928 622.883152750382 141
824.9145940963547 398.9552296849932 232
52.954938497923656 841.3643750968978 35
949.2165917192814 62.29654347561564 423
803.8219500216505 841.5081603972375 328
568.5696772753968 347.9286671019077 107
820.7628369857279 902.1575726621475 520
699.206556670705 934.2893545645564 981
482.58993728570755 939.3244298979725 312
861.2421902217749 758.6678570250542 906
493.1910142340106 521.3800040944479 287
584.2673089709612 432.69306996805193 580
784.8617828424019 295.0510318665356 464
236.12131023747617 90.0663574199616 198
911.258033833962 104.35844877175427 412
563.4753776610519 783.1249526937539 218
304.3449943141486 90.18573960150289 674
410.6685726484878 970.2945742565811 406
115.19299170703357 154.81068682067067 270
751.5237386491561 929.0974981975622 995
377.2110124483477 417.4289099076256 900
651.9718060399864 238.95130938448318 995
866.4693419867439 115.85124623144027 732
194.8895049931516 309.66915204482206 141
48.80460233949779 544.9773857476107 900
501.37676442901056 632.4641383787722 951
678.4852599142524 566.9292641684841 446
415.83983608278305 92.14314652348155 464
768.7293458441526 874.5806984634262 102
739.7164878484324 32.26438115517971 645
364.503556141031 786.2043235366692 475
695.5926752166525 473.47470526112835 928
642.1201099419139 858.9110740290973 380
379.91283059185423 110.60742436789451 865
235.30893648181882 249.86115558442478 348
918.870799713837 348.20931826975345 1
116.87390098769524 8.309170489947393 771
0.9222575158667201 891.1986213436188 959
115.15508318008372 581.5834665147977 449
38.95314675167294 21.304737734703984 301
501.1955358964307 397.3972897254897 97
493.2787297622956 819.1815913722251 702
360.7612337536109 227.2408794118902 324
787.6426726478815 252.33666496823037 65
255.33127476376472 817.119062154546 391
237.5157786944002 980.4100153230819 781
800.8102258195997 121.91108174792475 815
320.2157432587288 796.4036415410084 616
589.1701065416182 842.7914756254871 874
583.3361283504955 827.2339682726462 854
339.41643948542963 632.4371445763629 714
628.569017974213 601.5753022990754 98
20.564423912200258 655.780774521528 67
156.34021455574697 442.4825736208291 395
596.2831316328759 350.0876123307897 762
873.9851238418686 110.19378471341523 380
855.6177983001801 82.87624474811605 287
758.5726491166565 889.5908974592294 654
35.042150945670755 354.3542493319496 743
727.204939816879 864.558331224005 216
991.2106057206415 923.0305078804164 713
113.37834520022416 186.0523575556645 39
805.9850898844131 210.83017951477112 733
665.4833142812449 776.6505704924664 311
180.75723292022238 753.1443255821442 193
984.501087756797 88.36498043150176 142
626.9965158222652 621.8815881775114 256
633.2154911212315 978.3727355736495 793
248.73180220076907 87.18591184060497 701
280.87391881144066 55.77436801458735 622
769.4750648451842 253.0043131885572 546
122.33892521332889 317.6614696421738 280
336.68514457769885 731.9826441876921 563
397.74793041339575 883.7188200169809 892
480.05953290199733 324.5838192619852 524
678.3032667180939 227.84718757724943 411
468.55459117757226 992.6723415508545 597
509.41561960478043 610.9578836964198 997
374.9528619584133 287.26208925028584 407
842.5346124287538 967.4658644209333 836
93.42645368128433 795.8969465492972 725
387.4529934625883 994.8889476415202 346
611.0264851852914 413.62870621615866 682
872.904395825237 96.34885252681092 854
536.7516457969496 74.29774947815359 733
466.437379172536 82.73186088714036 713
712.3580392149375 61.90960830789849 181
271.75763664111616 487.41616109706376 500
216.52780868348287 588.4534788220036 881
348.02535244362986 686.3256082584862 176
810.4229755811477 298.23886940700686 606
699.8647624263292 334.12707355108984 189
343.08039474343354 841.3198140288217 464
303.7856731245174 785.5930856986893 344
532.5940413454043 808.3353940407296 711
435.9931813691358 424.0924375278831 78
872.4345620146088 768.5827027896687 968
885.3636027408846 522.0774247823853 322
131.76947791497008 675.7896863567488 46
171.75831318260526 141.35793359543635 480
121.59766099601255 835.4765832246546 893
229.06111429677134 955.7960331367395 533
936.8166331267815 684.8779699910921 386
65.69838877078315 412.90763989974334 997
32.86063211507517 608.2038996480127 731
666.7200275372344 749.3250505815217 283
13.950582382777243 643.5498069027607 327
158.7111288022589 722.0904097629484 900
78.05919511392123 826.1738420476751 186
517.0097720271588 770.5546093594711 686
944.0469088113435 762.8197350708098 832
745.1173550104156 884.386573316859 577
790.1581056382897 38.15133284124883 850
556.5971962042399 965.8257923952268 909
788.7837330097066 13.849785145665816 464
857.1111115773797 611.7350642362652 546
351.86753184227194 199.85755603134848 831
32.58153969659416 54.62743598235087 304
500.75073752430797 872.8025614864628 132
449.5615908809306 165.8814561516474 459
155.14499439890494 82.01246962691333 800
861.5892852286287 93.10528908708349 460
603.6244543886377 392.5130230217628 711
739.4742750415803 963.9398335988303 293
286.000204717063 320.78176683943406 966
906.7414917023445 75.39174162629503 889
425.82722909904027 616.9348210110102 826
85.74423898715577 118.49603320141766 435
377.9187210498043 994.2256698958474 342
196.32366316029072 237.4726115449517 620
792.6037863789531 845.6322107185875 904
261.5604439023217 149.24297295566612 706
606.9173125140309 300.8556983637257 62
307.4868715129546 132.3123457484322 806
105.23321604429947 59.84898128244753 205
20.895839601968834 70.94241544153424 599
880.5310323116901 977.576337206574 287
568.2335131458759 566.9596661890505 395
656.9744163522533 998.3548394354535 210
193.5122960376646 500.1885311982599 202
354.97745214707254 896.9868968876758 131
527.9076749611896 401.9585095232062 875
379.4415368922617 349.2210724587412 281
990.444188249955 950.1740208154553 784
199.7560337820765 899.0759337968246 810
312.0344859417846 320.115987062923 553
213.41976677343544 971.9358758463663 89
483.39757911373226 185.99582845691975 140
872.2788451736134 551.0300479889197 366
603.291760919993 473.5540434347094 638
533.4967432262089 727.6225043698205 380
282.7339916396884 423.99195784612164 784
614.5511998631216 7.10758114472676 505
618.4617438183319 69.08660590710758 368
896.5471319953027 550.4544964334403 602
178.923393299407 80.12686879978592 34
982.1435680004016 728.6410412409437 900
593.1607168913064 441.1889294486827 316
10.896773402618077 821.1412041402257 650
757.4895425529035 554.7343413303826 696
119.80364748089134 31.714073388477537 347
64.0345301070735 128.00249959808852 614
962.0638352057274 765.6596236984541 391
785.1437806858771 599.1796297409286 240
586.3513981536155 983.5699245599579 406
839.5055850996099 362.79185902000677 603
362.3151943406016 171.76760055485997 674
123.22423064712584 725.3733545751512 935
59.016949722821344 626.4869109577553 483
907.3416495676161 817.3406308751278 614
396.6546806944178 381.79259906500005 168
855.5114155522263 707.398528228108 542
298.12709912275994 284.1064840598815 663
708.8395271317507 23.680044578361258 534
480.40901142111284 751.4845788625129 154
274.69401908822874 590.440466847303 323
44.00929467526693 704.6466923237126 800
561.1862249356294 152.5779415005797 461
321.4788854560531 258.83777158503443 537
13.915203205599024 303.1774474019771 793
745.371610007207 991.3254185487068 429
8.38136488498964 369.37502070569997 64
545.6888504924749 147.517994142932 109
970.917175855233 781.1764458137914 536
477.8326612044207 842.7937817028012 674
333.6514941884352 184.48020362888983 398
707.5429141404923 790.0259972275982 654
260.30114650723834 978.2214395178828 440
693.9941764995356 138.86296062437532 961
555.8240240487286 9.549511896052687 966
418.04880431440773 341.631768236778 394
313.6237887858275 702.5675820239619 344
33.538285557338284 351.9878718884194 597
809.5620985334025 145.84083098535217 430
576.1219694663115 776.3942127515276 411
506.45175218713865 169.4897364851584 960
95.63952854770741 799.5063801493109 721
16.70859764512178 737.836499845815 870
878.1021491604233 20.22704141733833 886
306.23006199380455 943.290144036 894
452.3365786455028 819.9960678344712 40
705.4805180702555 889.4858895564705 679
624.9529490744663 267.5472659020872 871
796.1330706053845 849.7967090121006 821
764.2684696904429 806.3502226633123 503
570.5497510045878 342.6071964236923 584
442.70254910768415 499.6832405177694 90
825.7724421540074 670.7819639609276 260
678.1941880759324 715.7356687740152 776
809.5497140918653 859.6178539552227 545
277.03797598123117 616.2754344275066 44
795.3180647104779 634.0881643911465 555
56.63505688687942 660.1140923662091 817
371.85081348985483 576.0970273833528 641
383.73690197985553 871.2287541053527 714
697.0789380265383 205.4263268998091 783
705.6129058377039 527.0133449878981 163
257.74408031215955 284.30584635543266 42
513.2985204787143 893.9418346415758 804
940.1459547956018 8.305145345106402 730
622.6580109391155 101.26499569476755 146
561.3411248843282 123.89236677392846 937
872.0980072291993 649.6671628082178 614
2.573417646714815 701.771935213723 535
854.2564911603761 145.64461639382765 136
145.74065057482932 672.5993743499422 634
207.40546550911688 27.13899746148485 670
715.0016683315246 128.77877174120457 679
948.7707364929527 839.9687202822221 996
332.7771396917948 69.83960318288595 689
112.58909260190131 567.0998652443294 267
848.6461559490632 705.7603728210623 74
286.62498478841627 683.4219323215594 791
378.937310893932 438.1053839808847 719
198.86263003113348 860.151780110609 740
875.2138994333578 590.8438315951712 803
320.8211097670924 872.5175497793156 169
680.7923776464521 413.14764230105703 996
627.5430362026316 354.1043379561012 256
415.99673671047566 134.933720663439 750
240.72393627717526 548.377826871477 608
549.3872604922649 585.3302148830834 96
172.13931873413557 993.5867927816485 112
440.0830951441426 848.7696290104301 899
858.8655732591485 745.4873611054176 904
720.921477150239 960.7305823519628 65
690.6953892685797 539.2597506547477 203
834.3703639494639 541.033768000755 556
374.6080986591633 39.47807418406468 165
147.71069859544073 935.7993239360254 350
547.16595344251 206.7658792105267 13
841.501177773517 884.8871450444311 138
820.1185752205423 522.940431481852 505
222.08020559238417 19.847464678164005 714
451.20543078358133 317.69719122365535 963
397.4271099330341 592.1582237556697 770
890.3123647989318 505.279527006013 310
940.9623375100491 31.627598414120328 447
231.29247462379442 221.5325473090446 282
24.89396703797919 104.6515477186618 859
471.5125881030793 764.374987120646 265
422.03003260680015 113.97208698165917 127
521.8762992129356 513.691893360332 969
890.3207571148484 588.7238886465594 318
8.801662431332513 412.6374537851045 238
371.4556410212977 24.64831808571233 619
570.2061361333685 351.0203242675248 749
954.254879863486 19.09207639750754 409
811.0512020592824 66.11048556559784 859
224.2501226715623 188.5640272414143 858
489.7797823024398 661.0941974402296 836
788.9176949169234 83.05116504924592 339
592.2760102228186 455.80723879570473 197
978.9653190043084 97.68892798786821 790
903.587446311323 347.60815762399955 363
909.8942213606111 34.32242097201987 485
483.1641120569179 359.83093434877554 304
797.982362101712 201.66480169474522 252
453.8789768094067 910.2233301014189 340
25.540495799506125 307.6611250280417 839
320.4241130168557 826.622882485239 554
408.0665268461379 966.4604413454027 896
671.7733593395564 258.2248319349352 207
675.1321153166759 838.3216117945633 549
397.71549503647066 628.296209912178 637
400.5798162675942 63.52235567973486 173
413.20918717761725 600.7583078339319 267
725.8644831790587 713.2422826468046 452
985.2157297072234 930.4485219640286 445
947.8003588310108 258.2424653881207 436
962.5744372230747 990.5588981547463 914
934.9104854054609 190.56148719827883 748
562.347779920453 234.35163222320833 475
457.6528676966686 107.25569804791502 322
278.35116571768015 903.5698933929043 4
662.352674105642 594.0170241904387 628
868.4099820186227 989.0790103477091 772
793.4307387198644 566.9492896979125 332
762.9747133149299 333.1414824193822 758
462.7996075537825 749.5757715293462 239
784.8587509976675 288.5500581305446 994
442.24804485280356 307.2611883358004 90
166.2749995491355 625.4959465725751 874
519.3928584241331 166.51674985431563 786
352.14529306604715 526.0045633127182 279
60.0667694858823 487.37051125310836 254
964.6065909550075 589.3100670274613 828
533.9056532234474 685.849072744898 715
753.1836760118006 418.946892504236 605
705.6736193314391 964.1876641439749 105
152.8721353701138 83.32246403076071 652
747.2049506402933 495.73104050124005 763
207.89422614043696 879.1232858492634 504
697.5863486859208 887.1338379013067 719
436.5313755135961 60.942444260857485 233
397.2978984805583 276.06729739906 148
669.225023434125 977.759389750834 8
652.66556049478 448.3081981092625 164
416.4388609619755 465.6734533106246 684
323.9854031763395 467.1465578877699 686
55.168650462592225 625.6419334726589 851
908.5110317677511 983.9851436815941 386
68.49629821440506 538.7634849047831 948
236.07728919999772 697.5098320992635 138
261.4718179928429 537.9829267413099 623
450.92714298122524 491.3472161686143 802
930.5746349796785 842.5972225419789 897
172.57712349582522 690.4542781472868 640
186.65674214261475 476.7593782798077 717
456.4108346006093 160.46704227646146 141
263.2384820371476 211.47368944284307 149
339.7906436871162 982.6007996384224 790
585.003178547219 558.6356074402588 298
144.2015515477637 824.5306098301412 623
501.1485646331929 773.6562057347747 301
287.29165329548954 166.3749704107158 164
780.2164545704968 234.69261676748775 42
155.83127563039145 788.7657084332672 322
368.72642787918477 105.53415787952747 30
382.53596085282146 418.05534394643774 88
104.40572781258417 736.9153946449572 786
847.9403827406793 330.5480604499341 857
338.42646965281074 969.5396891233876 223
887.9343155563836 129.52013696872112 689
714.6869588265986 952.52027603024 400
471.4089054320327 725.0457925721786 518
11.446424042473534 857.9216113938323 457
369.53904371706346 445.0014326741132 191
262.1858815587896 245.26600325886395 392
762.3854420542011 954.6662843915934 874
611.7609481852277 911.9468767425699 400
334.725478079943 419.155661141833 252
374.1046118420239 920.7633843772848 703
232.89212832472072 434.15371597869404 691
26.563255169015697 13.174061473440023 816
528.3343597998767 20.762161971283444 438
784.0941761360511 219.83824780289564 167
904.0922254835913 5.3422507283239495 546
362.97023058091327 751.1017851195045 569
372.3563266040499 477.2936810091584 360
314.2104453037262 465.8601113726127 351
870.1811722894773 3.0421315675439597 34
457.79720184023796 533.5199792922839 712
830.8532454498664 232.8877952336279 307
942.6421364443958 44.25449557656413 6
605.7875891125059 964.8370150611345 276
877.2184176509141 821.5457038649007 376
911.1443670338878 302.1233868091369 803
373.3461403539492 926.1943781611196 740
936.6391387940934 948.8393212396531 389
329.8093145979115 642.9694616464262 312
42.88792022617216 816.4044558682409 753
87.28388432261913 113.7740338086689 819
285.7378322703611 215.6793170741389 800
855.0396881056685 878.79910857669 634
227.11409133946293 84.34706103437517 994
702.8438155050305 419.92669016547404 137
10.843656087520026 288.36971289185243 649
643.9647334480816 903.865658985526 59
572.9473998263584 198.13634246747068 661
788.6159223079205 286.8205171228987 277
432.1297465848961 369.2304170295125 242
368.4084006312212 898.1279141126157 186
28.87748709742699 592.3881884777825 348
527.299912299613 458.2867915360569 280
621.7492472770417 923.071259629897 595
945.5534367541169 596.0802335843345 592
952.935160410251 130.6488318602005 546
315.5410317099645 559.0308258960494 560
674.0302009800072 446.88945374990385 364
0.8755540352477498 686.1176864127073 855
862.7954058087367 527.6407037313961 98
42.81778245898516 81.8837676748272 323
368.15476471475273 453.40382267889976 835
749.4514586582915 433.968963637547 511
23.76984168360452 508.6793792254238 127
801.9866684159849 368.85994168068305 322
395.0465922295206 290.42142889518794 614
150.2069064368279 82.29083804568072 642
577.2682536190279 259.35229310804607 578
450.51742083074873 749.749030815285 272
13.564932581056954 884.4713888493237 340
484.6165573960657 841.2960508730243 543
748.4993583999328 180.10053035384323 302
5.851260489316612 988.0280526518803 623
942.0731012389004 410.17545589434934 37
523.1517123653808 808.588863984536 282
291.45950769619213 420.1345074921625 961
181.12826495146362 219.5639709445647 683
524.7023993343498 470.68897718894954 644
585.4995813168283 681.8946825125371 775
603.5890961395316 946.9100177031544 128
842.0788897802261 636.8467199409644 213
115.42334087908147 35.82759835416749 874
537.7091786950853 142.30612719349745 637
161.53400623893276 122.45322404700664 504
736.285603975592 374.6403129576352 768
240.36926649338542 102.7916511139778 291
398.01253223663446 385.16800192790515 118
528.9646822327107 431.33172753936935 727
176.54307185977146 601.2577051463235 343
977.6142924807182 974.4907856975861 585
88.1715176435558 520.7079269153322 739
994.4113818548208 76.29625490756864 188
58.34428628443433 338.5774696488317 884
451.9465634326867 385.39890366910254 487
7.265284926713411 160.30120100924182 770
273.762350041953 903.9031062776335 8
706.6859609989804 804.6941059187981 558
756.5846228292073 60.74796291950057 197
78.22646188509108 883.4707985424768 829
588.3254067608892 902.7789463113954 664
951.8536065968292 840.2229725850791 217
553.2436963329229 685.6120112556424 686
484.90165642722263 474.10657470935644 805
343.4643311921073 322.72923965922786 880
900.6680001575431 671.7783290310914 437
895.5507391664468 467.52039840562134 98
631.6789111211589 216.0828584176081 385
923.6090162668102 705.9906338239434 366
289.12359766193083 440.5006017635964 457
680.7510861028704 888.6759107363573 150
779.1473468135491 674.5389278852649 389
744.455895274098 274.6858347285048 83
390.0758168255903 779.934219957023 997
498.9615700733526 260.0655413393552 261
610.4268876757777 250.47732546281554 403
832.6914754112926 556.5630438771532 692
262.5710798039217 754.4547142267725 138
52.330008207244425 822.8165440121749 75
587.0983707899761 802.3509796765366 213
683.851211013741 391.64641950605784 277
950.0114357586658 869.240360820387 722
658.6121489192362 578.0160192188496 414
260.6931107713727 84.8784350724835 64
328.47058454969215 912.7359389401505 518
468.7758696660596 855.823964129377 47
570.2925211276452 802.6936952251865 47
66.50789486942877 285.7083564051589 685
402.58747772655755 965.5225400094183 412
870.1381668621781 616.2621583542043 373
127.78334294879767 286.69595025864527 270
347.44482299809954 294.20602739504443 961
449.6695011614307 363.5914472543298 995
902.9875688879646 249.2835322898258 742
722.6716083440804 357.99556930480003 213
744.6963809965865 552.2122272740639 606
806.0276677400043 310.83665015030624 448
86.94093510662704 819.6094575587348 562
221.55934330873262 804.2262846813293 354
621.8496225146941 190.9646402669287 854
922.4203987575382 710.0122473410726 189
889.1160428779231 506.04497897515097 896
126.70352167742183 262.1358516406159 216
896.6099125104743 500.8751271501477 813
627.2093613703665 358.9654964151049 130
997.4924573513283 12.620089373073684 674
805.3972006033111 750.6729942190567 252
723.014396684915 569.8735033133729 831
113.9866475157889 77.2824795066892 37
549.7970384756521 185.08551121955497 412
471.46709227736784 953.0926415012588 515
298.32077502027397 689.3590877419249 78
438.4493525681816 352.44270039026003 684
552.3949764019137 730.505909819633 812
769.4795459734496 845.1708721878961 142
785.4543552756545 234.20499104855895 571
643.8992747521537 65.02577271196752 902
758.116456506557 522.289234990944 486
913.0271049948808 841.3815126353504 965
741.0102667731866 669.8313847678901 237
454.2543870883963 46.097276739083036 794
616.9900577672425 123.49453221477913 223
991.9201786398338 344.4431710996987 274
555.4762665022624 50.39586552768505 442
469.54728747779404 769.9844016931135 39
413.61952922211 973.8657429465247 107
195.01072146850217 112.54659944602064 193
89.10666394275857 689.0587836812462 943
825.7706354134542 847.801262300083 192
310.04902034729776 864.9904262630898 805
900.9420987238516 837.5008434099333 563
135.06238416746586 662.1764197644525 277
378.4625160355872 340.38108043989826 938
621.3199965464643 915.4518627868804 576
934.9523629201831 264.0600138828766 836
408.9032122582308 618.4854526525392 656
864.5610521930204 169.43499061014543 33
422.6808102767008 550.8448068444604 886
783.9818977330078 317.75209780450484 771
834.1635599785037 525.7385378228292 465
296.7388855297215 0.17158821024976234 719
86.76316035547859 652.6101543742625 148
872.8732403816045 113.17820626244912 891
841.7181189341253 95.20745669670805 862
696.3114798310804 836.5003613592894 540
302.52732782762337 888.1682794255995 868
183.42234328804142 13.907766132967737 968
299.58781626243814 9.116379079994186 782
915.9669114930209 888.8237545870211 264
967.9604208740691 388.02738242680147 532
972.9214900823747 292.67576254651016 425
825.4353139750698 231.3831681925904 135
817.8402244727813 267.47249356386595 473
76.2004238770746 114.85671219596671 516
70.59564929033013 130.84977293330792 665
969.1117826226985 339.002369788954 787
92.12146099110186 662.9778127261682 715
502.34376977302475 281.4015637985393 77
608.5487881718961 337.3971983327325 463
303.8195748345712 88.72407080513356 991
472.760222697361 901.6295979181028 959
123.6365140240897 998.872965506061 809
928.7003567020286 216.4807927290159 557
741.8488659923748 647.3260486270782 101
196.46273835191352 552.6176670640426 574
515.964258012697 270.4890425406251 386
768.3019197906032 417.0937663227172 366
713.7554235873195 65.77746646933491 242
119.05590369658748 204.45541624194584 227
899.9704423445261 503.51651196844824 748
201.6345342095902 324.1731542724693 784
703.7547329279723 663.0108404771847 242
484.9596706477488 929.4447436992845 258
482.29338828902814 522.5832224509975 117
9.46532879423778 253.82510993139772 311
568.4772392230892 295.7460696711599 852
261.74237075779985 757.7358106941796 789
57.901856811506505 481.63882270396743 17
345.2316613679617 927.7095043717738 619
661.8601872443046 788.1293808577591 147
581.3093271743602 303.4812893517088 67
290.6713760762045 11.954692566432445 921
638.8318334036629 517.9690375001313 477
274.5748543661982 467.65295988419155 630
368.84402139525764 600.1822005145613 226
648.0420406311506 478.22928110330975 903
321.71367689012243 426.938908641454 518
505.4184257713671 283.29545025472424 7
626.6971283463521 320.60988419438894 593
844.2743424654258 312.6476933900555 280
569.3385041006437 566.7900321606462 578
458.0452671052752 292.2858746336237 831
711.3784928918361 518.1483834624463 298
429.6183400387176 108.58189147840113 446
805.5622426795194 279.33293161805227 650
110.1421218133134 10.549872750210355 774
814.6901700904673 176.63778565415367 459
656.0076488982075 170.31033679626728 642
661.0751485667206 478.77790185284687 557
619.4918175873185 828.3149620176922 359
334.08302671570755 100.11324139523158 39
653.6488561587531 271.3184481250378 700
430.3045593569821 849.4133631795365 220
561.0764726130137 549.294475540006 346
819.0217088802077 746.3607007878063 114
398.1111528008012 754.7250969000098 904
330.1389569627139 168.26269650602487 4
456.2947654956586 323.8071205608231 302
960.2882609443233 753.4695046771149 56
168.02455545467188 978.0269555690206 317
752.7712953394292 912.9754496276888 928
512.2026149999215 891.1733503422548 393
750.0143751120592 22.095145495239944 307
219.6707007244445 344.1675828787312 599
270.7971111259053 835.5804269783075 678
384.4562906319735 868.227232174479 590
292.81876890981493 776.609734940295 531
654.8268796277666 634.3895487954974 656
125.32447146422155 378.9087863410092 293
473.7591807136947 554.3012971429922 279
848.5363729462422 171.6301107843393 96
966.0891687228251 582.252450367724 952
330.912560552762 876.4537630491853 946
800.3255709193301 552.130423050085 986
871.3993191030779 188.49496094532182 758
340.5252668932058 528.9089868248894 138
540.5332304205249 369.7112944904426 714
400.4328401450964 361.2927758896065 807
227.16642255480934 840.9152816603524 898
736.4832406660438 553.7534458028001 259
13.068477956391877 385.2725507535387 496
202.9040303666104 554.710421036965 126
985.2812496392933 444.32231762991125 54
661.0137197593185 54.97202505882159 446
785.2429040546166 580.6187664610238 8
305.49316040660267 77.87348374619263 667
566.6170183369561 915.3945199302142 502
166.52022732731376 754.1934643189137 853
622.2785170547763 110.87704258935005 99
987.3828458202894 811.02857646974 623
160.91763835899985 388.70120325639533 37
233.15137095386484 433.00371654778746 103
498.5193809520465 128.43080350034907 981
407.6003349813534 927.3947310360547 741
406.5730276749866 368.0612305714694 921
503.68990570603347 211.40906706015127 769
159.68704667708167 882.5412960386448 618
194.17919826733032 417.64907309640176 593
445.8463627183934 713.6617654284646 652
442.354313971988 294.6627703106811 197
909.1714713591964 201.97137483716975 542
438.12897352432424 224.68948557282886 839
783.2874825933861 701.0578220244867 765
755.2261978053724 393.48481844001657 217
667.7800425428829 386.909549962268 966
814.3528111085512 401.08515287914884 197
375.42729459862653 556.0288451716845 828
876.7654033624784 16.919305060930867 446
50.627484867713626 843.3371638374417 198
527.4427391278372 941.3565341920581 65
678.7921325398452 499.36646136260964 543
508.1128237488033 804.6649545438004 621
390.0754344004213 181.75176762171208 121
227.61851817939836 396.3194168450771 852
565.3428830101152 397.29404873186434 450
879.8749863246495 137.8873870250743 739
248.09184909270598 876.6205144256833 404
74.37130014546378 11.363355598559387 891
865.2022974145718 514.7079746986647 28
614.3784837780389 984.6377346582968 589
505.4469580708211 165.6999012163286 76
661.1238886374961 243.8880499911261 84
971.9366014303389 206.81118692177824 453
321.4103709184254 608.1153117044094 961
263.07986585232203 654.9310643684983 211
639.6085650261684 300.15356756202385 808
147.26133250922757 724.8598224073301 705
485.776167326333 357.3073156852994 524
393.6160056864317 899.261434423362 229
118.90470706165301 438.23796762374246 748
614.2722319454576 133.7707176308719 225
299.95498083733185 120.27798150556235 66
868.728305598314 511.3040018797309 583
233.11906007561413 774.7674106806742 592
266.312419412998 891.8934151674617 572
232.89838917172477 290.6656383194847 627
237.1726240822981 783.1626262489497 155
101.2601415960751 199.22658240932344 559
837.3529820132617 810.0358884515786 652
315.4455278650379 927.1192727635831 363
329.8158850685673 755.3251673817135 63
802.895817459554 297.72092682506116 507
120.6668383439291 398.38105822624414 323
503.40968292203934 234.50878512238782 891
114.59282791363012 67.74596800040511 311
720.0182321168871 651.7392721805469 927
218.6822933966853 923.8590861242394 745
920.2700596394758 74.00340988572096 281
607.1761506224152 401.80150842275873 746
892.1429115772495 344.58551572667005 476
717.1895386632763 909.5128607187931 357
737.9590182620472 243.81475403348375 982
120.85111718342323 51.56360782288816 546
107.52452564432457 999.9408750012107 437
888.2301222154189 839.8389194792513 991
810.4669962323276 323.9048643670454 809
90.22676858513823 745.8271728319587 724
551.5180196526217 228.56522364669806 527
379.1312520459285 975.2344791129476 534
622.4522713476247 80.22359396381485 834
194.34637548681576 151.9629391145647 381
539.0722397043238 199.13015407152824 100
699.961650037285 136.54678758188965 677
355.54298016796236 21.3611507681567 790
965.0281853215168 916.3256810682076 551
91.23556124231791 627.4672735790422 698
306.39241816884135 890.8391128077973 652
180.9233152547395 0.052883686738391944 559
829.4365957557691 597.6978822195124 376
802.2146156150106 357.45933750227664 378
