901.552619058265 357.96638182080466 229
870.8279445549324 386.25224203465325 40
786.2825758321899 148.98332807990312 444
262.4816708147449 583.809979881351 155
476.9086770170637 55.88422656903147 485
28.831655852357695 548.913515487511 75
807.1962192412839 916.0068022752519 766
908.2415235562714 98.81799866838404 569
325.4993145617725 349.8486570807123 192
94.01212094261379 20.887129723798136 907
636.5043752141759 4.516001960308769 427
332.0547107706321 657.2139677741451 259
223.93586547483923 589.8354276008338 468
554.7325074326083 911.9359829677618 701
31.750829513968792 470.50971549031226 533
270.4583371060204 332.60891972856933 716
194.26745273209056 749.4717911576131 683
799.1484951736597 388.7972046233217 627
949.2627565664774 41.07620717038463 459
826.8995108946286 935.2259193362937 737
996.1896851259453 514.5533609473463 175
306.9590160681395 45.576989274591526 935
235.5502037755206 551.6167337501219 682
721.3507546247835 288.1784884422486 981
810.150862726089 32.47048507974692 836
552.2120636942773 605.8247449607022 424
808.2812214297361 229.86664035337 657
628.2801938349144 388.7454609040498 222
488.63927357092007 949.4612886810593 788
975.2973995970484 702.2068201367794 204
356.03325793638885 468.0618026303533 91
891.6646774277893 117.88362350935478 958
603.4718852597007 630.5158364909595 51
655.5669353287001 612.6135870087221 817
132.03888452782607 401.788987732283 659
854.9807263652577 59.10893397399764 722
175.2429188065434 195.88011685671324 896
729.9344066334909 220.7017184509318 649
583.3403493595778 92.89993933125285 723
970.458614137116 116.72892216526398 676
956.4695723760235 553.6211316799275 74
636.6787076527937 987.7395339896811 414
566.6918005561594 474.12303209545394 621
7.272148466020534 338.89884756283374 372
417.01034359258983 61.030467617266495 703
947.4890860048098 664.8779822757493 715
32.3838556793693 292.2032699750202 176
834.0329146533692 617.0442971804284 928
393.004910462422 230.28583182934403 899
421.84351256905416 465.9273667323577 864
328.61378221436644 512.9462736401017 530
866.2806412077641 168.09119338812295 27
793.5174018530378 34.00406871779704 575
425.5433958170014 67.99188501329346 876
995.3243358609313 697.8248833514127 53
392.14688478897 488.77716353912604 683
932.2176755470153 364.9845296468059 226
673.0474131109987 390.97486661675316 413
903.1954875653056 393.19979908735235 82
486.52381787645214 989.1792368455222 591
671.9021053659832 867.6708886642264 680
991.2494193998243 511.7104374765058 921
396.85676740576605 213.14389599451832 371
754.00763842014 119.65614995460494 283
638.1740102775177 984.3845586428904 267
516.3920551350648 70.63879423599684 508
827.3984285433917 419.75517808020413 719
781.2786526155736 2.063748278280264 730
127.25771547476971 86.10532647414837 287
964.8700146769828 607.9500997874526 18
150.2519692231753 699.2779975527918 457
89.59766490372934 145.2991524684105 34
118.79154690385218 614.4994724835693 475
173.1250515868391 346.81035000252257 169
961.2453554534453 758.6613432531341 807
755.9830767531305 896.1937653442415 681
893.4673039339079 800.2596056915864 939
192.69390347126114 605.0356355222337 91
807.193649907814 737.8247942045128 792
647.3884622684587 500.0607445636951 683
863.3398114370392 72.77648918712698 714
882.9651583890737 331.2182068691555 527
303.2627066190049 619.8825292246283 923
188.76893590979304 360.1425929954699 441
898.3204614623116 39.89904418426726 871
123.2847365609433 848.5225934425193 239
471.63222501583425 287.4973132957435 62
930.758323138706 828.5125408109254 227
958.2074269073295 914.2503374732073 997
265.51845668506814 509.3745413472051 219
829.0765242758648 619.116471112571 748
681.8547800265158 610.6200401647972 540
575.0440956021647 345.1447002764638 924
4.364127885943869 7.470753635946736 921
751.3459348338437 333.8508387653422 497
628.4295530363148 916.8218236931268 148
318.0771413131602 787.3418680026598 403
754.7684905055313 507.8575875537724 970
229.68270317465468 388.51098583225365 466
642.0639216393349 939.1162644618165 250
240.5097474902498 341.319300791587 597
982.37973178553 682.6089450568816 744
415.8461781470787 499.19774687234377 522
125.40492932498826 420.77089843837103 961
23.761423144229134 279.9348380960339 593
279.0057814369679 588.1341368368405 326
386.23447203746974 260.7545078094399 3
730.7779414833988 289.6109712560407 790
988.1141722582404 262.55634987695566 82
7.55752596335002 274.6208228454522 549
466.60341022239373 902.061692366959 699
305.40202855569953 15.899040830266053 623
269.5043803559014 177.38005767951725 657
269.64622138081717 162.54085505318895 596
351.56034309710896 853.0829033461545 143
36.12643177916686 876.0274440023932 147
499.7609380855622 681.7033831237513 997
789.4445402786203 995.6273081561358 673
930.1393671892478 640.1952912803732 309
905.6453929007844 717.5845160612936 576
105.6438347745603 131.32104141682876 196
154.85308651926343 531.4830748080906 641
720.308670294237 334.4809902462687 872
810.3620689513629 516.6181587497554 698
806.6116671354232 906.58241270648 146
377.20933443018146 910.9775439846314 421
245.51253808319095 1.8774411962272364 69
45.583517555681794 127.71242735249866 683
275.11565036057664 225.9788969817973 30
63.00028078447462 507.6875694732296 831
273.851121881763 284.55472636566117 924
740.0469026605757 368.2342096262482 396
668.1221958872868 518.0582954906973 973
814.7409198955479 408.410381493029 957
159.03653454502563 934.9377991089285 469
915.0311792087451 270.31861477528906 220
934.2651858252964 398.54784415938695 52
797.4175166329436 364.7314577221943 761
845.8942790804911 137.3895598411997 238
408.0224810868215 115.6369717251441 116
149.28054997163775 364.10703054991257 436
416.5810785009927 297.03752634556326 390
582.5292556546839 748.6223245121265 944
39.30054826864815 463.4654207231157 322
170.84067403825776 725.6973866221484 390
282.3489056499584 816.035197368131 530
493.46733110888107 956.7685630874407 190
366.149537447129 20.840194896603936 486
641.8525056871349 843.6847185442394 957
589.7010656134682 135.43082290667186 529
58.82396324467764 821.8634726042849 1
398.6094261544597 612.9943043740274 84
722.5069045142387 926.3428148379093 670
256.04913016976917 293.1711534087323 925
216.94714826844097 404.466958488647 695
2.747877893402584 729.9100966702738 42
895.8823551323571 877.4247308359879 15
939.8087037847769 193.36282408335103 982
986.038111753603 24.780781900381577 358
473.2616769867526 693.6473167947184 580
335.2284784388858 213.29994768055215 840
646.0369799128607 664.7139802714009 945
794.0913599498235 486.27988994045234 979
541.1388563675417 839.3480265606754 200
413.3673427304377 320.3329154139781 905
961.0643355989979 711.0405603680077 977
865.085758704589 312.1777405534975 178
188.33163676809318 528.4273716408977 593
253.3112816467441 968.1304755315127 429
557.8223053993148 311.63057608361345 747
874.4930302181676 757.6645945742076 70
990.750897372799 643.3868528261991 814
825.1470603834626 978.2866619072918 69
410.378504103631 135.50847109994012 796
247.7409061737611 418.43202935917634 543
767.7171367357167 669.58183135849 337
567.7563891873868 453.4360190519996 961
450.49328814388844 400.52122189589613 830
149.30487667191395 232.89092823907876 130
602.865476332273 877.6838248996143 151
758.8566597928349 836.3588770787314 78
551.4656394284477 714.6875834005444 491
862.1693069855539 99.79350296166179 201
683.3954802036302 942.7235901539455 327
704.2808467298115 565.4131611529399 8
26.84125794941783 424.69052869071123 223
593.8994418218567 856.408345097725 571
567.4649019464835 581.5185253517052 700
548.988295206262 72.38886223327845 260
702.6073060699711 505.7564168413329 97
363.58134794800065 10.267017135490498 188
510.8029937185626 1.7001218393812856 416
824.9830244303279 936.1384762559754 419
978.6654398231916 384.82380677408355 328
728.0398864903009 356.8955734684399 757
123.1763132887852 78.43782855629333 232
286.8058039430449 272.7659033975353 493
220.55880272089823 871.6113323887511 679
94.77566821135697 91.73183516075845 384
75.54823512595787 549.0956673789955 482
207.33438514243753 327.91429124632043 422
750.5899722549992 801.0147193203829 607
783.0708154696354 966.0303719006113 523
84.19131507283495 318.0637813838111 9
234.42808209636712 261.450252326666 689
932.485710362599 526.6816664206033 543
901.0490174837162 946.7417205834913 475
827.2277884322718 178.42382844744876 107
586.5996131102 194.89685998202478 305
584.5581881204542 456.5356519038549 343
667.9781792024411 749.296077773556 23
516.1433314273623 742.0695720049428 757
436.0368272770191 360.4191054363942 616
844.627360253886 606.0556687127844 730
878.0690125104908 734.4587555373789 758
8.483088515812366 774.5355840014308 80
67.73352478983496 926.1729635135321 146
649.0452943492767 85.17977997843951 486
563.3229368447217 44.864514930634144 263
667.4875466530737 482.411343958967 17
629.9803778441873 52.58936248112378 99
265.03628568203965 264.0628259149523 536
265.39010785405924 982.0363358396903 818
4.7704471191493125 854.1159061398765 497
999.1422722196679 919.0043953380355 373
333.52719108668714 943.8643611754343 302
662.671205280862 406.23136953980486 389
446.28531372774995 236.3759061631847 128
69.45232078028329 445.28085998387866 913
909.1627457084686 91.68862714644189 616
167.572570017963 997.7505705334673 889
54.13904153576243 747.8044266636891 84
402.939447580146 772.5852828728314 756
539.5276298053583 268.34650529118466 267
388.8382504645582 994.6754314961296 887
252.26786694254855 421.18140852825024 330
216.52510624963907 379.5537774447918 420
695.4000466163181 515.7378517162372 954
827.691520742587 939.8988921058377 110
842.8728397150494 472.1488031109614 302
966.5730525555658 889.8423217239459 748
466.0219654544606 821.7010258837106 864
918.3530184382836 896.3084580989265 295
79.53496082563416 696.6594648171035 886
105.93926944530318 832.9775608111592 791
41.24845295313595 764.9739545960633 627
858.9814083162873 558.8517535932482 933
951.1015209311234 968.7576737699889 293
631.8839712209802 203.55339514690317 380
12.56805473317324 625.961104223161 376
29.461928455381646 891.8411667435112 375
460.9210771035255 961.6741165974024 397
410.8376640896286 967.6990201282509 260
274.98881368572614 63.876943301109044 417
459.908053913671 266.0142191634167 854
162.49371413255642 389.04343832205024 249
180.63304964276884 353.0329645592519 94
529.6088917298938 955.2464388714687 886
94.8443396754567 123.54650942249124 17
391.8690705418876 632.019165713197 379
853.3546868083881 202.16618594131063 978
194.4492881539206 577.9622159434507 493
914.6236889687145 843.3389606213796 317
452.2008605328351 729.5045925592116 560
882.6727605475609 790.541440706448 153
57.166954314445405 699.3560341730006 555
285.60398554804544 680.375608712412 838
75.4077332201204 643.1669043939112 856
560.2273279899508 13.454121667596297 670
37.00004670891133 321.0867867161025 937
578.1987896139245 69.3353724875474 122
826.6624470182651 383.03363930608015 344
232.20588831491528 210.15251371814568 945
767.9473578552886 775.1050222272175 589
87.46989792616321 993.539829419437 493
962.8509276177546 108.47943994473907 909
472.11938645052055 378.98112916247675 311
313.4774566630336 222.0598956127826 839
900.1837574865644 901.7177411000888 410
767.0334727099925 532.5366995922639 900
787.2031080486681 129.69051249344997 393
785.4621264302825 279.7314713447712 110
633.2561134630103 497.8502248837704 874
480.9148930865814 848.0582625842961 190
792.0516786233495 212.367226033634 67
699.6475895288355 528.4822411180846 705
551.7465159642395 519.630552428061 417
45.358508900820496 311.50541500412874 687
39.48598905799461 93.5384679336937 82
572.4759636219724 410.8730598340744 195
657.5513202664903 161.44509653343076 728
214.30205374374756 558.0861605572072 515
58.14393170459231 477.11569409490784 628
721.8714573020209 677.5073076447252 646
142.18437233690727 622.7559804304051 96
693.2463319392998 388.5248356000229 490
232.0776945842914 998.6286360152329 345
697.8575583241296 153.88822789756173 576
669.5268365444969 510.3033573532244 652
337.8086010776944 588.570011201873 53
633.7081727955285 364.891398852074 305
786.4953717424788 331.38393013898127 946
641.8443370034913 863.609878595875 742
606.7381552349082 654.1889564985692 533
11.149986073537232 760.4265475304417 313
807.7201314995895 729.4231015936684 84
3.813880101257272 62.625853795457374 374
693.7048875071001 488.67144444560853 411
816.6333611773149 230.86923134958116 568
681.2963969274869 98.60530237093157 135
12.959665206654813 548.3063453019154 952
623.6564081435652 850.8665274435459 202
709.3199714253 26.479345709406577 433
931.8000557774689 600.5177283197079 804
438.152450701393 464.90232224563164 811
320.5304748443256 789.7161709261327 656
128.4486752295141 91.60947881304293 578
939.3824423052304 200.08743438641318 74
118.62230538198426 355.0581225530918 880
319.2310518228593 561.716169319868 237
785.596984001155 765.2613248905144 6
842.4590331062034 310.2116261580453 243
532.1299699109918 894.9391399941616 214
394.2733824506157 650.2717332895484 970
292.90265679944474 76.031603121964 239
988.9077187741583 48.046954032154865 256
988.8202788958491 555.7861190951052 820
742.9293886099802 370.52825191553376 638
813.4863467269971 505.94122261171447 322
871.7805130215592 974.5497672552499 99
486.8950352439034 795.7597282047155 957
365.8137863195504 613.2206788351405 700
540.9666791627278 677.9553102584719 354
342.33733016870104 968.1229302095117 434
906.3700922963204 574.5078840197413 540
953.7531374091436 204.84718136106918 762
130.09943148561032 585.6644824014608 713
280.348226174801 481.7815031662559 165
894.7009623265027 585.3800490405612 748
311.64972946168456 365.75136202429627 626
979.3081804389495 179.5229981709856 365
504.09923271866097 144.36216987002692 919
706.7599444439209 18.901589662422612 100
368.8786952359471 311.20397904719874 117
534.5905727772027 771.2003853478247 666
334.90172183341207 945.9430135309922 762
572.167382683566 565.5634441333874 452
602.9111549586225 614.3804509176907 507
254.18914535649938 386.4005901434725 150
562.4918809063931 717.3720395969254 289
46.16392118353452 138.07329977803207 909
372.7025055320731 84.83205788196457 820
976.0947743882361 371.1227528334206 574
546.1865135572104 507.9458923810384 158
642.2867206327595 396.1454326809803 701
551.5710115691511 979.8069354537349 569
335.4044488558163 994.718593960491 268
258.26325915297707 470.11369050349896 350
294.1241493179755 702.7690838807106 516
917.0435552483464 101.31965919761 736
615.6897807973061 614.3741684975961 520
943.4344638692734 949.825683133695 771
295.3674850002466 638.8489572862735 357
870.3558299791595 803.5986061631656 585
232.8521763523973 342.9436709643995 900
190.86202992150447 797.8370437778776 786
857.9263774464607 15.567824135043429 842
59.0602716233084 835.0128995721553 220
993.1854013353635 878.9670141605505 660
362.38262592494044 598.5463019869904 318
325.19166134639823 216.28764793533196 742
750.9962929358833 196.03980070828285 25
942.1392661212611 972.5752860353372 665
447.8535292325515 171.10509327750202 40
242.5376185385607 9.133806644507914 555
29.167247626436744 431.2372135206276 188
154.41053449644028 428.15066609685937 703
617.7663556751269 543.718892060923 163
92.73173221902952 633.1795869282685 691
96.34482319485326 432.2349092102574 988
729.837570798273 855.7542386853818 524
434.91732366201063 892.7519224044172 218
985.3493263326741 697.4619087272605 210
755.6952468219906 473.93936919980837 331
526.3546277245462 534.1270698623894 669
10.900412214254862 422.35502049766484 405
272.9129585950153 972.6438226072911 799
626.1933202208359 262.3138090753062 232
442.7676602564825 907.5071719668546 424
906.9482961762692 540.2880433543542 815
501.5000167819808 97.56273428259033 716
814.3931560871872 616.5253621689739 948
14.472981658200656 878.8516823210283 112
117.15478671283186 457.62947079888903 699
0.5286007531918324 895.0851052538187 598
811.2735019447324 500.52277079042426 212
137.14372866953596 11.339419548794915 158
192.74316634241805 383.59386309696976 53
785.3518700173863 175.59427013824046 484
266.2568981175676 463.342397199786 145
711.2215201803743 808.8885830895991 483
574.9288151084237 433.0186464222461 315
412.79608699342265 265.3250342906095 260
467.11820869180707 232.58826700238654 657
483.78876948141726 653.0373600578691 233
193.10855559228835 93.64765610813353 906
312.05972957275753 575.0369798348856 678
531.960074220166 877.064599892809 428
275.7239329268224 591.3715744733548 541
911.9828620314335 518.6780047415172 462
690.2658744431674 300.920360622734 946
524.764205608257 577.4722131819298 378
942.7590609777319 31.570482757084186 486
6.743362819797594 24.636067985767895 7
744.0087093702477 116.36329102005926 632
591.8546461616165 72.69596357133268 416
388.8642970856343 379.33436364724315 641
49.72920059409669 707.976485340996 32
501.2843667141049 988.1149071033038 366
756.5893096437036 575.5225872407758 962
667.2345006182939 69.85882680513966 592
18.499757090988055 789.1698579349509 985
9.945648121119198 979.3363200167486 907
554.0671635863295 23.475757659884522 91
633.3791077707269 416.3931985740491 9
719.9457122060855 402.38279796040456 491
81.3713179077754 120.67089281615739 835
610.2086775988063 837.8699410928315 742
816.3623339836627 351.0552641548884 571
420.83646397457807 522.4343909760173 644
714.9825216009564 757.9052421750207 739
706.1392709708072 729.4212050680204 728
237.18370482416174 63.91966701937435 970
271.8923807507997 862.8178326342289 955
178.87749079718373 162.52587294993415 997
140.21485314153236 293.47793196586224 707
646.5006809223792 607.0705018035908 605
96.21028842041956 201.9869847586615 767
742.2787177546605 206.58031152970645 829
884.402341409588 867.0987093510101 555
35.44708247879702 144.6867010723849 31
729.7873243218705 466.5205114332779 191
542.2525257402859 425.2360713629232 156
841.7823867758208 462.0914713468421 580
956.7562658021376 413.1840659627232 749
273.7264078874486 577.5158492738111 32
660.9670436471417 120.95877536805 533
928.8287025477341 641.1418882247458 953
955.9115479644054 650.1438840375683 807
737.0906224054996 63.690829273830516 152
122.98616052040768 737.3870467697267 426
372.2823141708679 163.43112058634978 914
715.5769116637762 317.06168022153145 90
375.4128549979774 113.18391703314235 405
617.7290565665895 197.62920264806272 481
605.5314681909109 577.762487020186 558
240.17410789666116 401.4966649192544 960
368.6508269149625 484.90821934556493 795
716.3055342213343 360.3347338307938 70
521.1811418378932 338.47938938684865 46
951.9712989078312 426.7735734806107 761
19.18316672573972 634.7966003943244 878
339.32198144295467 977.9338649101616 652
985.0192725698035 834.9697477642453 665
364.0781011951991 646.3682953135184 412
285.6353151395522 33.37497760114228 545
151.6152970842487 106.83320777111427 495
163.10754502934932 202.37036589935587 355
959.2572867219955 126.35196376860381 808
853.5276175286994 302.0008331604599 754
250.22786281013242 300.41881701477166 169
482.7569398509347 46.80495626996628 492
849.4632745958978 475.60584473955214 482
46.357719536363696 449.2467932494494 972
814.3658237278074 730.2044258088558 612
850.0019122346749 275.9505546891081 892
257.6369681831021 830.7164554506898 365
497.21712454813826 661.3975502819959 251
415.7252839827147 818.3077735953203 359
553.3766512430097 757.4942428134351 141
166.43867404353318 863.3967881639634 608
325.7592181716075 806.4923679894093 840
970.1572410935804 773.7350908133955 62
398.00910532765874 760.6028291813543 668
537.9683194480228 162.5236632298066 806
271.71814558856045 835.8870313883269 341
122.57048532011827 225.05432793740798 794
460.894601252996 264.1230677081787 996
801.3675823315521 708.8297716119746 466
326.5784467865127 807.7418121834314 691
820.1105000744687 736.3004804177552 273
244.7459161433282 909.8579965135897 179
219.43712322758714 941.6624894681016 125
498.109656449828 549.8944999425014 951
15.053110134350622 68.50947646566863 488
404.43200567648915 450.10052090986574 726
900.1862083554872 765.2681430703102 31
986.9491316567209 21.378450344368805 807
595.9738111337484 315.25714650832003 634
955.4000342669768 171.1027293844487 651
320.19331438955123 608.2291534833493 68
596.1444438509935 857.6361992297487 847
479.6020591966425 589.3867020344173 507
522.9566874990945 758.9930300014563 781
114.30092243012967 405.5340045756179 712
353.6961535427746 704.2020029607462 52
521.2145097115089 642.631763406723 645
377.61223265884024 640.8813786915446 2
26.679260683942218 196.2297829030104 887
252.17848353727322 907.9226621647962 823
460.9831213472935 847.1466533116917 283
561.3139430086957 670.3037063121128 520
255.81292803812826 801.3056912696227 828
192.468025572744 261.8555252653152 98
518.69050244626 314.59065933203465 169
575.8113372546678 293.96515433557704 234
321.27574440305904 685.1422971892069 390
637.1213159625283 597.9626464787752 399
971.5709055091928 662.3022951558892 55
893.6855996892251 474.89387037215283 456
526.6529469217509 931.2778020615469 423
509.79092406158924 290.42001973347243 406
440.7635883662199 330.3300715980998 524
63.41713077047595 993.2700808666149 771
913.9217857710175 702.5936314112699 957
259.9247608953521 682.7628815805409 422
592.5141614004406 308.7051869159405 981
241.3506634817345 361.48774713159423 965
9.459503526529689 583.569057618754 538
983.9758399601825 471.752604495315 590
989.503388253096 395.80305869269506 659
183.98465035953603 399.26198225785646 66
997.1457196537193 780.2753593245395 928
534.5266608834473 285.4854135605388 877
397.388745199158 772.7382561363338 785
689.0781292897469 681.9191424919857 646
83.29031941937527 952.5279483406864 734
925.902862990881 502.9934099182688 996
540.9268148740377 469.5861726764292 675
127.51709382159748 455.61717195446727 162
584.4265993572417 146.9860023169912 412
850.2247398259967 142.8104808486719 813
542.1829366067333 238.83130565313215 990
722.9737244346521 759.9442457900525 968
262.8304508932325 220.6218970513757 93
934.6971777519798 489.72313503710654 499
985.119630809614 396.06488498667215 246
533.5067359527386 751.2828443550809 924
855.2054074566626 153.78549360714712 465
375.39052763848423 832.7631227549707 975
841.9532247197236 328.1507151950066 991
175.23344438902066 679.6141780516904 151
57.87670584354376 299.81760650364043 874
914.1860007136047 590.2097158862157 2
298.11558825995155 85.67277434150245 79
365.1310518164692 182.77421028103302 200
264.8119653909553 944.2933539777824 569
655.5861055667561 376.1535913069645 35
89.5780062566347 939.5490305851206 535
672.3281159073401 999.5214652794825 584
861.628664653085 934.0219662856964 543
26.2021713740509 310.0206064557649 137
641.5185154384988 670.9922491611381 18
425.51541435275266 82.64667245643898 566
487.3460181203747 235.60653094059236 803
415.26451250951754 711.4450071110367 812
137.3025415700605 198.82677846136676 832
79.85586168251379 146.9746054767488 467
52.870833004563856 143.63724525110965 999
642.5192517353317 979.406906752031 448
619.660712783896 62.070876342901094 68
42.25586466962816 351.29564145740454 568
879.1940621766959 808.2193771748641 266
223.35953651036579 826.2503898574398 717
449.6626587822818 175.73614939317685 536
284.5195137227966 95.43631201414205 837
220.22556407883653 599.1725338395358 937
528.8780104152106 847.5819146950521 856
294.6868330421106 681.6177648656467 721
256.6764588044955 350.8659193304874 329
493.7447206487577 574.3385028066239 524
244.26448831667602 681.1001145193018 419
147.99865377262367 117.37264782247803 297
985.5219973399276 198.37585066552788 949
127.94754889870774 675.193591149637 606
480.8739353087188 633.2280463088639 240
935.0540562548914 500.3916742656244 432
666.3875303917533 815.3643225492126 138
516.5981891668158 866.7725446235879 472
571.2346949892784 491.7312707760899 859
853.3813870143106 669.7481243638482 506
158.08540309900675 573.8566463801568 7
419.2009246436711 432.351845912327 299
662.4401827388214 125.54571640767298 435
541.8304958070279 407.3517060922067 327
785.3318420008939 321.6404773986651 291
886.2675949862487 990.012917130112 163
62.00204851151248 260.8892232049129 586
854.2679713432699 448.5467995473051 815
428.98672147756514 613.0392050169422 784
899.6292516493698 30.116449838098358 63
748.4020077085361 482.30413093888245 812
758.6439953850231 459.6753766930122 969
214.38444645794962 829.304971378597 201
750.1669101747289 926.703023967144 235
212.14868404820862 726.5345417518131 607
430.1795608131743 833.4565672749305 705
477.35085412585687 416.3898181963203 925
202.75424153226862 195.33949823831108 15
783.5324811705372 105.03504399541796 443
466.7668781344111 792.0285291481916 995
991.4190429087856 364.60082220204424 773
571.7823239350411 690.5231243428406 402
43.08952922645726 130.04013768156787 18
433.0675460096879 388.8505074563139 802
868.8086707030445 902.9217322975975 957
893.9277592148717 13.946518933730111 476
921.8424041460952 497.6216111770305 327
788.1210733133937 997.5231676564875 714
637.5199727340708 910.7337028278463 804
348.73283169138256 369.8004886965455 713
996.7091064148302 45.46977014180564 485
386.84502343938544 147.1356481215381 331
506.0018936731555 0.5708617949762296 706
739.7964619401911 836.6009788577159 120
487.53276950577254 904.4768375702528 549
707.8542702081318 645.9151155657954 841
376.0385253659848 387.15446638597416 191
946.5088068337321 849.3405074709603 594
120.81937362652207 190.40048547910337 675
51.55557122701093 64.34898172293325 948
8.081585041753826 123.25247290238772 870
833.9355684010106 282.90896150047564 838
754.918999112669 854.9983142929775 224
693.0599200144377 16.931906789230954 397
515.2180519243885 357.83010892408265 823
634.6556964926255 339.32589646304825 973
713.2809356513903 180.3493938201789 744
51.43003923364209 233.46458710385542 334
758.616805245754 472.94907483289114 575
887.2531900175159 230.4836683016096 337
520.653080297438 123.25434038145112 843
605.4546953449629 479.32614264977724 427
577.9260812989456 376.24793526964 836
846.6992775272295 775.014229308758 628
906.3222512981093 324.87594363567575 501
450.9346096565239 261.59471375914933 478
454.07292781557 259.5892186220886 877
241.0580413336092 610.6917120265995 436
949.6865237547131 636.5611152578274 121
934.5322455102829 352.4195283489202 47
349.7639620969226 793.288791837164 974
965.0196568474449 623.4020997103547 408
810.6374557261453 375.80016146794924 112
299.2625032578686 281.44060588473917 152
361.44122203817074 934.3657277701775 340
192.27762733146292 870.9132220451455 381
267.8535800736629 939.9416183834404 740
700.8260406655163 807.9852810362387 237
209.2640621106836 172.21188412099642 651
184.06711703849754 131.40133645727792 824
462.1612484617822 716.6693926219164 298
901.3751127241247 127.65084742665034 561
163.01047906143907 627.1171783968417 951
784.1240753193479 925.545008977426 590
523.2212896959036 281.21726881303687 203
748.2252922364507 965.6991259225744 540
286.03078468902766 837.167810826649 860
1.5789174633489278 966.1828442347503 571
989.6119319566055 328.50168003484526 905
66.91647473915275 197.57219934068394 69
674.5571564575123 710.1073352685864 100
925.2180020913135 992.1992850128657 438
12.58647961158732 972.7023006350914 411
1.1422216459893164 226.51270432668892 44
50.8518191477344 729.5440889967188 133
783.6632363975193 990.5331583521228 362
977.4513135533227 969.7944011957836 653
674.6829619574731 860.3219321121613 62
586.0088610704698 872.2026948889691 321
774.3223637678587 161.5006028511935 998
702.4330674258435 967.3038373607986 828
595.075634448161 352.6637657024093 170
561.0665853245206 847.0346121017122 379
161.98013161813884 582.420435254224 547
184.00673813447875 187.76773599719186 312
352.85200197804767 503.9461555344189 588
317.2502777849798 774.0821307861323 703
811.2271806527222 810.2851776435192 193
909.6166959399715 814.8221728561354 76
666.1138300441419 625.5406490704746 928
167.48658746215563 525.7279152030709 178
386.7571446131355 273.99713906388325 746
706.8767743013109 575.8323529169105 809
763.7035967339198 999.8919420486615 597
102.34265670861787 295.15806818794124 365
994.959040225866 72.48713322611633 115
668.7915782562487 676.4729500639762 964
824.5426641128169 628.4940264267061 562
170.2061540028752 820.9720096033093 77
70.13517552175897 783.9869302328246 309
917.7664429279833 348.70759274188356 95
181.18761966557673 692.594051370707 678
933.5506119316873 48.01703032648608 419
602.1696454261341 368.90180416096587 12
355.1922725502651 980.6670451136855 713
561.5254850295822 238.6909704665653 420
83.90554003053407 89.3082215299441 973
360.01350488215235 663.3341307398393 905
231.24993999322652 410.4177002064565 290
917.3423667052768 850.5965694330682 734
621.7383398930866 235.91285603705202 532
880.1934536013677 227.11327592069418 632
134.86388505429036 656.4684910178923 786
46.238700172910875 52.747844531533474 152
376.8046360915771 298.2323119509982 280
87.14264847432318 211.99390965484034 235
34.300123440153094 996.9954534950622 891
250.80439913660857 648.3091554989999 448
761.0312642898396 471.47887968400727 271
820.6539020708161 536.8820371625843 39
12.349341622644449 132.51645984854565 463
43.308407561321374 565.2246771021379 876
412.47367834070434 988.8830346499805 951
727.9763607494053 427.4343308168961 175
742.6798346712116 871.2006566164082 721
712.1721315433222 839.6767377974993 633
699.5899091517088 131.46559508704613 56
500.97052167104107 641.5237199214648 279
457.87105558619265 447.2875548452292 722
330.12950585291026 484.45434778428177 434
990.0882701969779 438.66008291831383 26
192.8631910759362 801.6035797101548 274
549.0083846841096 544.9671366247543 300
683.9267024056344 998.3459184624945 714
85.77282927517571 200.95680269614468 418
503.239567147849 367.72724175543345 54
676.3443587846355 444.3608368096632 485
80.80137432098333 322.28689184403703 438
18.8167728744445 967.6542692506499 278
16.790844548339344 895.7279913972528 796
468.44655799734323 189.69626227321234 831
818.9320480760371 155.23878571273787 563
893.8931919557633 641.9292711353758 154
94.82219450950036 960.1970430975824 428
751.3662765218812 22.225027510714867 699
837.9858757309436 128.61040224739816 694
167.1348346952697 696.7762516291695 583
506.873449248596 89.10901915861157 303
558.6777483421267 773.0894239198417 114
962.7974966251995 928.4015855142954 203
164.92232568568534 620.5658775703236 91
750.8900801612494 420.94072998820195 95
851.6142752755629 860.5751075230893 690
850.74770210264 159.63121419570825 272
992.045219669112 361.27774845927763 47
158.67185284896723 643.9807559650271 8
318.00547066610676 722.3339371302012 922
843.3881881576252 650.7469448260331 858
241.5489496343858 473.68844825533716 712
934.6194149557849 326.62924814458984 646
933.0489349471391 625.9987930024485 770
264.8247630970272 317.6111582654236 826
853.1315082509284 156.7095005305097 44
452.58793252051964 971.1083267497604 190
892.8098257989413 924.469045206599 970
773.6740176451269 893.640022877412 904
783.2257832685104 648.790161495385 874
682.9359576722508 772.5283219037913 464
546.9226717174698 902.6898544811802 242
477.8295359244055 158.35277070046627 480
186.18245550447443 269.6970439468679 293
667.9947929710015 268.7068143873075 548
748.5748527454133 621.1352756045511 928
520.5983815574082 650.1646351120783 182
451.2234317770538 704.6175367358929 26
350.2856187353169 821.9837182231264 351
243.47064411729934 704.9020382308863 698
915.6183061862141 406.0342660665827 311
503.0455570961886 430.16986188812746 965
588.0557400627799 915.6153906932971 915
505.90127052368695 922.0490281786746 98
82.13562629922532 966.0164015128414 266
669.5406166584648 21.785366922819627 719
812.5243690355537 182.9929048607355 559
214.5582570605985 765.7313454163485 132
219.68333357486202 974.7087586038238 570
795.1203000793588 671.6369651484586 721
405.5097540519317 317.2575434637582 688
911.2585034434003 292.78822658443613 914
447.46401115426073 662.7862773179144 104
904.8485794498051 347.7959174259285 207
573.8495240205308 396.5820261306573 813
168.75051400500385 515.2033839322588 416
682.9758687736917 69.84055566288805 853
146.6283704723097 205.61289560545328 214
408.72935871368634 75.50228669267945 301
536.1755131111497 87.68863785180692 765
787.8396350077163 276.85307904155485 128
168.68554770093436 435.9224495841602 751
198.60796475770803 35.64633076971724 603
340.42591926993924 34.462304897941664 665
46.083789731326874 566.1516802582555 852
767.4011649778336 886.162532794896 39
294.3745127524222 842.4808851557851 877
466.942839908316 579.6973730584452 781
506.406754753297 814.4948469148078 338
115.13208978706169 180.75430871980015 890
972.7672816787109 979.7137807477906 891
601.1794497125134 139.02245239905042 131
633.1031334243726 414.5786203419818 955
312.5733194090924 869.8532656434412 728
426.70877109801086 514.997817156526 678
276.0415933288598 727.8629570678752 201
793.8070390011137 476.1653979935302 39
991.9108728087274 32.11059690250495 511
423.120690601651 529.4671302053241 234
985.5917370202588 396.0082922262284 397
570.914713864249 689.7076560148997 362
213.80992457878133 543.145129097482 76
80.58533283022796 797.8256087243049 473
624.5819213080354 617.088649789439 364
129.72708343608542 533.6312835238068 130
540.4104480025399 932.0877090019287 494
914.137254060278 660.5756637781185 756
727.9366702061982 668.2800174503958 463
868.0486078432493 726.6292313730671 206
888.0343462646326 988.7474030737302 518
258.5314292983473 120.0956378748702 225
863.92049097741 899.9005291238567 271
52.392751413299465 583.3793306695648 93
672.9482938060906 638.3881176309279 851
527.278960284205 479.31649839041347 323
111.7044940041001 77.37633942318067 582
96.30175217379056 466.2205489772705 450
412.0623821146955 710.9179266593547 424
921.395173227031 1.131882714483834 618
691.8022245227983 136.62189717270846 491
698.9485948697005 645.8074639891489 687
906.3720424270834 32.006488902602605 247
249.7150015344045 585.8107980969634 295
490.85642693809183 280.65511534205643 597
509.4841543588903 959.0131324060308 310
644.3614705586854 113.31764939999111 474
311.0148704139558 87.78466043349253 444
819.3553435012985 312.10503209784446 415
526.2759812484948 443.6377052910567 301
691.2134752999783 136.6706293117702 450
8.969944826822008 850.4293785894477 169
924.4802416036288 984.8486411704407 655
491.0337628131534 717.7744830301323 950
443.6927646057055 936.3868383884349 601
70.92378088442919 609.8137796274514 30
714.5891975145929 944.7338482360398 962
371.44561287014443 974.1077731211094 250
653.8484240883491 138.586686255342 571
433.5398955367372 375.7184661955938 58
630.6652529302281 628.962218966928 102
435.89418902944067 196.9485969300402 73
328.3922079411026 145.98911704277884 236
500.730346353244 162.93030200788473 322
588.9614227430553 590.5632521007484 637
198.806108932451 288.153476944766 395
775.5650383746652 543.1660807256615 149
110.9564571475501 317.28821920406415 429
588.6805617246758 874.5998850192028 703
671.6697707592289 451.9921712186221 847
926.2627807481773 17.68362339203633 492
107.06032441841029 300.59040324564535 145
947.8047891763655 632.0312910939817 544
349.18295654172294 386.2660324019446 123
26.76300997507919 228.46402192924054 213
287.54648951000974 541.0051369805893 746
293.33909331433017 935.2990877036241 810
646.0627662725175 804.2012937675321 248
402.0481615010748 816.9128815640285 61
386.46739866249203 941.3396865693983 562
374.08857439374566 687.4548786476462 37
532.4959169503563 232.29913420226856 18
785.0508373380923 821.219748060088 608
765.8952404724283 832.0961129938011 340
883.178461282709 418.2372236685501 64
107.97889583033371 890.1393774798877 928
742.9650313972442 94.05972719300182 80
994.4271628899835 140.79655850173356 908
975.2939231847688 747.2964292445463 214
99.35135844889697 684.3391417239823 384
939.2342714474413 650.0183495026718 757
60.02169326484441 247.3375113165701 540
357.53768281770294 614.9545598262142 14
318.61870765168476 587.6279067670175 901
73.79266965844455 776.3668238428684 653
105.98327463393487 143.93209646796123 646
933.4431800508869 5.7919043779751656 898
587.7789688157396 730.2322009930921 301
662.8199029494928 298.4285774297968 581
487.38075339306664 305.80547025971396 510
126.73216490278082 355.0648635397452 381
868.3455272676304 641.3756186567483 7
207.8254055411747 246.68521507438192 871
793.5102618263029 853.3232195873884 878
180.8955827965958 395.6592987273369 42
141.32032716821018 175.34393257279558 581
216.78579201802762 968.8706743041381 851
321.06315747097324 320.91530659793267 640
528.1304424990561 791.6898067797689 805
741.8637218210633 445.9404320045367 334
524.7242928412362 658.6792835175011 865
906.2670543663133 196.20866385204383 169
533.6060638349749 361.6462724710132 349
678.9953999762822 225.27228149067346 91
788.7531349944425 923.1484025135544 941
850.1973541929702 0.6894542227762201 174
710.1356992351976 429.277589287942 291
814.2529067431659 796.4351770765436 418
498.4545974182807 522.2121688326845 700
5.553150716729016 405.4631371399415 107
74.2904168964309 338.0307862676677 247
899.1585332528846 52.16212052726743 722
382.6243137527552 44.169492258286034 806
121.02605946412415 968.9003287424197 506
440.55742751808344 198.12685932941986 455
235.51441767520697 25.966572339431117 6
169.64208427846827 471.84601463153206 529
480.2069472316539 219.64512540693948 299
322.23481746295954 287.6344875363561 576
222.2104511795535 925.0190525881204 351
57.03499493758102 642.8745085435321 833
987.7401858727602 921.1052951659956 232
16.15573122985159 749.3082897513655 770
374.60616424964076 805.3211500902644 134
89.03936166773907 221.08216175292682 516
816.2790586868812 171.46966585874145 172
495.64210020252887 833.2044568600402 967
408.36777390627685 211.25028943829315 482
940.3363886685124 575.1258157317791 39
912.4906579148891 735.4629062675773 439
231.60628808724692 174.42090858946824 769
821.2836767241155 781.1483539842682 462
489.2025813221801 160.30721178194662 163
823.58970639715 232.04908079188357 35
474.97848527892774 124.0190190860111 912
411.7985087605698 651.9545208881157 951
848.9122255704344 335.1746375027049 365
817.6678950656795 481.27497764987737 162
703.2277519302717 202.34383709188643 848
391.17110664341135 127.9031840187691 830
26.799532491561195 333.9324028922456 205
218.0005440819539 835.5759446199824 843
785.7480709145889 517.5307844623999 138
401.836683323625 45.18876834363583 787
130.01276175762044 739.4170776873544 541
128.70069398448493 514.0437400485541 362
588.3189116291019 847.4722409856101 185
512.9861320648213 176.1944474689079 785
303.69534006783925 126.16648265751007 380
753.1104075931579 116.8514112567467 932
975.6278002120882 839.7227028243475 165
405.6507024370604 616.216765064707 73
4.053740370286718 315.9080548100931 616
619.4244322636744 108.4653671248188 787
471.77382499664543 57.63607944950244 812
140.8189694919747 593.7843254291672 229
876.9560571370263 424.28857692734124 461
308.6744074785911 277.9416084600956 515
176.53730830391956 306.4066404146265 295
931.7813164558186 755.6408083864775 107
804.9736156811146 542.3828815212512 864
11.047845461586325 750.4439125585799 962
64.19221017561883 187.40007846094485 883
989.0792954225652 104.57145408167767 703
87.59879459796261 913.2483673994616 232
619.1847321690561 597.7345549690505 265
479.07376642350073 455.1452252941888 712
557.5851481503428 349.3050090761093 845
312.95162160170196 539.4800790003715 913
240.41974836473256 975.6863706958862 901
635.7101052455102 8.312848528135186 131
981.6910473231014 391.7284824339733 364
623.593652473754 577.7388822219538 873
698.7718864716721 361.68992894658356 267
123.93474195677867 504.63601421291304 869
268.271178421718 893.2789301506134 856
747.5350158541078 710.2033485725623 118
489.36480800995474 729.5405470634236 515
605.9546506930421 927.0208002082775 152
912.113774798696 346.30488965619276 941
879.9660818458085 897.4292173608962 126
182.0636051055685 498.6427677908747 1000
359.6157102805894 634.3786007597079 759
847.4742895564399 600.1135039394484 150
81.69555352603697 467.3334860007133 933
601.0039142615439 79.72105149041187 345
55.5092518712832 9.627000026398157 722
368.8717857370107 434.1162054992975 331
986.654036074288 716.999174511207 848
74.91005049817956 64.29260327704401 218
436.25652117180755 861.4989006838133 431
431.082289375625 919.7031138022212 234
866.5027244070276 137.15515262264233 792
