641.7854978790876 190.9186980877655 635
545.608448167707 981.00997919549 37
855.8230693845344 500.44224040834393 454
407.28583524393747 735.4976864278688 741
145.0262587099932 11.905249164622212 862
301.61373542971137 899.349447935281 786
821.4693638851862 243.83451205621708 800
480.9948078185612 104.6527666212268 866
942.1977373877032 523.6737924305353 487
606.7560958604814 763.8900848987222 391
954.6333100040663 500.888638211891 250
84.97152814006526 804.9666279655613 773
606.3677750517837 269.5245614029842 684
471.46497954997824 582.2566929907214 293
99.32275731585082 619.2496464971125 235
415.62192228571615 928.1427405068329 279
516.2710117569937 890.019249084627 575
731.2192581967865 232.9096020665834 812
414.4863489085572 974.5373758921975 286
444.6486472852926 468.6107412937256 647
775.6551869630605 913.8596614502035 667
534.6136374000148 481.0847997285439 164
641.3504705525347 22.776165056787146 970
923.3790077948204 603.9644398607977 236
234.4551380431752 578.7670196923651 298
403.1753914652644 947.8441196377809 10
409.065999860882 571.5458989365216 707
967.2867593892165 674.7925179976202 48
732.3888156629677 418.1468375525772 468
395.34756927714386 586.25842452609 114
232.09815641370568 149.84473404661924 239
491.5917099906738 889.0511425162142 559
144.36727067225473 669.1615596715219 644
509.9393893411377 205.92773448090296 132
672.6180358905283 529.9298089204041 550
273.1965285661245 904.9910743037484 632
234.36113207105603 913.9195242670446 328
976.5547856067967 970.4317945208594 312
394.37433553421795 538.5402145502114 910
646.3175752274 634.72012132811 695
634.2765974275994 620.0707647010153 354
930.1138284323584 424.68434170146895 923
851.4712872399857 612.1651803289731 981
936.4411979140829 101.65479481174377 863
869.950949001885 950.9574443737198 490
592.5889972862885 743.7635533140188 582
338.1329051014362 564.3505014735933 540
331.7064252822558 61.640122432093825 171
686.2720298718139 415.243918666768 830
715.6220377308075 961.8536993656937 76
165.4297729534512 405.8621697255892 24
659.3765846196844 858.0294098785461 972
22.51682200541749 93.59436049824032 849
297.70088448315425 381.9713265803647 960
262.53134491886834 743.0266230146135 152
304.6816328871087 483.957613008014 513
42.81412116914518 59.43903596836508 768
381.9112773198311 782.3202279846832 834
574.8773487012763 576.7199309070647 464
955.2184204567628 132.34447446646735 334
709.8527715618783 518.9765772739112 82
943.5365426219215 617.5185659785491 715
535.3661060397372 210.97804889814776 185
932.5489383848002 209.02148602788805 404
187.0762088751743 443.80234314439747 387
310.5867271218691 725.9828475761524 130
97.54274588053968 41.80509542934774 445
547.3194501487435 565.1982614029705 951
277.7892280375609 681.5575423137886 610
458.2615901143542 142.28337441746953 344
944.7865829907017 246.5611525791731 451
564.6275640622243 620.618385897158 783
732.1877440626705 434.2058019002244 508
807.6891110243345 964.379578069091 830
973.0730635719318 794.8779108348739 123
897.7994241900885 798.3025355585659 214
19.25989896255631 746.4817582340905 744
308.21818276842663 894.1983550899811 475
475.38356907258026 239.91933391876108 321
849.8413038207207 956.8968756969202 86
745.5401405120986 670.2703503441138 55
959.8877727636906 702.6170966137099 959
569.7261090671641 13.00956564229827 451
943.1165405645751 996.0001534344341 676
446.31685975902104 704.7098619892618 172
865.1416106188509 810.1836219403133 858
407.374802504425 20.077513293135894 534
992.7342469112118 916.6874659774238 461
672.4194907789819 967.4102343925932 57
289.1222597965977 978.6666487195268 238
718.3164090039936 209.8953653721969 720
670.0139062524489 831.7918924652432 940
763.3657147108269 720.2675147865386 374
632.6941998780462 778.6161847362818 257
834.3067258074478 316.9156040095711 559
838.1595284725626 558.8234229904984 52
606.0782023056947 748.5485757691927 297
29.038164455141292 459.9795669443738 483
992.6449551706085 782.0658359086414 232
323.0465331070219 798.7724387569104 45
593.3357550862949 23.699730157527355 843
361.72956434400373 503.65651945074205 798
950.2122020421505 138.61462142459658 465
77.28398872818588 912.3488182825649 804
178.8856153825662 215.5550257973533 196
657.6148558566081 696.7263603899817 481
522.387838761641 735.4524185843651 698
250.78590518778165 142.35383362325516 291
3.4413699499032946 852.1645502234169 487
633.1311413570747 435.6705207741922 4
492.0757992361274 317.9135712103222 547
431.43413211260986 151.26403576557536 865
391.22880364605584 889.0907266515187 284
199.44058673450894 521.1933797634026 317
256.76502364580654 90.57875422746675 629
621.333225407157 655.9458522312613 50
521.7314290924838 819.2355262203051 860
816.8819440511363 764.7072965438728 402
115.22491507046162 249.44352433748872 575
990.1338833956912 987.1530422824021 112
232.70767827601492 795.5222567154756 721
406.9165752543083 693.055771633284 746
713.5162541536711 476.60095380927436 175
19.862792731870414 480.5375053767328 481
593.3077799941465 694.074209980737 12
473.4621975385842 227.82112776931774 62
834.8265665698372 764.2948341478041 937
997.9956940310104 855.3739926858834 56
811.6189599102781 803.315441940038 847
357.5748482657506 660.5672321858577 744
298.69017030257874 851.6911818222679 545
830.2323314341604 203.55750959219043 268
705.5939650501311 748.2639104108727 88
539.9243671480433 292.67903473655707 262
487.7735345358186 384.45949574923856 72
734.8475478452929 625.8215579438918 331
941.7565674051925 775.5656013880333 395
595.449244419688 301.09405382319255 597
166.27602807009688 899.3236272333235 543
304.44262063911367 950.4092610340296 946
648.817835144779 784.2914021825 245
798.2919318552259 966.9990447979874 711
164.27176338365658 739.9176162325809 426
130.24886597382513 279.675605308189 797
248.43425249534334 421.17278935575575 663
123.25491151684965 487.2017776678738 975
853.4665596720703 361.27328396139626 51
228.46267967923984 274.60864550551065 374
578.9889729784704 545.8845774370552 864
317.8958649423438 148.35083755797885 342
529.0760770214871 592.0363454408028 5
444.58181265255814 42.710975583817316 483
976.7816983880863 661.1432825988682 699
921.7921991649475 327.957638534606 264
778.4590411471119 941.6832012647699 324
638.9004825227669 276.99440412555253 354
208.82274687300273 836.6327815151536 105
554.731386017528 495.066308146228 263
951.26205637946 90.75285938871657 563
207.38877188591022 168.78563490921883 385
442.74077831725566 304.94507697747173 149
14.62506451680845 543.4772103305639 98
317.81437274480373 236.84904992883736 961
540.8803145973421 6.2918384341360545 453
578.7627742374287 529.9237963853129 720
255.4098488996327 337.1449845127137 617
705.4089641927276 584.1410911053234 367
101.43647161526992 731.8783054935311 577
0.8018604407205032 260.3409027482685 162
449.9018874857121 720.4838942625805 735
164.30593734052857 775.566956033709 433
717.6580789630007 865.8314914188211 71
642.2159471285893 409.4658207946381 703
246.0703881888483 14.232647619404904 851
477.1848982464647 65.12275556792812 566
326.435098372062 476.238763377015 958
113.31131907011216 998.8759098832987 257
610.0365317040684 672.7013778707238 298
475.5347455423297 727.2561350544152 110
9.875283810574341 589.9885257616605 507
845.7139599086413 84.85392933189439 483
225.51473511702102 454.6038298316151 431
726.3883940210441 645.810228847695 553
143.8084445949348 221.82817688233536 930
575.8306585436352 65.29700886846402 372
136.35689286137077 716.7437712291195 912
524.7061125772718 736.4904324530763 281
225.29032537177417 126.9445263065654 394
628.2766431542901 63.217954892435536 644
543.5848447692676 8.9369344106347 392
453.7256781001716 56.70956703395935 826
469.58395140778197 183.81258778621324 527
600.2452788550494 46.05814550559728 534
892.6462849177099 198.6469005688225 834
661.3517545235693 900.5182693183865 435
644.8547399529032 372.96986860493587 924
333.7814866018138 662.9559089831577 257
591.529089398814 587.8502455809777 415
369.5225865173288 771.058396468465 762
656.7604202162266 221.77918656759908 888
491.5286934783375 665.9436945614945 139
814.2209128947466 996.186801517518 271
536.8530541938202 278.43244447252914 250
210.8271752232187 315.6081562636013 302
179.01956964343756 348.994019155337 4
727.9739459579617 879.4788543261012 246
536.9831298531803 671.5435822661532 970
421.1014007317774 930.7327186316514 581
303.57355658660424 520.5844082898236 547
596.867785927506 586.1713681224808 274
768.842316872105 983.3168616737835 219
384.261045466599 174.42528678980963 656
51.80622259931334 776.1642714156797 123
844.2079012796769 750.7095530933246 62
410.22701880686395 477.0661159936623 470
885.435571124377 126.26501344674412 793
7.2861006406893525 724.3782968180625 882
664.8675042161884 2.155047599430304 985
397.1877472876159 42.51920491212413 514
982.7951996831398 19.495472986835072 616
818.0520145006186 982.9352717577556 746
338.6996005728076 17.685167651285248 565
82.05844926939965 226.86678864008093 800
375.7409303614653 550.9299253599501 518
743.1189779931047 276.5599209210233 143
77.70254350662276 574.4839316666003 852
610.3002974567089 176.9136287278077 86
989.835212370434 578.8600495148131 822
193.33471101470724 459.2791556359859 244
725.6998717105379 239.64739029801186 429
975.4149772802598 561.9588705485809 3
127.95634709357905 596.0458797693442 766
619.4607960977208 835.5245842130281 207
442.2665176285596 433.6647732781934 285
490.4349584338693 699.7668179510797 732
715.9221170054996 53.467679381882014 758
667.4076624482325 45.52454625724644 358
401.46740625496545 632.5190057782411 528
593.1226614121427 641.3816526988165 854
564.9789513965794 704.4260511813522 683
342.65535430468077 276.9353507910386 797
573.3927319929893 443.5725441612257 18
582.3652760285956 402.11982506602897 185
790.557090835776 913.4843200801599 42
235.41309748129314 541.292764712745 422
910.7740531228379 166.4027457708953 385
787.8975681421848 948.3282353216613 914
580.5085113417086 871.5003014553358 764
805.1862454603894 848.6999974922372 257
123.1543374860935 88.7080436383515 839
789.7963757346624 770.4173099111978 366
994.0857399866615 138.33343881435323 733
783.5943937945904 926.671315238392 871
426.26237391508414 852.3667447110915 731
723.8852193275633 333.1985941991235 157
155.6017580002449 400.5820260599503 245
721.950194689116 104.4634905301961 314
496.1697029511201 19.72722168452745 197
579.3789626333746 452.8940424107305 939
784.5590014815573 718.672251367835 616
767.27965457402 913.0515788713723 451
339.9916233060209 93.66504781352691 981
414.8543684697295 306.5863238853598 268
363.69194185450306 202.6878096924184 104
269.0356112241982 131.73253506622297 740
849.3066841070931 924.4437305575406 524
859.2615485089688 502.87655959344823 973
732.2497824057419 861.5993922511525 660
709.615286950261 116.16969288175194 380
832.951739283376 114.92515645582813 607
21.120736855289813 524.2492581926077 786
246.66579162981606 568.3900216960388 705
135.16581409486005 994.6979468678571 175
126.10683444895277 334.58079189394385 412
972.8360250494167 54.20277913149907 781
397.33530649120297 97.94468890085074 334
692.5968890493242 527.3477807793571 170
687.5390261575036 242.29011125958988 724
814.3347759588218 406.49912232805565 406
272.4082645213514 43.390502748248515 649
915.6512914114724 577.8617867963834 885
220.60215768715474 459.26660181073265 255
819.490787641924 161.72596060114708 473
43.848490533445194 139.34448557775235 533
133.2537945552188 968.9123972855595 362
998.736204761135 861.9129976206357 484
944.7365957218075 822.2358090310635 426
816.9937619059496 419.70426972549654 492
714.4810815869624 952.6641064991778 486
651.5496206144677 874.468172389391 7
788.0865281621959 968.8580061429541 330
654.8748203544638 995.7085329990856 495
238.97541614546526 720.4782301435641 787
618.9452840141915 91.36675493244184 970
77.99081912032213 865.5443711401825 35
355.3999174340261 835.1623048776264 2
704.6453889063006 394.9514642078585 755
922.0783805162642 741.6261572912806 976
288.7856928957377 209.46128062428926 541
437.2236046585578 858.3586392194717 499
575.3856256934308 772.8135683307007 304
730.9375125192039 658.2545963111878 243
779.7216757085215 113.06255449640513 776
86.80958067564903 921.1170586839639 54
236.73299774976485 556.4207792353752 426
549.2714345837543 146.54296248626443 876
15.619479744063081 472.11050660355113 344
861.881278816584 65.11833248763953 543
564.7793522521876 37.616729572213956 929
87.54585787166602 950.3452876801005 584
397.43092836858506 525.452351287334 951
954.7617882253131 474.52335224997177 436
61.47791830009708 762.0751435113037 104
622.5750802139652 133.1652966400161 628
278.7584112030145 721.6822499676705 391
690.6927465100605 516.1180106231378 776
107.76968131905262 806.5771194447588 119
650.3861026750584 150.109936431423 43
376.9306767240691 940.6715740863169 862
826.5459005983973 914.8041425282025 482
273.75458816717367 787.6504213801722 235
556.7054269534922 4.392809540026521 588
351.6521972250469 78.89898446148824 583
624.4374778828808 625.8419630209639 864
986.0462577604897 156.06171282813807 170
240.48617917241734 425.078183811493 996
553.4159034946556 330.4700045418134 225
418.0752835928189 839.068842337543 660
185.82162144722813 740.345331138009 280
813.4645005767132 175.6158589342277 12
776.3813810459685 211.41937611826623 218
292.9073203508266 934.706120597588 743
155.4537394583726 822.7510828061563 355
32.94038803623178 273.5448043820612 875
845.6660842767695 322.55816212359144 977
700.2301816910351 684.1586005351787 868
84.15260727824104 897.7884290313957 914
65.10159353786716 845.9331690795412 550
985.5026531375933 312.5172541389718 899
127.98109510781185 91.86917253510663 168
39.57446605030579 318.8458120337638 622
646.9163814892332 397.17909271596386 758
129.67248493780593 773.501960182807 858
928.730885819457 797.8420674049597 119
82.65277186202825 336.7902336460884 859
21.340213034024337 143.46702488579632 853
511.6151417024033 355.6058789152153 360
118.18427265426645 996.3262281720658 415
505.53258434247516 180.09775654319148 635
383.0047761343088 909.2631693673308 689
362.417645995235 19.235168058290842 875
748.0221654439274 661.5237204542354 874
256.8403212123779 98.67788885826789 223
437.08339131802575 835.8046714515447 247
756.4604655020106 979.1344578587023 704
977.1800092140949 333.3592001278064 71
189.7653165702423 713.7541359183617 412
109.65811915074319 536.1598795596361 665
637.7768678782062 60.02547023675453 668
934.471163063413 843.5834922823522 302
620.3849040615878 462.84484043193817 682
996.8756414931754 682.74229707824 208
199.98783608463035 326.54528016078723 168
665.4655356580563 724.3252277212608 50
712.7056313085892 684.1742041145084 170
135.9938614286159 983.6013527379478 397
308.72155634952856 791.7436912214545 809
477.7785531271419 330.82538524126403 474
301.29765129107165 162.6670953448317 686
385.14260324012463 371.07953102881896 430
716.3312642672557 365.2085380002814 839
263.9031177614276 222.3706407429701 329
892.581954492063 558.6054179670393 306
303.30259602422103 133.1927607394443 991
296.88993186266424 346.71554261403304 646
317.80015872585534 57.73857487434364 69
404.6988839566968 666.6721827537169 315
124.83517136137567 849.1617655637857 964
274.8990337180561 999.4307496838227 697
807.3571179068681 515.3844918633605 499
822.5795606308977 503.99123776846346 980
366.31767876896083 671.3820923286628 553
184.48766745844458 935.8618770949394 1
323.59578169127747 434.81055548482664 686
738.401315190584 339.2665884280742 736
612.3741587930149 149.64127511909953 924
416.70067179341066 603.1794703297221 499
269.77824901601065 250.5941662035749 210
794.8226859205828 154.69750811406692 74
827.5989550427325 640.3056599035406 57
29.10567169576106 599.3192672543247 722
678.8837540348903 194.47189109890707 991
839.8820940857786 924.2660570504011 596
439.1470066097344 731.2028361519053 37
859.2754624091546 947.8326213168374 274
412.46795840748905 679.9430137780681 123
462.14662063108017 544.5874797256669 195
643.42754217238 854.3332339943669 106
984.9547399530182 583.2560825056518 181
91.64591496956886 579.1358965250672 358
570.2553872620196 986.7557924014421 588
853.4276004392921 949.2617930319878 976
680.1488936913297 299.2741349838338 464
151.72285775876526 4.222327976396101 170
694.8885626620279 507.64705178124217 552
138.75574148196702 901.3195402796889 616
633.2777939300984 476.378885006103 816
936.3804778464238 633.3370115205645 438
743.0170050003338 683.4552151559402 589
71.53292600721261 314.4930150462245 444
593.6464027867265 723.3398666260263 338
587.5920620200066 711.2420816225762 751
844.5216779885994 844.6071462691255 266
232.13826432519713 103.98373212598821 421
360.45891023980016 111.01947407126022 289
873.3928937483015 333.63417083776704 51
529.7309106377717 78.31366668336214 536
87.06049392054015 200.4812826335912 407
595.2824705195321 590.0339194991127 480
355.0514444984485 769.8695944416583 493
786.5360052990229 113.36662794602415 903
121.52866660002016 896.34558881011 804
622.7894457709021 929.0115343858913 91
261.76956240787655 681.4796292456742 101
383.9345323345394 18.269692422667404 334
911.41990588409 193.3675269745091 90
529.4205377409323 766.6796631830656 361
397.6054175513813 67.36748441337015 337
352.7147008542764 672.151946575987 831
427.85508867432134 429.86505935256923 897
488.5826808796141 762.6014367641441 273
831.409362595153 342.40649508215824 783
735.6408601466278 425.0391869841389 3
676.3537190733306 508.51921738559 874
133.28591193405558 274.5152269185118 31
400.3506045248778 384.60185595809537 391
499.2803819156014 291.2664455036621 82
519.6250692641897 405.60605409911443 215
541.4875926549139 293.9072310815193 739
25.36705805575479 158.85062599414258 60
791.7561746367306 320.46516318740726 246
952.6786290774094 834.6097852833573 950
77.3939236456307 481.5229145759241 382
274.02921441988747 28.969906734068516 852
373.43424020976045 568.4377540320656 975
183.59185218165862 467.90432958082806 338
467.13372308957526 952.1322356395598 905
315.75900019995515 83.1381574096427 441
882.4323762868815 653.1116201071454 296
996.49502995064 878.211235809246 901
476.9270609389615 748.6860075023293 250
711.5997161713068 409.7723263386067 575
977.086867360729 720.3606167671742 727
470.8893564137304 302.8053721546272 262
366.725337086494 313.22144301241883 30
580.7318726735459 598.3606212809723 207
990.8458524815468 380.54453231643447 295
475.47609830971516 488.612442321531 122
861.7790577557948 423.4941027535148 970
467.8179131191481 45.51733062039531 711
82.38922259862613 741.5934737066663 750
915.1500063103731 634.0367622427239 74
51.867218713322 215.90574914666027 788
999.9383244788299 51.13369585592853 652
876.3993038062745 117.99696799713166 161
292.5858857688233 838.2211382634202 123
194.72913553955874 785.7492142124736 386
919.7251616778588 912.1724356879995 586
252.4160958351982 128.37595413455927 317
827.0977275720369 704.8937414336602 611
714.2065222864047 128.68564411858762 716
324.8352598104288 869.9830165434721 116
399.03784102010854 826.0052984526137 968
364.0058029598101 242.77487989740965 336
485.4456778760511 865.8608090607587 682
107.60040830622918 877.2061978802915 913
92.28834014200116 910.7152284391632 403
971.0893974112882 453.4154272414752 837
930.5906544186731 998.0607205179244 398
789.4937695388693 1.530327474401405 300
261.4114570599041 278.50438581206004 374
805.4614438178995 336.9537662031301 25
457.59578824475943 600.3256804083633 619
44.612782369787055 897.2546307657643 101
965.8507182948646 155.12842489441658 399
120.3319457522416 264.1784635946736 372
344.0835564960559 452.69969340422165 286
945.9849661387228 341.22986696001556 971
438.6007641618895 120.75492264477793 316
160.0010190691159 480.83283929692254 138
186.16721223329014 56.61940938860466 763
221.56874442010698 18.194178811343107 60
779.3712249557278 910.9263020289419 399
76.5247699275361 644.5161478565446 438
294.65145118841906 605.3248081200935 255
599.1179074520144 653.0629277567483 155
870.1026985179234 142.7330536301876 762
397.74631286453456 425.36386964515026 632
916.4965607585259 45.09071663775654 552
910.1998251249934 999.1730022813492 502
173.47892867777315 878.6429110669291 155
183.68615545170462 678.8770190739547 488
160.0466403381313 358.9137315416633 248
291.8782818460174 253.40162952528988 258
298.8559745871857 642.4585291778436 809
361.21301697027496 541.2258059983125 997
425.7069597102918 900.7394235544959 402
670.5675738883324 976.193039255362 807
655.888479367047 451.6377917738418 983
193.28921521675767 599.3916430279805 541
517.6962706818434 820.7118020622727 936
574.0464138906839 268.52577339922954 395
315.9296739989206 473.76904117060616 175
213.93378631605685 628.6839204058466 850
588.7630664616576 166.75623069890878 761
135.5405302349979 278.47420101090745 941
554.6505429795461 173.84703399747636 334
815.9742085832938 500.9789011596301 618
788.3715505332831 373.5143111799172 403
333.717383212885 520.8200922742907 980
431.920066496956 605.3134982214317 218
995.7639254084526 934.7247880956619 410
292.9385422254892 231.55318265388814 735
948.5204574785282 981.7290447697261 185
718.9397680492815 246.65159085133646 3
762.3028698010008 472.84227349376596 904
128.01544436925428 241.08972068170266 914
318.074517792692 110.69590727718548 801
330.5545820467905 988.9227117642398 994
291.8571027342484 232.28409800478855 790
283.33610609631353 62.95795870314846 907
519.9349425688874 955.9827837551775 290
170.75333433199413 521.8521935146828 706
516.5067956832265 337.1680753504338 150
982.7305849088153 685.0890561723089 212
671.4016688098147 307.49626982904 418
484.8093315618959 60.27286213729 363
153.08922856599605 249.0197855938423 731
539.6544736268135 684.2263436659334 529
34.065949108336156 73.74993801059814 39
947.5286357025757 29.831572363541838 717
277.8610777743854 602.2109516838926 222
825.3922355235078 871.1792591333572 1
163.32741363182134 499.1389612190864 603
742.944247654319 204.0431285108254 134
982.5383518242774 143.93647761973193 960
273.4492854223709 695.7462897416123 898
81.68803289525317 432.8523945446864 761
874.3621507984021 734.8598188534688 371
70.81147658819675 754.3715772962742 490
28.138904317596914 130.85243513067036 176
833.6575491088531 415.72811052171744 575
945.1633734698964 711.9508834645969 453
424.9033681735381 48.63294869375379 701
274.1059210932053 786.3735898439941 580
789.2718615010555 762.0821811891826 126
286.73507288730616 578.8345293870559 198
734.6126811216863 347.16614407793776 141
698.8324995471859 111.27612590658464 550
31.31917252698624 807.8973455383691 98
878.4676561368859 814.7664625119545 542
24.33181782032834 801.9047346271332 646
405.6722465664674 896.6209370216461 45
555.1515999428026 65.24267722764132 161
40.43963616093027 345.81797254308975 106
956.4871191588097 123.22716762416019 703
559.8436243467928 111.06469556543097 220
700.9833096484772 314.8535700450804 19
655.2823608942252 445.80072897311175 805
371.68797788438036 592.773673304552 548
984.5593158737797 308.237145438921 854
717.365747317175 932.7290469679049 822
534.0854512625947 928.7002963684914 689
913.2470654562311 339.7896329742365 224
615.2715207676056 564.0478982547655 797
126.67602338654116 162.2502992713123 707
807.497739237147 654.8920627096855 309
809.0218314030055 550.8499863390438 116
493.4230829575419 132.25419717126718 186
945.8736441069605 693.8261460367205 978
809.1481544761307 585.0192721264658 93
531.483186951695 927.1044970572511 53
932.0995991545217 900.8486011747176 790
550.2022299115584 695.7026168446299 507
403.5383172178161 385.59097263319984 817
331.19953490199515 149.98035326635406 44
858.7319398882838 585.2449853257116 885
45.48696619320558 69.52499401802913 423
286.6179735416545 930.7062468213261 523
445.03023147868583 89.90971557375005 700
819.6941555947957 935.8142986893321 167
236.92052949591513 792.4967565405149 672
241.80338608992346 394.3086857221424 632
517.1942743873317 810.7462935785024 669
885.4942247177909 530.1350058343654 693
537.2824464263261 137.11711771998824 71
669.459872398339 271.61203564742164 198
548.6551572358231 796.9296357787625 665
719.7216114642532 604.9747493621077 472
639.6007215767241 488.1929338171843 25
878.3005483414194 684.4105670897694 705
350.50266088392914 273.64558973336784 383
50.67130861020297 531.1297164833003 274
459.89613427520214 214.7953177888783 892
335.9112382938386 854.5426659657072 127
932.2211225125272 389.24051770827174 385
910.4312484360993 243.65700592754158 274
124.72387615920833 439.4348423196738 416
637.8435885774423 669.5257120013284 119
216.54896555537917 159.69096160493513 404
737.6047004256454 590.0324728869335 791
532.7429475076378 992.252123121282 909
288.1694413366539 214.22382887718615 616
874.471997446634 180.2520141382147 270
926.5040434368184 123.90533505528411 779
458.28095033962245 800.2183715067341 703
420.58777597803066 621.1428589982792 223
634.6692182318106 968.3392407570113 213
876.2746596168494 691.4421533175445 140
168.74722491812588 124.5383550585275 71
658.9073600207722 157.8607634793431 974
579.101816996805 591.1855616214273 1
103.53031406039514 201.95735506975922 16
995.6590996712653 437.2985849007215 988
116.98447527332156 574.0488057460349 770
985.3123341801088 449.06803046024345 696
400.22434842050114 603.6007134911652 38
279.98239844423466 695.274157782566 759
112.65617433408315 427.437901326389 377
374.42571294844095 993.4855684887286 548
715.6855450166684 782.5369533570798 886
534.276290927502 595.1597228638717 865
46.90139406620564 813.9292632832306 682
11.821157080291854 601.8441580981467 852
199.83027089364725 642.8465598649381 553
463.2620646000412 119.7939055448496 726
151.52610444622815 882.639283645758 575
612.067978359146 221.05191577214123 736
405.46090166408334 979.1650942544776 862
587.9756795927099 59.039258130488825 35
707.7887321892033 591.3583654464228 912
418.49011986261354 739.2385450341902 640
541.2919134065739 939.9770137830328 188
779.8916639731214 748.871129265815 485
471.3264185019861 356.3909603173474 762
634.536903949 849.0749454718083 409
904.6389580013574 421.8409682278543 237
382.07491969001995 375.9333010239748 869
739.8013399194225 416.6561557928471 316
767.7390354588052 352.4671532719231 99
351.23386468836406 589.8636087291862 843
750.5040626266186 3.4022483921475333 314
345.81462293358214 665.375828711741 112
401.5172137179287 298.32618782645494 466
277.01116973828056 603.1460646875112 449
817.6131053561851 775.378603743867 846
25.450625015427274 6.300512802535074 78
74.23484543238135 43.39155349455459 473
333.5358729021691 115.43316012667715 864
257.3836735277075 928.1836300542419 918
39.297254685434325 535.5492562686933 382
308.23848612936723 60.07908583695365 58
435.2496216353467 379.0454264501306 280
269.33577085722015 675.948065161702 89
703.4327988444866 267.9677479217898 456
735.6091758306451 775.0386472439977 227
248.8541775121512 551.0016856799735 473
71.81941374352819 431.86465587133983 925
223.89799071909667 944.3471446039471 417
983.2671195752055 122.21719422968525 92
867.0960936314053 83.61130539150186 24
153.6713373968477 468.1569837113235 145
335.3204222604421 893.7834746803067 108
880.668207030735 616.39331206324 61
125.15548716504532 935.7758501418848 808
979.3955123372035 101.14838320422803 136
45.39549883512495 833.0809097321071 639
791.2779908122487 341.64159793023265 741
3.4964392342321515 843.1174124099682 349
461.70260004699594 464.3416116895189 734
783.2122949752236 463.58758581256944 623
147.92430685277114 23.357921387292315 544
516.7887496711912 696.5338366002637 454
550.5606293533186 225.82922722749154 632
559.5071516882632 113.52918433969094 995
959.760225898099 199.7762893219748 659
256.3808377361305 227.95856807130554 856
846.5007475185027 613.1262625025646 990
751.4252803376768 268.39090390051877 207
91.5171672335876 394.6716703670312 722
623.1588442670345 143.6821710313312 534
328.19417446337485 503.7791334989628 343
730.8711954516348 56.87693723481468 768
56.424962663301436 951.0109188855915 975
878.041553200814 454.8407394858325 195
502.26903882474716 755.3655690311596 610
406.09486635715086 410.82168211156556 124
271.55833078233474 810.8093162629485 390
317.9470839621631 219.55715282713385 708
578.1664647484665 606.1184576938431 505
864.6256239968462 240.43953391326434 647
103.3556604447422 734.0465401257622 159
201.1070540824449 384.30545619333776 389
225.3209571288798 430.1558354763868 749
582.3767176986606 721.8523822470671 993
378.3942141746325 282.49158008574915 663
410.6725967243432 61.514058754478015 125
422.66854150992515 286.9601032013611 427
210.15936556739 519.8733689777473 661
948.116671766733 368.95620147974415 131
91.23336588691822 557.3785071802039 172
907.8081285409054 952.8875655506582 963
744.1399796879537 318.16608147010396 545
19.36122506366711 806.6739515513067 952
338.7432063285948 433.72932259977495 518
578.5771329496301 623.8399777765267 840
13.793185245649543 665.6097983449987 223
285.80285832507354 207.4231308605985 487
426.1266739725386 47.195795723493305 953
363.3032621365747 981.8398181671414 534
237.36979038206073 250.27207917051308 450
689.9767429852116 721.5770403425694 573
346.8850654358572 912.4629100071714 713
102.6510633501727 724.1545302203147 903
737.1477705875642 206.38792302161391 863
472.4239000251783 713.0108184753485 734
345.8239801521258 571.7765259363855 140
326.40316150812 878.3137246925742 548
389.18887555478744 113.28623596495679 164
31.120344411440737 377.0443322602094 893
437.6612319338288 793.0796614794809 907
129.59303718834946 328.5822885684949 329
241.55171901306682 457.8855175450637 117
315.14100663669075 239.51637097957112 286
910.5644720176829 838.7668930906366 478
982.1962891741133 894.3912441300283 582
867.100188633739 820.6163417962957 764
996.7429559289399 123.97618271156662 432
280.39420503037917 992.0336430968665 998
684.5836989796236 691.8021284868479 609
58.74650033768414 616.13555156728 723
259.46956213396146 393.45111658092526 630
377.383149700954 452.55375086641334 52
192.49788042917993 714.5622055493806 206
797.7933793846312 593.8288497893535 399
674.5718689966506 126.66704958544229 716
677.1780563977205 933.1534904100855 869
131.14881798202393 399.04630636261675 454
362.8848380181038 470.88275928134703 921
432.25821168023657 371.0304322825028 166
213.50566039420517 471.9469295408331 173
465.9006193529832 311.3642656688349 289
242.05452517323954 54.470699496655726 251
830.573716677138 985.8090754543866 694
424.76104905744086 700.9265636193177 378
466.9941726821104 60.97462990720515 353
277.6316345602788 594.5537922156253 337
246.74434243653621 908.1675178391895 971
111.60314802391791 23.277348500590932 948
204.29115318263123 311.48971686792515 588
841.9184131487043 23.37567453277323 289
599.9186067438701 108.26775685497381 462
386.0125362331902 887.2477923769679 883
207.35188696856665 407.7888490864755 727
767.7921494693161 849.204984731559 303
720.9694070201646 887.974247634711 626
756.9863262426372 402.5069073476889 726
115.52870725604348 881.0539335712987 844
67.65587821292097 645.5969589596153 504
564.3307452278225 969.9188471141889 829
730.9659195933014 511.4634409425084 340
177.60625076953806 571.6876132633055 778
226.4897594132461 185.93757085974826 351
570.110640207598 971.6845124587524 619
67.01135199044094 459.82942497640187 594
823.0666967822558 436.7534694682361 475
451.11309167944614 884.5383530494194 121
344.59114105914057 922.533016931976 262
933.9310797198716 517.7091330717767 94
282.81253962602847 519.1089039339753 660
255.31935012096883 480.10860667038645 976
543.3971668762049 381.6799738988347 353
454.75814633860836 218.36072532608975 496
62.84424066408501 862.3181661282761 586
752.981412870192 781.9762168345028 786
961.511155389613 729.7620833030521 107
862.0560207345757 48.167790438930716 444
77.11598320795076 221.91275396102327 46
751.497133776039 400.28214346142954 150
148.46639924455928 614.8440673711339 9
365.74724576106644 906.9198378948292 853
193.9898109587528 292.8518808841485 258
875.2145742501007 394.4889304692211 262
539.0666755633538 925.1451471355518 576
342.23685788685685 781.4023107564917 143
418.71873080424336 286.99195488929763 825
238.28764571917205 752.3952203411617 652
172.61992194487706 959.2720468870613 714
887.7041954223255 478.347157367039 838
334.3120169263377 233.8569399844016 481
189.9775415449382 361.91811270355123 368
67.55590821988666 85.6871186672039 953
401.52487896229275 305.96165584603386 857
842.3323168040229 984.1681943812266 853
238.49344239984148 865.6776971471903 99
655.2310709919993 296.61482843768715 456
227.8523555211497 751.5425750322912 466
293.38410505589064 955.7610821390365 808
348.6971521936577 474.1539039981781 776
428.9482386752488 580.9962308515699 712
313.2989503337149 123.9305795107486 796
892.1910013446115 821.9132334326451 375
737.546430826351 149.32005211045575 812
794.9366586474574 283.86237921836454 854
429.7131564050259 467.94768359544526 655
345.2195869164961 521.0646727432957 862
150.73366399529132 691.1605491098051 174
296.9544167930994 805.4737180031801 996
171.90058189042458 58.39315889067398 231
932.194779386737 806.9692675210766 336
626.3423586119911 947.9312345430044 137
554.0387666469933 616.7791174701744 146
727.672388750382 477.5285538131785 232
922.2495163611936 130.5674858243059 647
384.4652026301494 478.0961239822331 854
979.1001444208845 899.9690547132162 967
569.3574020006893 244.65410608506588 225
372.30070943165185 199.4295821967351 76
792.7260561678069 811.7504851343284 758
10.561178267072812 144.92658693414307 613
134.36165861030958 141.7452378351407 815
989.5620123848153 602.2557401727843 701
489.16166685109806 673.417161145643 632
630.5847628612631 881.0706066941134 646
99.04996358261475 524.8555496843873 969
596.4015232098162 418.37325789016654 595
885.6410419180806 780.1070303833525 830
762.4780615962811 449.1939960287448 621
148.31144183602396 811.0029580475824 274
443.1058572102378 523.9513206821073 993
447.66094915525235 726.108765817807 822
894.0118367531145 19.240658955538727 163
116.63020105203992 206.43863531297902 48
860.2814300230376 265.6759339048653 409
237.9568821609067 518.530962996489 515
686.6705093624244 23.08312073596097 834
295.7365254855827 160.01425809790425 232
279.9517927601386 712.9057579431799 4
87.65314904555599 689.1589152503938 869
343.712511159423 608.1203694618836 174
869.0914932696804 396.6505509082094 971
214.0847312159606 642.2120650176053 92
237.21416654404658 794.5799959044127 261
87.35984605996727 974.8171388339887 621
575.212105230723 972.8344064745605 785
678.6056060653264 905.4958663051817 675
844.986780445574 146.8402625281039 641
515.7902026279922 710.9947465440565 8
58.85493154571575 103.32185671638739 453
418.0970455874223 511.522634401404 15
343.902537322177 801.5909121634285 321
773.3176082068417 494.4503743064719 383
475.8624711682873 292.3695210206415 626
441.2564579826976 505.13269950301463 935
358.68764227750205 243.39558091641067 206
836.4162419635275 397.553512970699 173
937.0203153000064 315.6612028061476 934
234.2880029799328 48.93075320376572 707
949.2522759194062 457.2612815710603 995
589.3007157937689 917.7600771310247 216
292.1782330366445 574.5343993732993 598
175.82168964774968 68.06572298184999 696
578.9783666961936 784.7717735065459 953
477.35817270081503 169.5973740547788 914
785.6458318446096 362.4825665756338 194
122.26808298233816 495.96727357122126 849
785.0561970776099 117.96546186411393 236
933.4458754667594 567.8295413903646 12
826.6689387471808 405.3753044922304 296
215.87252440649195 255.9346500087867 138
533.1073031436996 509.9872371843207 755
74.54900540577525 722.7400388780547 13
340.9771275571711 205.32284091424668 804
823.7526487798924 14.479640729540112 492
180.01454050948206 349.96502745159717 635
514.1223009826202 674.2619519456573 872
377.2144445943031 380.524056812114 814
257.006659729525 254.83843596890443 924
478.1807071512365 517.8990906965681 184
823.2120554772125 738.5120246203297 844
847.9243518121019 377.9556214251133 102
854.6165425009724 811.8990107506623 838
918.6516750701675 196.87615087185117 987
735.8605297541052 299.1385246937677 429
573.0926744189013 552.6195495129538 273
992.6082674888098 151.76160223835788 886
944.1034641466264 183.57999292599436 594
990.4940571452651 932.2221302634056 163
484.2710919926798 327.0824640145196 845
232.41430864389855 708.9212531017148 186
919.9845699109574 698.4899938670843 279
464.9283752324861 838.4700414170279 926
631.5199599995954 706.4378917961204 946
515.2516889039749 645.1704529724273 810
793.7289293121091 998.9043431557872 21
689.5556198321341 900.3468263693637 557
18.219281635918794 759.0368031025986 72
883.2419051005306 644.6694262994082 745
68.88394969831668 733.9049750560622 553
920.3547063085084 948.1957539565518 63
399.6874950523938 956.4055743355423 821
523.2438026681316 912.5838814951443 946
430.38974986139254 613.4899350198949 641
872.854766022308 802.879684156527 306
845.847968764192 1.2810676717318614 293
8.892331962486399 837.6861028510575 545
646.4936029056129 182.2188609750741 356
212.8015191472108 142.76135793928458 607
983.1153428857286 980.2178548686817 219
398.5982905466139 112.0685030281725 459
178.1908606220003 968.2417898534854 504
542.4708045641945 321.35783545810335 780
740.8835149840204 604.147890346195 359
28.467459406847475 914.3386276018887 443
16.30754440158544 165.2280293984184 764
462.6882728097846 319.3803092198376 349
826.780371668348 957.0611460341404 863
414.9936823238918 231.28853655072413 376
430.94888553417553 127.07181038174609 527
873.131325789848 320.9113734171072 479
668.8347602375684 972.07466929937 275
978.8131844506561 862.1786100281812 895
227.61951754438857 621.5712859809796 797
846.2872183296748 537.2206635181127 472
574.9715153123843 257.04473580531373 154
285.4974676132741 904.4165158610017 194
624.9891778824831 590.7941549603399 251
352.023793817939 691.37274046071 984
383.061929574835 167.73687362995605 243
111.89337003419996 675.3073859197389 414
873.128970465086 81.75059850839561 588
148.48263501779314 558.1614174650049 9
224.80355069771795 91.7343846314651 713
387.8807204692654 36.893970961692446 148
386.21315893887896 505.80342740419803 424
91.02912146786369 815.4875895702146 527
805.5496244032461 966.807631863918 508
480.90666558809437 969.4527678233524 474
554.1667987809813 368.6439036396599 665
948.7022210072981 928.7407137515681 235
659.9881572578779 904.9212235883257 458
844.7515777006033 514.6659886949932 130
626.8633710664958 890.4950397046463 963
823.5062836834146 248.39547856470446 879
240.3643502982523 405.7221076767867 798
16.86789921942722 615.7197930562344 132
770.5827184139213 855.7567411524036 867
109.37055997827028 754.1873626556097 134
233.52856141437795 996.2106040514019 659
715.2902769512168 793.3383808256233 848
343.7613830786358 412.8624411415832 400
71.59966084573233 491.29547399780336 251
248.18491815610767 761.1857508504415 951
425.3971278760983 770.0683022680366 567
250.20518180927033 329.4113486430178 882
343.7253876680536 924.5536759883958 868
462.56610899337744 104.18686540656496 170
137.70420615201795 386.32548273402347 687
426.12861358674405 208.3646639455038 438
646.6520382090062 886.4900287823684 108
548.0317089212105 244.43508652222056 897
549.5826360391832 602.5928067137979 180
706.6275579245885 753.3846167605753 43
700.6888523650687 877.9007229141102 618
472.2493404219941 21.576017720636663 343
341.51447932638433 540.7382527784335 151
683.301640094288 787.8984829739735 557
40.40081431880183 351.9029250479575 231
653.200701928398 887.3264762968935 841
419.89194043097444 755.124536386782 839
814.9209920985198 199.072549778319 489
939.239211975077 32.728104508593425 39
177.8399619587755 680.5904176783471 116
759.276981477296 562.3781616617247 493
216.10539256774197 875.8429032838311 147
821.6198863683297 295.01005336975817 468
341.28451593966105 192.81860112619486 411
255.04373856353934 656.6191654519762 924
143.30375968654187 770.1700495537062 72
602.8811825351049 315.7273238758669 691
518.5479198327434 641.2245833500734 389
495.64125440473396 861.6053038673095 486
575.7390717966163 488.1664244244623 237
394.68557090063314 933.8965229196206 824
463.9958387656975 302.580020600959 1
430.7862370015819 463.6264064027431 662
736.3212055917678 856.0795635070394 634
104.80793381938281 812.4127612445425 708
202.8172642443712 854.8979393460168 645
754.4359775372266 445.8769864886142 843
