855 783 402 55 972 663
313 392 646 84 734 940 516 680
341 385 941 11 671 86 889 137 942
73 746 894 549 673 475 638 524 538 521 386 49 605 70
771 822 398 95 482 559 250 182
75 24 614 921 63 547 689 377 762
738 266 483 836 800 282 340 953 937 971 802
513 27 493 654 601 962 427 73 714 354 951 509
461 79 599 996 450 839 402 763 509 689 530
285 332 412 82 340 604
520 792 332 80 55 545
458 241 158 975 860
900 773 306 574 441 699 490 580 922 302
259 727 358 583 309 406 777 531 252
833 115 138 6 560 583 728 735
314 380 970 575 233 296 886 175 709
588 398 708 136 162 787 533 265
321 12 595 182 151 30 693 507 578 741 72 154 175 323 232 329
324 869 53 195 574 617 694 498 377
387 328 578 414 441 694 595 740 255 471
233 283 677 796 433 382 534 556 672 617 302 651 410 626
102 382 547 565 241 68 241 993
120 741 312 703 737
214 103 485 62 517 620 6 371 777 571
649 903 973 789 504 865 677
611 456 0 721 511 985 968
412 131 251 352 827 577 861 763 354 672
858 78 306 276 973 702 315 840 629 281 272 377
516 221 156 713 736 479 561 863 411
326 859 987 410 95 874 59 988 262 283 728 729 12
58 444 89 876 471 192 514 829 677 195 686 491 289 73 816 666
534 761 640 92 574 773 48 157 552
258 823 290 317 650 826 288 606 71 140 555
933 823 958 383 587 363 603
345 463 226 978 498 376 288 309 375 874 860 121 634 961
750 577 262 258 846 777 8 325 307 119 318 397 366 606 174 551 31
369 769 528 496 16 802 5 13 207 158
268 359 132 318 368 883 478 320 653 608
621 666 964 623 95 519
108 372 732 684 362 718 521 949 659 761 498
718 54 245 136 318 136 251 328 479 890
305
811 481 687 993 954 844 523 335 873
832 248 904 409 748 235 919 162 325
422 41 192 778 593 39 505 454 34 937 379
826 621 870 542 737 190 871 230
265 731 919 117 574 194 562 226 523
642 515 645 464 98 849 53 873 584 798 333 466 336 564
518 887 656 452 77 764 818 108 214 262 867 38 113 973
527 658 295 575 450 72
118 22 799 632 284 586 852 735 777 313 556 14
912 61 452 269 33 106 829 61
354 356 726 171 881 694 450 787 231 810 529 514 776 86
342 902 98 622 239 347
80 97 363 648 362 495 807 775 848 513 486
133 772 171 934 953 982 960 775 578 962 205
111 871 207 37 223 479 671 517 723 620
389 716 768 234 802 584 17 252 500 845 624
192 888 630 995 352 402 949 541 954 147 271 100 981 396 54
508 799 882 406 39 53 886 232 804 787 39 364 904 735 977 347
902 669 189 333 829 972 326 506 633
837 297 638 978 197 899 515 668
5 799 462 71 130 456 248 443
968 328 549 434 728 991 390 454 312 528 564 939 344
561 562 377 553 686 392 586 279 473 117 156 532 430 28
401 500 940 100 67 523 840 269 671 359 42 926
111 383 30 229 258 868 20 861
203 822 500 536 150 848 358 42 86 808 303 159 188
965 50 321 339 581 729 939 827 756 99
235 499 733 677 739 805 529
794 357 189 577 885 692 72 881 103 951
571 552 759 459 594 587 741 176 676 597 772 124 340
484 488 959 496 69 444 43
792 101 971 756 863 809 777 991 977 67 50
588 823 443 988 296 711 874 286 888 927 365 805 516 577 53 995
367 271 327 561 471 13 160
959 337 933 950 109 637 860 284 919 171 542 312 65
476 949 975 937 422 266 216 401 648 554
69 282 379 452 720 70 758 540 413 686 342
206 989 113 932 364 657 492 736
947 605 876 101 576 195 625 688 201 331
448 937 720 842 714
880 840 779 432 196 317 325
419 554 48 235 206 983 638 194 509 408 882 47 830
822 405 312 198 41 825 139 381 707 811 161 413 911 501
427 594 624 457 656 456 47 595 330 983 860 497 979 628 880 616
630 240 533 427 705 854 492 443 760 805
711 604 968 260 112 638 217 136 223 203 73
466 303 406 339 234 418 565 552
884 716 29 633 289 890 882 926 782 480 730 704 441 789 804
720 656 993 585 12
916 317 227 546 663 138 875 968 761 955 894 738
296 604 238 973
814 132 509 146 58 662 767 19 841 194
713 884 587 203 442 595 809 639 461 470
673 518 307 538 400 523 455 70 126 832 592 876
36 820 587 904 525 369 998 853
576 979 183 584 488 368 688 73 584 860 707 835
17 113 496 516 625 16 713 869 961 782 622 512 668 146 71

