303 741 460 137 760 437 657 774 42 471 927 501 392
361 33 234 19 198 733
526 469 134 319 251 771 22 512
987 197 131 258 971 465 430
255 51 722 596 648 121 409 381 396 19
594 467 161 290 196 929 571 337
553 77 969 53 576 25 652 430
660 336 526 424 581
282 958 808 836 952 947 501 483 183 252
102 332 968 490 624 855 331 531 286 761 742 604
980 237 244 66 400 121
391 371 848 523 143 324 255 258 825
303 105 256 754 526 624 257 551 410 557 402 350 156 422
891 303 120 134 787 868 349 622
194 370 210 791 480 964 17 867 902 873 666 909 833 361 238 448 750 297
269 459 212 940 423 189 378 299
891 64 93 549 806 915 318 594 306
133 391 611 266 34 571 841 997 538 643
74 255 772 998 476
957 300 626 66 453 437 496 705
373 414 327 539 876 829
482 2 18 223 167 246 74 133
352 22 966 3 436 592 826 372 891 856 798 182
704 954 115 661 282 407 127
860 894 238 482 806 548 705 162 687 60 865 53 121 136 797
566 937 177 104 84 357 986
473 811 265 996 756 962 749 670 628 745 610 625
120 668 449 963 974 360 262 519 144 861 966 134
301 560 997 211 34 537 47 374 314 915 319 796 221 804 839 2
447 904 120 439 592 694 443 667 191 200 940 878 47 450 44 409
312 184 341 830 417 737 981 311 402 296 328 629 817 270
124 499 643 186 245 56
620 899 815 150 986 159 71 768 817
322 670 52 15 353 596 717 207 772 289 638 575
401 829 55 111 651 864 61 814
717 811
586 67 571 970 303 706 384 16 123 260 351
307 774 2 898 288 113 366 134 586 56 663 568 0 138 653 850
85 969 42 49 261 394 12 400 836 934 391 128
490 251 567 336 100 833 994 559 859
761 693 631 255 52 19 954 112
333 840 715 111 595 280 497
675 691 627 760 471 325 8 427 985 459 424 653 467 740 188 378
586 515 157 521 262 601 526 465 857 122
214 684 297 785 29 16 755
189 450 812 911 47 825 229 909 594 502
348 202 64 698 509 239 654 216 533 310 480
508 665 242 524 267 300 492 440 636 859
581 226 917 270 947 562 542 601 867 313 55 164 246 485
562 299 320 807 369 605 383 706
968 61 184 210 161
315 145 628 747 501 609 281 897 636 778 918 408
128 981 314 799 115 712 568 848 850
133 628 186 802 475 236 292 620 914 764
973 796 95 59 801 395 149 987 758
702 26 767 709 47 811 822 120
923 550 103 919 751 713 547 202
142 419 726 721 843 247 328 906 81 271 142 830 241
834 989 783 441 864 320 950 993 583 638 894 906 359
443 622 731 916 778 753 486 602 866 581
142 64 823 804 554 757
107 288 259 53 413 134 546 284 926
438 176 698 773 266 883 145 505 471 508 893 383 300 524 128
479 338 847 159 898 734 36 856 18
562 758 233 310 854 979 56 733 251 211 514
434 857 724 600 769 628 523 333 575 221
200 18 767 120 311 343 642 803 702 748
680 721 512 534 33 946 2 185 517 961 119 400
464 41 742 376 55 731 100 774 702 146 730 241 623 833 68 651
360 371 806 309 544 37 55 949 560 221 259 167 97 772 443
2 424 285 178
957 841 76 779 938 520 27 596
688 203 299 719 718 951 311 146 886 968 519 319
818 261 646 516 810 208 487
722 646 682 609 600 453 687 80 658 45 151 359 901 330 330 494 383
846 971 985 774 226 97 278 494 260 836
564 177 362 722 457 177 717 47 100 695 627 573
413 367 381 189 777 587 594 417
957 218 746 366 986 469 495 26 851 866 850
530 805 337 57 485 8 125 996 621 545 760 707 328 166
181 928 661 826 226 151 223 437
834 312 170 215 54 633 358
153 412 185 865 345 841 820 508 442 207
957 927 923 67 467 255 556
876 492 572 705 484 314 506 114 161 745
128 313 357 994 435 728 167 611 457 504 469
885 132 486 493 494 435 228 736 984
765 185 150 739 254 609 959 324
799 402 53 835 307 444 613
934 415 493 888 688 384 613 230 807 939 116 782 605 786
815 200 372 147 779 934 495 350 846 959 71 496
158 156 787 641 531 268 256
533 67 201 215 948 809 831 76 639 275 57 547 260
676 731 323 946 221 298 673 29 712 249 103 453 773 164 1 18
757 811 110 903 170 86 284 599 599 81 384 360 713
132 907 777 352 788 882 302 612 509 187 576 691 164 873 845
86 773 599 706 197 238 638 571
353 137 386 402 234 834 147 78
95 293 945 585 319 920 445 181 385 565 491

