22 927 73 162 880 217 686 293 993
868 745 461 465 167 563 999 485 121
95 533 300 426 99 430 695 869 797 863
32 217 637 895 521 879 290
743 341 367 716 223 355 533 468 695 412
596 247 29 265 77
450 573 602 801 183 995 710 432 675 594 926 850 186
178 318 961 223 906 234 484 155 20 977 275 773 270 983 294
746 121 945 225 830 98 134 749 723 887
476 769 145 942 631 92 979 405 848 458 423 305
717 637 811 475 362 984 721 47 750 92 924 37 320 61 972 896
495 376 712 544 849 543 199 91 214
61 698 477 208 407 103 162 172 825 457
329 671 622 138 168 650 304 475 163 197 374 557 88
723 780 203 381 224 294 851 361 128
177 947 728 327 572 322 40 939 178 156 55 469
874 518 984 366 104 730 70 93 927 938
444 81 860 32 67 602 446 770 710 968 469
929 117 885 401 984 495 589 807 576 193
497 626 700 215 226 253
436 122 146 101 803 495 577 177 205 550 156 728
605 526 311 20 462 134 41 9 946 947 190
658 864 174 588 89 114 839 653 125 101 678 337
280 570 477 380 158 5 183 863
876 889 570 363 942 338
420 736 2 745 331 886 350 743
140 618 459 459 972 504 950 432 406 711 641 935 586 369 177
298 442 113 169 500
227 555 230 831 296 892 153 73 60 525 62 807 732
397 17 60 400 49 580 770 386
605 613 423 374 332 228 836 462 696 942 290 277
464 960 855 763 159 280 55 2 60 469 692 539 201 485
282 887 274 778 94 385 446
919 728 501 308 382
935 144 278 633 278 579 47 796 434 769 291
68 469 506 930 441 683 758 164 670
644 673 60 115 511 229
569 217 101 336 10 437
567 168 770 340 490 808 479 437 227 765
809 492 427 281 650 214
840 962 255 813 595
2 306 859 755 69 432 182 438 267 638
252 981 495 64 940 176 410 14 264
391 763 86
263 280 736 494 916 321 170 960
394 927 339 294 108 763
876 821 174 629 309 544 767 523 988
603 96 752 145 194 311 204 201 948 698
977 828 996 511 689 971 490 990
826 791 990 161 377 58 918 8 759
572 609 3 868 75 465 775 276 871 177 819 966 17 459 663
920 123 960 95 736 393 754 444 868 778 495
714 83 869 995 714 15 205 337 350 627
951 127 494 655 194 568 612 887 441 242 70 4 74
582 214 879 837 818 414
675 247 832 851 553 938 52 868 499
708 665 895 812 984 847 230 20 936 979 342 106 615 447 498
884 133 725 184 659
82 691 346 229 114 287 499 995 34 404 66 813
206 51 534 440 791 758 645 238 240 468 249 787 206
583 538 128 885 41 570 583 596 844 560 655
854 810 598 886 510 641 418 36 250 992 841 550 121 330 23
454 410 948 638 595 931 206 175 278 777 580 115 120
968 568 108 700 181 400 859
487 155 440 439 441 490 5 659 324 777 915
980 44 720 966 324
393 961 334 861
549 996 269 329 894 622 924 612 697 926 10 611 249
57 486 594 557 575 929 211 481 536 679 342 830 625 522 858 987 926 517 594
481 19 845 339 199 284 451 944
557 268 4 422 898 706 601 149 125 824 929 794
536 107 281 456 675 75 708 80 850 185 639 27
813 226 560 419 876 408 561 244 106 910 861
741 865 166 613 810 637 8 768 596
66 976 579 875 103 473 162 342 643 697 134
683 473 434 633 131 157 66 183 303 925 743 977 458
888 993 180 128 574 624
108 639 87 658 963 108 964 672 62 736
234 277 822 176 592 576 386 811 184
366 28 716 877 643 520 824 539 843 667 169 171
19 569 488 186 590 87 153 548 342 799 786 234 378
794 243 128 639 505 309 313 225 62 543 537
47 468 696 805 448 466 129 983 20 689
474 764 464 645 112 133 10 37
754 56 868 490 886 691 202 200 32 506 102 971
111 990 689 91 646 724 585 782
556 347 682 427 320 859 854 516 976 593 657 622
855 668 330 300 273 106 434 818 733 487 21 54 499
541 832 344 686 590 224 69
549 775 531 755 372 972 803 241 742
192 733 925 590 625 382 221 679 99 564 919 762 462 46 691
78 370 31 625 663 297 93 156 966 810
213 147 102 398 35 329 905 853 632 652 960 930 210
77 938 223 5 61 812 386 733 390 264 462 176 46 928 533
390 856 3 623 715 886 562 97 922 463 979
253 315 294 874 872 859 155 397 946 564
375 390 4 35 10 952 901 817 390 330 379 294 850 556 548 504
255 318 521 596 444 340 811 642 153 815 463 435 12
645 594 417 73 263 507 46

