859 580 149 435 65 87 496 305 600 980 258 892 530 512
125 272 118 424 251 955
891 437 154 377 889 928 234 288 731 967 984 818 929
619 823 736 883 349 280 801 123
433 6 31 211 571 962 474 29 872 845 132 435 990
934 438 234 200 451 83 332 189 368 976 839 163 508
172 255 747 905 887 715 766 47 667 18 551 27 78
771 9 763 754 708 368 405 429 916
660 898 974 299 100 389 850 846 413
200 659 560 853 911 547
408 578 177 713 868 889 236 597 123 860 434
683 15 708 283 458 645 943
839 769 358
552 245 192 328 684 744 128 952 802 252 54 623 892 225 790 461 487
311 544 997 271 718 48 884 131 304
688 404 910 286 507 318 244
701 303 863 960 848 804 541 549
637 372 683 939 638 317 944 456 947
517 240 888 674 144 886 81 434 12 629
677 546 252 754 139 806 791 557 791 903 559 791 259 196
790 939 903 433 529 623 442 41 534 2 151 700 887 916 416 727 691 83 791 655 714 987
653 867 936 256
196 229 882 872 177 607 652 920 117 416 479 451
584 953 338 970 384 523 270 295 491 705 305 466
993 531 358 75 848 527 782 959 299
887 514 929 180 97 54
218 246 397 129 854 82 486 769 623 198 140 343 917
17 670 458 99 312 438 448 674 267 212 200 745
331 504 719 17 85 637 509 110
403 111 896 722 395 565 840 168 161 224 99 199
176 107 566 427 43 352 698 347 224 41 250
350 258 208 160 512 820 49 396 492
921 349 361 667 705 619 76
826 564 517 955 645 977 10 528 169 324
511 254 901 578 329 306 902 229 736
151 655 112 879 496 198 583
999 517 392 650 911 869 672 594 820 788
334 734 560 445 113 161 416 280 47 690
487 761 231 872 948 32 298 326 598
963 121 560 206 25 653 808 462 546 672
277 427 357 848 755 75 258 808 69
830 180 171 490 452 5 132
369 362 31 647 173
995 980 424 681 111 538 990 809 320 472 730 815 884
786 550 95 547 470 476 712
782 542 855 473 986 293 422 588 387
295 550 353 180 609 224 751 517 679
384 443 426 103 0 834 771 816 641 299
404 423 443 290 628 438 359 196
575 228 815 810 884 788 314 931
815 850 117 82 52 290 526 875 508 826
222 207 762 243 753 615 29 454 742
173 495 891 960 875 10 17 223 282 372 612
601 718 238 130 231 422 608 396 82 823 560 122 67
965 310 385 427 405 706 596 649 781 380 822 958 513 55 758
382 888 725 511 679 196 884 664 320 450 745 952 111 804 732
757 456 431 963 373 491 747 665 697 938
24 198 617
473 364 165 877 209 875 462
32 396 434 107 412 40 985 310 597 629 614 605
106 801 423 835 874 970 734 613 326 288 608 946 832 612
801 214 343 340 637 470 80 999 943
639 304 564 224 51 86 728 387 111 820 572 415 319 304 866 606
498 373 366 540 825 796 168 328 403 579 826 125
153 801 69 477 198 575 937 491 488 210 198 120 941 853 898 555 795 551
596 654 38 685 247 589 977 743 53 377 811 863
592 700 679 998 642 765 589 327 457 706 24
997 388 375 396 408 924 501
235 895 79 609 154 982 958 241 478 586
384 52 102 837 62 405 572 450 526 601 715 526
565 86 694 416 145 461 342 944
322 926 807 550 914 253 431 233 619 147 408
189 578 63 462 784 624 976 412
583 682 858 729 608 151 413 775 623 959 295 962 126 225 517 904
761 452 574 108 701 763 560
582 440 716 114 701 81 65 845 966 959 31
351 488 454 208 98 212 257 499 146 601
75 820 464 493 964 697 88 116 323 321 14 652 283 207
455 72 414 138 668 938 635 851 244
944 709 890 622 933 19 557 918 107 265 320 299 546 576 739
69 698 720 765 864 843 632 917 105
288 234 495 72 218 600 61 557 741 570 210 228 986 879 846 551 897 800
273 490 166 234 391 735 466 347 971
326 887 141 709 26 270
207 646 754 10 399 852 264 181 907 234 989
167 357 542 354 125 94 846 213 937 515 863
301 413 85 461 178 81 647
998 837 275 269 581 806 716 654 330 27 265
745 198 29 793 35 217 715 323
98 219 669 801 547
983 824 582 948 947
443 607 361 228 637 44 827 715 146 729 22 858 714 309
509 262 36 814 683 806 73 465 636 827 59 317 142 492
31 809 886 907 832 805 374 679 991
42 591 388 779 584 149 938 161 648
637 764 672 419 283 439 979
558 25 587 514 781 708 804 107 531 417 655 434 869 76
49 719 957 394 766 186 4 280
29 229 790 296

