570 399 849 832 340 490 708 358
529 835 735 704 995 50
183 56 563 302 662 577 286 231 191
927 72 275 375 515 92 86 82 823
675 43 218 108 210 701 910 831 925
351 328 504 42 256 900 58
681 855 173 845 986 978 904 605 772 121 415
774 255 367 550 121 445 471 275 64 919 926 222
164 934 549 141 55 682 524 266 409 589 894 486 124 949 130 895 841
119 617 446 599 535 339 239 942 616 397 270 113
772 831 311 222 619 33 802 778 717
672 268 145 840 474 319 381 144 906 322 226
756 257 224 51 855 170 194 382 659 128 432
825 348 887 413 800 304 160 609 160
536 266 254 167 983 213 143
149 176 626 138 754 530 538
38 457 994 54 965 433 691 486 492
219 704 423 727 430 234
64 150 170 967 337 258 785 671 184
107 740 71 516 132 765 122 583 963
563 73 128 118 454 864 87 728 365 390 358 236
9 583 563 677 182 615 731 742 690 628
315 152 776 141 703 614 285 594 304 201
700 108 57 700 679 686 381 688 40 956
142 952 624 808 587 842 323 829 982
848 79 633 1 42 62 201 702 341 127 307
473 894 452 834 336 139 658 346 102 549 497
918 92 940 167 938 428 764 707 98 755
83 25 629 28 43 767 918 197 78 643 760 389
588 183 152 744 884 267 845 541 25 534
941 497 545 771 912 659 26 113 25 437 917 38 560 84 95 925
754 990 338 937 350 455 878 687 963 960 445 755 721
175 234 214 298 823 719 459
210 109 546 3 592 754 694 990 693 932
520 55 729 948 441 670 757
358 69 930 770 777 526 787 627 663
842 550 119 903 537 115 84
911 221 972 948 47 529 858 217 133 803
875 455 869 660 808 273 174 905 340 254 526 498 563 364 266
782 790 784 276 578 407
180 999 438 52 954 899 223 442 168 37 296 935
952 551 717 753 817 755 804
28 250 866 596 192 545 260 102
925 732 460 190 239 110 8 242 312 546
72 48 351 791 323 841 341 230 166 578 709 451 25 833 780 867 682
54 413 719 747 524 601 397 39 308 344
963 35 340 842 247 710 136 720
916 461 10 530 838 252 953 540 989 855 471
680 55 747 955 103 472 839 816 437 579 356
399 726 450 451 111 803 710 905
710 62 270 400 330
506 16 114 669 790 605 331 597 56
223 497 467 42 148 412
193 297 515 729 291 805 800 823 284 755
759 427 314 886 32 569 647
874 164 312 585 33 670 120 233 373 647
638 986 127 487 500 574 347
422 796 257 916 636 371 763 776 968 45 982 595
54 525 788 71 841 791
383 637 704 760 617 815 306 248 948 303 140 51 722
235 200 705 414 967 877 502 132 99 222 718 322
379 248 41 799 952 969 883 535 31 724 661
840 840 616 474 727
341 404 913 596 691 804 272
700 397 566 362 360 568 922 916 3 151 792
649 447 506 617 428 868 845 109
784 41 988 62 490 958 370 837 905 742 945 629
261 317 160 974 869 76 966 617 964 725 804 873 863 995 63 860
398 195 436 313 453 541 896 819 16 683
636 346 656 947 628 960 616 934 317 563
851 27 717 697 52 713 234
976 759 684 564 330 356 239 436 801 44 697 703 28 949
620 16 562 383 424 916 282 957 704 882 124
810 176 87 185 40 352 734 386 295 811 208 819 664 426 603 336
820 457 681 734 961 369 979 552 453 979 138 818 225
860 632 831 979 850 656 395 822 18
38 426 25 562 557 924 493 476 571 617 468 650 986 956
977 409 161 716 447 609 903 82 851
454 456 823 745 790 700 529 848 716 515
172 873 230 500 248 737
778 723 798 971 48 972 446 490 507 541 204
259 823 412 392 789
389 491 752 123 444 886 669 309 742 112 51
171 376 518 451 835 440 199 822 449 480 683 486 288 40 226
303 607 705 346 381 140 239 654
644 848 79 963 115 968 742 694 910 529 664 550 576 290 223
267 764 892 890 416 469 234 656 45 845 706 168 822 349 112
351 746 478 576 324 381 172 970 424 662 546 733 110 668 289 768 665 834
552 537 764 241 37 965 779 300 453 719 767 664 271
950 354 978 650 828 420 277 289 163 474
20 687 950 503 411 456
589 598 414 520 898 272 439 604 39 185
120 262 866 895 666 389
859 169 463 564 276 584 18 216 88 778 974 810 377 885 212 339 438 952 204
99 373 319 410 921 32 680 485 519 685 436 430 275 662 115
956 745 308 442 741 269 681 308 323 96 15
189 178 656 312 480 673 124
992 420 745 505 765 256
12 868 565 321 8 964 451 876 842

