452 720 883 780 668 689 189 867 493 446 134
258 313 688 274 562 428 736 488 59 342 761 978 124 287
167 206 495 460 23 592 378 369 65
625 42 978 40 182 847 940 494 896 357 148 456 252
232 778 943 875 687 12 532 78 539
156 563 314 436 953 872 556 417 132
297 563 739 925 608 959 744 284 245 453 183
790 601 384 430 972 857 234 793
263 960 338 697 253 422 48 17 814
31 762 477 253 603 618 842 535
244 447 577 741 177 482 281 579
35 425 405 574 602 601 57 872 710
179 304 30 769 66 37
687 457 443 562 63 952 50 711 828 305 455 631 7
491 90 566 87 518 857 304 650 893 138
775 813 612 579 274 404 900 952 692
765 28 337 43 66 547 404 789 423 946 42 423
212 11 108 384 621 569 686 655 968 329 842 499 492
343 10 398 652 629 604 79 663 244 69 756 87
767 850 476 61 43 709 107 538 151 582 641 427
246 603 10 407 153 975 194 863 647 513
55 951 893 359 69 470 321
78 650 857 484 795
941 96 919 817 826
386 128 354 998 198 101 475 815 140 328 440 341
80 976 130 605 527 302 523 164 865 807 662 542 880
903 906 878 796 670 215 30 486
704 129 305 983 607 979 84 287
712 791 341 240 429 659 623 828 373
760 374 131 71 475 565 846
931 73 293 204 384 416 798 447
336 123 167 428 565 440 466 293 279 77 863 635 677 401
983 926 453 318 561 30
852 395 379 251 503 402 494 23 509
188 912 626 259
453 829 660 605 599 551 167
905 716 852 391 330 186 607 109 626 973 698
734 553 462 476 681 95
648 50 531 172 107 602 193 610 660 166 902 776 421
573 214 538 282 185 881 650
820 696 901 292 860 700 768 194 196 274
783 708 231 662 44 379 161 977 567
730 42 141 208 732
320 725 166 6 130 702 109 729 496 920 618
750 769 549 827 617 266 307 812 412 936 642
726 768 152 663 948 685 463 46 27 427 806 347 243 571 758
705 965 872 525 918 444 820 403 735 696 709
899 876 818 236 227 141 17 26 509
349 455 978 107 367 747 206 49
967 156 451 708
954 853 874 391 4 626 436 170 464
862 914 615 755 254 82 0 463 230 289 539 578 920
624 785 74 127 649 985 840 74 999 534 821 594 325
883 422 118 282 122 123 111 368 985 688 781
144 750 441 701 530 616 346 273 244 896 152 412 437
746 727 974 77 279 960 330 909 411 715 84
731 496 211 623 543 646 917 14 545 236
499 827 392 464 67 979 229 764 972 331 645 279 785
198 391 335 767 309 221 904 63 405 712 264 638 525 472
947 632 363 845 422 299 669 202 418 213 735 669 196
932 286 168 624 791 213 942 695 487 681 850 609 941 993 866 686 994 501
639 769 571 147 942 502 870 107 83 615
896 8 767 860 654
74 28 900 67 740 614 183 758 571 58 332 395 963
398 712 164 874 799 307 687 468 955 199 844 943
921 574 107 724 266 913 284 580 754 874 631
430 66 653 777 215 84 888 247 908
656 910 352 24 928 363 863 519 71 263 729 175
474 413 74 229 958 666 253 248 116 516 369 12 660 495 211 828 8 20 201
515 597 304 655 984 705 130 621 625
85 889 851 71 901 353 997
531 420 347 976 606 633 693 830 273 490 512 944 63
966 339 351 793 172 252 596 989 203 648 796 702 184
423 549 679 471 613 26 412 159 954 918
284 659 522 983 863 78 51
162 246 884 180 345 810 524 856 638 698 109 456 951
929 505 532 865 248 719 269 159 169 90 885 405
755 820 5 172 282 974 255 318 3
937 337 408 854 630 705 901 232 719 29
741 36 196 622 318 22 711 53
734 794 379 415 184 425 684 763 115 668 799
402 574 511 920 744 460 760
736 780 596 375 118 202 561
537 481 843 966 33 967
52 687 954 28 333 410 153 491 560 308 355 160 838 67 710 814 606 366 865
20 767 238 936 939 871 899 618 447 552 25 224
779 651 780 770 983 445 802 995 245 403 849 211 335
417 857 129 844 38 901 64 260 782 909
778 388 209 530 462 804 552 880 96 591
652 129 25 554 948 612 527 192 304
464 246 94 100 372 110 774 507 253 954 707 212 214
349 222 753 863 650 692 206 126 450 495
108 242 19 477 867 933 992 297 419 549
958 730 748 832 334 370 815 11 642 395 949 306 354 903 355 803
505 812 435 336 312 304 409 911 386 989
353 645 529 221 445 801 197 649 594 323
485 830 822 182 897 859 745 887 589 851 307
399 602 904 187
239 842 417 966 824

