278 317 515 586 649 349 840 628 753
799 217 621 836 791 358 903 306 632 754 36
749 70 844 913 816 980 139 941 697 510 207 662 896
811 93 675 944 57 159 341 360 890 430 132
383 265 808 652 509 210 678 150 543 948 151 354 443 765
641 28 630
246 878 93 832 451 144
999 455 502 598 874 735 492 457 528 49
439 772 437 527 757 170 261 490 29 537 132 468 370 412 237
794 408 668 236 437 726 190 390
132 712 428 161 185 522 158 260 98 336 229 798
785 851
437 540 428 234 507 20 307 912 37 763
172 956 661 936 21 167 651 686 663 946 188 900 615 417 479
668 845 854 979 812 764 820 499 986 203 29 500
433 945 624 462 680 101 763 737 528 580
133 904 544 473 345
70 907 261 455 340 343 986 377
973 599 872 689 16 891 571 202
620 251 353 143 862 351 356 529 353
805 5 302 777 979 307 901 851 663 328 518 177
932 560 803 928 342 312 79 482 882 422 332 691 489 69 93
724 447 520 330 920 563 59 363 311
133 501 323 815 1 945 581 101 183 636 146 149 931
556 790 286 697 505 285 813 317 360
387 611 628 113 88 337 701 414 869 252
589 243 104 938 206 976 23 363 257 603
654 952 592 207 487 747 326
92 268 790 133 718 633
417 629 248 739 701 361 744 952 355 85
830 756 848 633 666 940 613 931 224 706 291 261 181 67 378
77 119 167 367 183 231 941 85 230 414
73 792 714 827 211 879 18 513 870 700 743 207
799 539 435 126 464 831 179 452 120 355
208 645 948 186 707 671 62 639 536 75 514
307 664 671 758 399
462 144 632 545 775 264 499 691 189 853
439 65 12 738 62 44 195 797 225
186 277 633 308 781 415 575 133 745 10
179 888 909 636 4 512 591 106 873
722 256 923 171 679 276 871 653 595
981 313 296 558 242 420 675 867 873 489 524 146 862 131
531 879 385 258 182 410
11 160 383 127 486 193 616 39 57 787 262 230 304 871 824 104 220
555 957 23 975 282
726 720 987 456 523 803 656
426 952 157 362 709 93 814
290 494 46 571 533 293 248
467 199 414 921 521 168 738 213 420
578 585 787 573 710 483 534 542
748 461 487 162 542 663 829 751 599 368 210 783 407
571 466 743 895 142 237 434
550 991 221 444 243
228 852 369 624 941
773 95 799 457 706 381 290 844 232 643 376 577
767 49 614 530 169 582 897 488 431 732 733 346 998
606 893 355 242 800 866 843 695 282 402 448
349 962 174 905 94 764 230 605 295 98 791
957 744 440 60 297 134 707 255 183 868 360 831 25
843 359 281 850 202 640 717 71 329 849 301 658 790 281
786 638 241 302 399 651 812 690 861 814 56 170 34 641 999
316 887 15 5 987 384 379 830 264 817 457 883 508
911 814 798 335 724 82 602 523 619 327
516 337 252 656 258 987 27 734 346 30 372 944 827
146 670 862 824 255 386 994 226 907 148 271 175 191
500 410 38 606 186 260
38 663 227 407 80 196 97 820 197 517 481 543
852 969 845 596 383 480 166 117
554 544 372 951 812 254
393 247 694 983 845 620 943 75 198
814 854 102 509 518 247 773 838
840 941 538 688 746 428
154 598 450 905 454 955 417 753 829 622 509 288 116 228
526 29 594 681 650 642 617 403 454 776 726 809 12 51 878 181
960 997 331 943 476 449 273 351 20 936 850
481 536 473 367 934 102 75 891 569 247 842 955
767 103 194 162 459 395 444
59 382 124 178 620 801 692 758 772 357 624 456 297
678 665 20 787 587 763 215 54 917
455 915 527 49 478 698 501 797 826 98
818 708 723 48 706 17 5 820 625 362 555 392 435 127
405 180 229 600 985 108 164 5
833 146 305 397 802
926 214 633 36 250 579 570 453 623 488 803 993 797 216 195 342
121 707 165 523 206 954 31 113 203 794
374 83 894 93 113 149 297 936 263 338 907
914 88 505 661 104 385 532 324 878 787
180 397 588 78 195 92 913 302 991 512 556 128
264 334 100 970 620 850 252 706 771 848 595
892 948 280 988 752 990
722 38 576 273 922 381 717 492 295 763 748 604 73 644
559 575 262 207 464 104 185 523 750 378 732 260 501 983 514 841 146
246 482 28 358 82
856 366 945 779 768 392 636 880
103 837 743 524 983 502 635 938 821 350 450
841 631 637 843 527 981 844 871 862
410 747 909 209 286 327 195 650 630 310 172
615 936 502 50 431 577 306 966 416 422 909 181
5 510 237 666 249 621 145 21 920 925 411 440 3

