818 382 620 377 170 743 893 729 150 222 991 721 646 898
761 51 265 859 605 648 36
325 534 990 177 615 791 423 46 239 758 655
657 390 336 611 522 356 575 814 641 455 95
306 798 291 449 132 173 277 576 83 193 245 19
594 605 216 732 606 438
742 664 625 62 690 368 23 995 560 306 927
918 152 285 728 319 488 203 932 298 442
773 164 87 591 681 216 131 782 355
276 347 218 311 345 578 687 232 122 129 363 418 149
499 513 344 244 117 8 557 410 189 392 650
884 765 532 992 966 665 368 501 405 284 296 129 73 528 928
91 866 82 65 598 481 242 859 104 615 801 623
991 282 443 833 629 299 920 141 798 987 651 450 433 817 562 231 485 186
668 881 163 509 615 142 366 649 596 543 930 746 380
183 185 216 408 880 270 304 233
167 340 917 392 30 232 205 679 188
842 964 413 269 454 590 453 178
513 650 343 738 823 740
65 997 209 453 90 339 95 465 123 897 453 378
418 781 326 298 170 387 768 913 262 551 213
391 313 181
892 536 669 38 18 826 502
674 213 293 876 985 502 364
237 875 310 430 564
725 374 4 929 207
895 975 169 150 567 809 618 990 521
299 299 273 600 575 692 799 672 247 172 180 211 827
709 364 85 442 416 104 346 212 266 172 990 4
628 28 467 223 406 572 789 781 123 795 920 860 442 43
662 849 639 10 307 565
432 992 592
245 906 734 549 652 469 196 617 183 693 963 945
943 694 23 56 217 3 503 799 336 996 579
422 621 428 167 194 386 966 430 332 615 819 895
626 73 553 793 884 476 409 693 519
446 649 838 106 371 604 708 101 253 176 248 486 242 304 824
190 800 217 166 400
653 931 71 620 997 763 405
29 491 562 445 378 494 780 915 909 86 736 477
540 294 907 983 374 837 929 308 75
386 335 213 619 675 853 225 554
372 389 500 287 477 536 466 629
856 905 433 332 139 417 356 855 163 879 592 232 1
39 975 449 235 191 872 65 18
149 361 548 501 803 667 533 883
987 304 553 180 884 966 748 353 940
813 312 583 600 598 409 820 762 278 731
215 743 469 161 420 987 312 380 963 247 447 655
94 86 78 327 872 471 999 76 503 281 98 637
993 966 484 390 186 742 45 596 586 691 393 671 794 870 598
219 644 664 987 128 373 533 546 283 806 874
893 686 378 909 975 280 509 551
63 338 20 73 336 947 437
684 589 82 525 869 656 539 325 532 634 618 626 543
249 240 924 815 808 437 524 429 724
491 894 893 642 187 372
100 425 257 384 366 328 309 716 707 69 105 542
275 466 783 739 57 15 70 198 678 43
181 863 867 897 451 483 674 347 489 318
11 511 69 213 784 952 649 853 710 444 283
418 708 799 701 359 739
293 964 469 585 489 854 469 499 792 79
81 479 581 638 424 894 55 861 229 512 492 870 118
47 312 637 285 556 452 756 781 165 985 8 924 186 809
870 684 574 238 143 497 642 569 323 701 89 163 979
455 266 509 910 728 659 938 891 510 232
666 988 561 969 172 454 663 40 781 25 768
217 687 61 244 694 122 441 986 584 587 64 808 701 405 288 174
464 48 102 416 226 781
202 595 867 261 216 306 337 812 854 930 781 111 312 780 364
674 940 0 442 10 823 239 603 489 736 396 220 279
67 248 698 988 285 966 981 816
239 737 579 626 628 563 218 987 159 441
963 626 133 609 734 480 825 626 318 686
481 268 204
285 406 768 227 735 593 767 52 960 161 952 642 726 829
439 70 55 851 136 270 628
936 930 928 146 230 282 773
47 360 124 537 827 364 651 628 100 139
730 829 147 105 290 685 958 162 93 145 867
121 66 677 382 759 670 719 144 277 189 467 811
267 888 197 917 837 809 743 305 787 879
14 244 507 307 834 618 462 834 377 614 287
631 768 927 775 728 285 52 780 610 346 314
365 177 365 616 438 911 102 299 136 154 218 637 483 598 814 320 917
285 772 673 893 120 753
926 450 541 353 733 544 399 55 874 622 920 297 175
533 720 15 878 837 880 339 840 379 593 646 696 991
311 421 533 172 606 333 875 256 314
305 270 528 945 156 76
2 613 467 370 62 327 521 322 87
228 119 696 330 383 23 2 859 902 699 392 202
119 238 574 377 770 35 501 21
147 249 506 471 434 800 278 758 438 233 895 37
469 914 948 218 527 412 619 925 129 687 332 465 931
204 174 826 432 639 342 91 661 937 563 527
724 645 143 786 193 853 0 276 84
936 278 406 501 643 546 562 509

