432 846 681 240 79 790 933 373 834 42 185
735 310 282 489 391 355 123 905 43 268
393 436 180 172 326
43 720 875 182 102 357 214 840 560 379 818 407 469 982 137 815
332 57 562 580 521 2 681 210
361 328 31 673 45
850 267 502 673 156 588 408 160
827 310 8 670 188 29 15 645 443
726 877 3 341 690 899 650 733 9 682
196 609 343 529 969 632 310 277 255 198 332 460 444 758 314
343 954 719 932 247 158 727 753 423 821 998 106 700
38 344 281 436 709 362 524 328 244
422 115 737 983 658 689 763 341 968 272 204 639 633
282 30 913 548 892 812 352 395 865 750 419 767
561 215 268 991 103 102 71 966 800 57 187
147 417 631 946 145 460 65 225 300 445 852 819
656 571 480 263 262 55 374 703 436 400 962 51 793
510 409 224 828 908 42 872
731 569 798 87 555 769 749 376 978
618 435 880 305 743 849 608 582 195 579 176 1 558
727 639 697 856 878 920
637 156 119 695 133
809 382 225 357 788 743 801 869 894
317 517 126 816 734 456 820 190 221 208 108
550 480 308 22 109 413 623 368 478 754 101
404 552 238 243 523 405
30 869 727 666 808 382
800 470 379 491 992 324 52 358 847
649 565 704 257 978 99 291 12 240 403 800 716 247 554
571 402 223 68 236
650 288 388 727 79 944 884 624
651 554 78 584 331 656 298 868
291 567 318 924 756 831 630 597 964
765 50 312 730 115 714 692 185 210 696 753
645 343 320 954 387 821 901
385 555 468 941 900 272 52 867 769 163 550 375 323
494 524 497 268 544 943 72 731 543 564 669 864
945 342 579 571 955 399 169 962
350 789 171 994 854 749 728 196 727 149 422
487 867 457 202 742 246 155 463 700
739 212 16 921 481 123 322 374
460 523 504 414 182 715 199 189 64 3 524 764 307
11 938 357 887 303 147 52 397 342
322 871 70 740 567 648 565 886 359
797 485 639 785 595 757 62 762 797 849 530
811 52 290 666 856 942 728 388
837 649 291 491 499 243 486 145
258 15 388 474 576 111 567 592 386 498 616 454 408 694 328 332
633 773 20 871 192 816 628 311 34
355 269 435 865 120 863 454 253 943
566 879 107 281 912 574 117
647 34 995 312 657 502 633 548 355 168 918 463 960 169 964
317 879 232 628 96 407 79
28 662 902 372 314 216 801 535
574 603 880 347 207 765 506 656 116 877 754 777
771 479 898 646 151 706 889 519 745 911
546 872 803 928 336 600 87 430 283 227 940 133
484 922 906 963 58 236 286 922
201 896 906 469 335 660 298 108 800 22 96 229 275
770 717 439 478 723 803 895 275 199 285 866 66 160
278 414 919 240 716 349 522 826 338 199 58 760 13
328 469 453 523 610 247 137 182 452 163 900 616 519 819 609 971 202 434 514
796 528 882 537 310 503 992 643
666 549 205 291 782 832 161 40 987 695
392 880 611 839 675 14 557 804 120
691 343 659 385 573
509 616 723 231 524 804 344 359 927 635 883 639
153 264 885 3 865 590 32 637 159 774
832 661 630 104 76 321 452 626 479 347 667 166
277 336 62 269 295 753 102 289 302 376
980 484 854 998 954 402 767 367 803
88 599 740 672 801 726 323 200 255 128 485 270 701 365 964 621 925
983 415 801 235 628 757 967 831 258 977 36 149 971 995
287 136 839 248 66 209 772 243 707 905 382 622 673 638
465 347 989 952 896 935 30 273 42 394 822
264 9 63 314 32 947 772 690 833
333 316 138 85 82 30 364 163
968 123 760 828
42 466 226 767 329 766 886 773 87
151 698 175 187 77 222 760 634 656 843 486 224 870
180 685 474 376 725 223 958 602 74
746 887 583 976 338 854 628 48 849 157
654 604 957 372 238 555 509 851 449 261 543
20 258 242 192 45 432 133 322 519 883 853 942
607 631 651 413 30 154 640 505 190 664 789 357
502 967 74 785 89 836 356 797 788 193
890 529 10 204 694 115 344 654
895 24 628 357 892 267 126 765 120 182 873
704 135 620 159 778 546 402 325 70 795 734
138 10 459 775 715 823 644 406
277 518 596 474 870 716 366 593
819 728 155 354 993 260 542
730 227 377 554 714 440 481 494 230 695 339 576 474 452 482
895 741 379 313 107 578 167 471 303 501 641 707 571
325 541 919 478 988 149 87 101 628
564 9 585 485 427 936 229 868
449 273 749 708 820 805 10 708 932 704 472 769
358 987 278 24 147 460 255 417 637 660
569 427 340 833 281 300 147 758

