53 255 257 248 515 364 857 447 693
96 303 668 188 447 882 729 959 396 156 181 626 217 524
527 474 307 303 288 42 704 150 865 441 885
949 77 491 898 353 132 509 958
392 574 622 444 44 211 524 519 9 820 24
500 84 662 150 143 27 783 597 723 490 688 296
527 64 678 279 711 775 188 259
365 913 128 598 238 962 255 116
83 283 750 279 758 157 317 956 934 208 104
4 755 697 368 917 917
445 312 937 11 197 93 555 59 79 88
567 672 428 104 916 44
494 888 596 892
685 155 652 676 469 490
506 215 26 946 521 345 436 726 249 145 377 596 284 549 237 417
104 559 983 448 745 283 692 30 906 602 800 72 230 8 193 135 336
598 931 902 736 815 624 154 724 673 917 750 960
878 265 398 189 936 697 168 296 347 964
117 103 640 610 51 566 397 64
358 539 483 295 562 119 392 778 566 214 659 815 777 719 398
853 919 88 766 554 334 40 855 31 595
677 780 3 366 851 705 749
420 831 129 584 69 469 627 28 454
755 230 158 162 731 56 176
871 29 125 464 729 79 942 321 974 843 855 949 35 607 22 744 219
805 481 506 586 765 424 285 43 248 508 831
985 645 504 117 670 731 241 498 60 280 719 569
106 912 293 399 244 406
283 315 5 569 248 903 147 5 209 962 388 340
465 322 599 496 101 20 624 587 600
15 934 800 428 924 913 559 544 466
389 564 582 93 404 671
515 345 494 665 607 724 104 999 406 95 257 352
266 177 998 567 349 629 693 141 489 552 664 200 978 598
677 689 260 473 261 852 921
181 484 720 636 781 716 767 717 748 232 22
670 178 844 353 312
838 134 6 640 216 252 845 572 27 386 334 207 528 175
813 999 770 137 508 720 935
158 885 952 361 983 233 711 878 476 637 685 191 229 365
359 588 677 550 122 953 985 137 418
129 78 315 108 483 798 360 416
962 355 355 317 261 288 208 602 577 818
37 625 244 237 747 358 341 337 989 654 227 73 741 417 338 223
85 799 637 327 54 518 118 226 984 800
323 901 390 200 424 275 321 223 174 879 182 744 700 26 796 714
656 686 955 763 548 26 345 108
84 245 75 632 385 880 549 403 74 431 820 161 246
95 839 448 978 330 793 74 432 405 573 49 663 614 847
988 753 644 213 419 489 165 283
539 212 7 152 873 83 265 784 692 717 417
778 191 852 542 871 362 766
631 902 938 963 499 835 989 318 369 116 915 578
809 579 969 645 319 139 541
600 332 4 719 830 520 214 698 991 122 781 720
489 386 956 628 88 989 778 539
50 992 67 12 153 865 840 631 170 661
605 592 736 821 51 575 642
741 479 208 925 913 199 558 974 707
273 387 66 313 822 457 520 501
892 408 638 488 659 115 876 41 735 881 541 509 804 761 970 859 267 580 753
176 842 632 573 802 608 77
818 213 616 971 993 838 362 637 112 302 396 895 161 485 484 457 484
711 608 818 584 368 569 218 18 99
617 89 449 542
753 128 884 842 638 18 860 161 633 787 412 912
595 803 140 206 734 67 365 879 250 181 897
887 377 22 420 679 985 797 613 362 406 971
389 727 154 734 350 729 242 187 215 338 116 855 960
847 38 418 238 723 156 10 19 845 562
456 607 590 456 268 51 166 598
357 247 764 409 375 222 85 696 918 738 276 888 335 431 58 384 687 537
362 917 283 466 111 737 468 601
314 94 301 617 752 525 262 192 474
870 203 804 51 847 700 753 762
774 608 203 89 613
577 672 120 817 626 978 395
867 750 88 517 728 500 563
768 84 825 120 170 212 50 210 194 800
833 36 607 834 945 920 905 72 952 937 976 75 192 614 263 257 128
588 912 364 364 232 530 400
654 868 63 616 62 80 733 387 476
246 764 832 389 160 590 266 594
4 761 551 102 283 56 620 729 97
522 953 243 199 208 374 132 711 104 115 206 764 671 326 397 822
196 269 160 185 63 10 699 595 653
102 694 946 544 906 571 456 541 566
515 272 53 400 241 668 108 528 336 667 180 26
329 699 794 729 706 497 878 979 92
171 226 838 97 420 983
844 256 631 210 335 877 251 594 394 499 126 647 513 531
800 352 671 533 131 685 125 956 15 220
387 473 313 655 841 568 149 482 696 736 95 97 851 793
405 336 256 985 376 194 484 567 311 654 846 749 416
754 995 531 768 617 795 841 659 226
814 778 945 845 941 846 416
854 922 582 349 257 375 436
773 819 39 270 516 742 274 454 763 843
413 64 309 784 331 405 646 541

