336 984 250 857 736 871 556
417 234 20 124 119 748 63 937 315
449 417 799 308 250
317 384 305 51 446 747 752 912 757 53
970 383 301 792 820 472 474 627 478 12 193 342 105 667
867 245 752 815 917 625 993 348 930 646
486 11 699 796 27 505 461 516 456 429 20
780 528 57 428 78 183 989 690 97 462 722 810 765
249 112 248 168 478 61 408 876 141 9 531 177 406 546 361
215 498 392 808 25 776 431
415 362 130 237 817 113 743 277 739 318 282
955 349 925 929 403 137 728 31 692 404 371 51 73 548 602 883
966 849 679 229 96 332 406 156 905 825 37
328 319 527 317 677 737 592 127 495 985 759 33
928 697 628 274 680 155 671 966 479
736 41 263 159 289 629 878
918 389 352 707 431 600
769 517 241 800 708 831 433 495 189
691 420 955 598 878 492 40 517 992 88 165 999 343 949 192 814 958
70 26 665 475 26 434 308 360 882 417 667 188 643 835
452 282 353 159 106 303 234
683 427 379 337 748 888 541 935 636 321 33 943 27 562 670 824 763
815 597 95 452 814 204 719 260 800 78 805
707 779 392 907 887 238 76 242 906 541 931 5 753 273 46 49 339 82
516 882 364 611 245 546 674 179 211 4 128 239
282 839 529 254 144 685 290 194 890 0 765 495 305
471 780 930 29 641 250 777 918 199
589 576 358 153 461 73 826 125 765 551
122 289 400 922 367 946 231 964
486 354 234 81 973 572 326 936
0 52 382 928 389 730 156
893 195 414 558 395 166 843 945 232 288
751 296 615 441 947 779 261 508 223 457 207 43 430 922 149
532 865 706 427 458 62 352
118 925 412 430 922
564 857 858 286 526 688 532 933 715 206
601 240 25 706 254 639 655 236 855 924
568 513 490 72 178 749 768 499 614
448 184 158 564 276 100 874 578 996 614
824 339 498 112 163 208 975 215 454 326
523 66 722 811 585 204 365 716 847 450 9
805 80 939 751 857 871 355 796
436 158 830 713 78 261 892 453
896 556 14 118 765 977 199 899
673 598 569 11 673 839 20 698 111 419
545 306 61 890 587 8 93 481 805 911
443 913 227 772 625 11 716
968 533 318 88 53 81 315
522 44 780 664 436 924 449 485 730 343 128 665 981
14 257 350 761 20 245 367 642 64 130
316 238 627 850 675 186 240 30
756 69 610 76 306 983
39 969 847 951 620 97
124 520 88 697 636 447 761 594 187 939 504 208
129 741 45 697 915 770 522 645 587 760
304 495 387 862 204 568 879 906 497 769
313 227 750 339 812 9 193 661 994 532 396 306 603
39 364 843 670 808 888 560 961 486 992
542 809 913 341 752 984 485 460 556 481 247 597 373
509 880 376 115 17 87 243 53 711
766 21 19 579 160 97 473 986
822 531 472 347 819 714 42 646 454 632 15 843 711 524 775 683 706 669
416 578 942 406 989 87 654 671 574 988 841
656 760 325 582 725 572 423 644 372 859
293 844 969 640 231 856 467 935 2 513 601 322 610
136 326 570 974
176 58 402 301 321 157 656 578 604 22 56 930 381 677 804
185 362 771 971 595 339 911 670 65 267 979
644 579 533 960 170 673 901 730 196 179
233 419 513 242 794 505 975 266
900 158 470 71 979 296 384
977 260 644 451 54 689 217 813 196 670 801 684 535
444 788 372 577 811 17 482 54 699
718 340 33 473 370 407 979 706
849 370 394 684 463 462 654 682 414 623 882
494 916 346 970 771 312 902 821 431 664
990 509 532 743 51 370 12
59 752 121 863 355 758 145 9 228 195 723 324
599 19 45 666 791 148 989 97 18 712 398
910 309 443
543 610 860 78 88 171 433 435 888 717 142 981 201
219 772 447 755 514 358 586 320 129 835 539 992
131 772 627 959 956 663 766 337
266 28 658 360 218 987 163 271 878
617 255 193 75 151 905 792 639 666 770 741 453 116 598
718 356 440 124 136 681 239 901 614
106 582 546 857 397 415 843 658 385 355
633 582 726 874 226 613 108 355 431 70 654 489
954 922 129 935 659 130 50 473 191 208 216 45
877 89 84 798 3 669 423 640 944 812
867 172 845 356 949 101 349 658 412 168 652 420
28 240 487 499 770 343 176 22
694 520 864 638 661 801 569 185 302 503 579 56 723 830
599 470 202 980 163 155 446
353 454 997 40 525
737 619 117 273 845 654 294 227
47 322 28 635 269 41 997 202 829 471 501 278 449 167 68 612
680 671 104 62 301 254
703 549 644 225 984 865 990 143

