216 575 696 621 911 472 739 336 877 790
573 852 449 656 81 784 313
878 327 664 814 500 524 975 942 889 502 40 283 301
952 990 307 204 138 861 249 49 721 687 415
582 117 698 251 810 736 302 0 113
766 359 229 739 178 725 235
68 772 259 645 627 723 942 981 96 651 716 529
424 19 81 341 139 730 251 137 189 347 216
894 322 374 352 216 470 323 820 72 956 469 585 151
33 227 354 76 537 914 858 734 112 242 942 53 851 737 639 557
759 704 344 213 92 933 327 316 87 255 484 398 644 424 4 196
58 542 412 138 155 148 941 713 634 596 175 376 136
698 48 913 112 903 824 211 981
39 362 91 81 561 695 371 273 168 303
988 828 545 824 95 675 95 228 764 98 540 793 590 407 372 902 404
612 23 94 301 416 992 752 802 525 364 0
862 347 107 722 3 470 851 602 963
478 252 320 756 912 405 280 656
320 368 732 740 190 998 84 458 871 922 824
523 56 354 903 935 142 552 388
66 900 748 950 569 471 199 824 497 981 314 773
18 501 624 777 693 333 316 423 613 509 952
56 299 342 97 954 983 613 298 33
946 697 835 617 764 570 155 246 539 598 634 987
726 8 840 120 196 793 955 328 561
96 380 549 577 548 777 324 766 389 248 126 581 661 202
159 24 897 91 675 277 914 654 478 219
227 550 751 41 289 164 493 139
934 923 285 6 288 616 513 438 973
374 949 590 601 420 275 958 864 719 639
166 162 758 856 637 713 408 155 478 674 337 706
355 143 796 45 299 202 119 408 149 938 578
143 566 932 51
598 607 386 92 447 639 256 779 659
289 613 698 104 405 730 457 549 957 612
104 839 298 862 8 850 252 928
799 432 800 436 195 544 948 187
412 621 365 119 491 505 428 16 418 933 412
209 843 322 801 119 957 725 453 540 721
183 202 981 257 704 161 753 532 857 14 434 192 789
844 909 477 665 573 869 551 700 651 555 925
459 130 133 286 89 484 212 192 882 994 637 164 52 647
628 185 716 882 197 932 44 226 364 482 309
427 729 427 51 94 819 864 704
65 339 664 726 460 704 644 555 890 375 480 324 389 46
567 834 594 101 347 837 549 582 9 254
987 459 851 420 733 61 838 29 269 684
935 66 202 165 179 663 749
921 145 335 337 558 585 818 660 150 49 930 472
146 409 816 942 314
268 700 475 647 489 460 421 167
755 58 563 551 730 422 588 511 589 967 773 291 88 932 162 919 963
15 244 682 769 96 53 25 265
345 927 253 532 250 344 337 845 190
666 640 904 640 404
397 760 239 65 451 518 208 83 708 838 719
102 831 372 501
783 773 900 412 244 128 987 339 556 999 280 277
19 543 0 198 762 424 951 296 253 711 348
948 147 95 901 341
975 628 285 158 741 13 657 986
289 867 693 919 51 380 871 783 65 815 775 990
781 893 705 477 854 97 965 836 112
992 589 459 263 664 191
445 945 487 315 253 915
10 328 784 262 128 32 154 963 400 104 242 376
649 407 823 647 465 269
803 741
139 515 112 643 235 114 983 381 408 412 46 590 456 103
523 994 961 494 968 674 872 371 796 84 258 123 896
968 372 639 783 802 601 486
139 748 337 7 852 57 540 598 739 450 735
815 231 875 643 760 133 93 886 486
207 329 190 913 941 756 40 329 280 885
476 595 405 930 445 413 942 14 337
318 297 580 732 936 350 643 470 87 310 434 954
376 758 959 392 455 314 396 837 17 888 362 268 834 262
360 190 239 953 609 8 511 841
781 816 997 769 514 553 93 980 332
940 444 594 155 364 350 364 314 184 856 852 132
98 251 518 354 745 29
688 554 67 556 255 94 567 325 408 816
975 69 194 94 431 795 798 49 933 509 971 138
666 413 520 439 744 538 348 91 282 804 372 442 812 551
253 124 56 104 705 339 39
687 941 669 643 998 592 427 983 714 394 714 794 223 890
345 749 696 815 198 791 288 532 943 151 182 475 617
380 260 49 992 991 121 607 75 949
830 488 830 823 959 508
786 232 951 68 353 677 103 291 191 359 352 764 685 64 60 995 985 829
791 677 245 534 741 846 916 645 331 977 512 420 294
49 4 800 596 207 373 269 788 165 46 293 307
498 52 654 256 687 572 300 975 273 600 265 278 541 491 916
898 60 755 422 5 351 577 884
609 455 758 458 360 176 951 585 521 864
161 774 367 21 834 65
917 763 44 204 468 865 540 690 541
709 546 192 497 267 563 914 920
153 112 62 781 613 636 438 894 695

