980 680 113 682 999 914 815 950 571 358 747 790 970
566 215 939 730 78 808 226 207 517 71 748 903 382 21 971
667 72 543 186 194 467 317 235 810 333 381
899 410 72 944 468
543 987 138 501 337 274 255
120 440 292 457 675 456 716 316
782 326 334 432 420 489 241
350 705 687 686 648 901 625 550 530 98
141 180 922 929 967 194 17 384 920 465 940
15 460 634 227 613 706 956 217
351 854 498 497 198 829 808 101 594 113 365 980 737 131
487 660 465 479 650 21 82 908
869 973 719 813 824 431 555 919 4 112
784 237 694 926 689 132 136 864
465 75 919 461 151 778 363 159
604 316 450 883 203 850 181 668 794 255 467
511 27 404 206 758 336 426 556 908 636 769 812
615 593 956 342 15 13 251 125 642
797 216 725 802 226 482 304 12 278 869 801 485
276 336 508 598 225
15 640 549 384 655 940 441 326 878 342
507 427 821 661 683 27 919 104 460 959 67 796 197 485
26 619 999 764 177 280 209 179 654 958 39 795 268
926 692 678 590 873 439 711 488 662 628 974
220 857 837 788 552 651 380 740 972
821 761 120 753 210 33 238 676 261 730 908 703 243 109
622 96 306 525
599 124 54 185 720 657 807 596 911 364 743 717
784 208 908 849 912 963 899 306 844
254 797 679 462 763 430 316 810
710 252 615 21 865 823 190 361
933 863 267 431 921 3 595 946 132
108 773 262 51 343 398 968 878 865 683 796 865 822 193
138 217 286 240 39 564 541 27 162 489 360
900 418 677 68 110 401 980 597 633
143 853 322 183 40 736 85
171 849 489 922 797 840
535 47 795 846 868 495 592 142 66 867
249 934 885 419 176 878 530 271 163 196 543 65 475 771 819 623
469 730 407 871 765
960 192 91 825 765 884 185 86 416 774
476 358 157 33 978 27 196 61
180 703 263 405 760 151 520 800 831 728 750
90 392 304 387 837 133 138 698 401
306 647 646 514 458 920 745 485
566 211 839 229 444 892 195 940 158 609 886 74 637
186 260 690 667 759 399 57 793 775
511 109 755 797 602 621 709 727 85
99 477 149 313 116 754 196
91 285 6 692 905 627 539 774 401
322 98 868 189 494 273 557 253 635 859 647 225
962 391 673 969 687 765 437 497 797 358 612 379
446 298 328 854 837 713 907 996 442
207 993 954 671 782 833 847 234 347
817 213 116 592 245 845
937 523 185 971 561 371 355 260 944 836 821 630 390 709 81
801 996 47 915 120 523 473 434 379 465 51 607 878
111 874 371 473 498 340 147 336 446 753 466 998
706 483 197 150 222 410 653 321
206 897 893 187 543 788 487 83 127 603 233
151 922 75 493 553 760 860 341 49 766 171 404
217 955 913 120 968 246 166 469 854 380 380 521 784 133 539
738 588 320 984 445 830 703 703 222 261 272 8 496
614 805 190 483 160 597 316 26
766 441 763 860 193 426 688 971 315 725 583
794 991 224 862 933 172 377 6 61 44 650 868
261 948 143 879 145 883 462 452 450 871 690
455 393 253 380 816 933 668 508 11 444
47 367 240 823 481 862 395 944 369 605 622
623 912 757 590 107 85 203 624 276 911 245 891 543 277 814
683 573 629 440 515 239 138 7 448 656
75 48 674 451 268 218
883 775 463 742 300 676 683 282 407
526 329
239 193 558 211 503 526 688 222 626 209 541 547 134 308 488 939 980 544
468 972 784 70 488 563 850 729 362 222 112 678
472 543 769 925 626 776 132 810 507 704 572 851
375 579 585 530 226 428 240
561 835 72 402 258 724
557 648 635 775 98 981 727 692
121 458 97 650 544 602 31 10
465 728 339 622 299 137 16 643 153
864 682 992 724 158 422 82 620 322 974 931 92 262 321 719 937 142 824
183 406 212 954 167 587 66 237 310 111
166 419 764 817 492 483 76 252 633
804 909 655 416 786 828 708 893 252 887
702 837 786 771 813 296
838 570 737 413 221 876 174
746 131 629 632 788 3 934 879 0 6 226 832 558 534 223
662 296 588 533 655 389 151 328 223 357
837 224 985 487 738 106 72 116 963 666 7 845 780
124 137 520 431 981 792 468 170 4 385 302 309 414 876
767 510 318 97 911 856 362 425 395 376 517
68 153 736 403 815 216 782 67 352 572
420 867 958 294 810 733 382 181
568 255 790 838 609 530 390 699 39 400 458 131 357 117 109
115 825 777 398 367 0 130 617 260
321 129 769 605 612 866 799
996 573 775 877 221 970 8 299 761 400 631 252

