916 56 994 126 532 507 831 837 665 927 341 466 946 642
566 887 110 339 237 804 838 42
254 281 810 997 981 456 691 666 870 805 402
275 620 931 916 935 337 685 902 638
561 142 729 482 484 246 941 119 985
582 202 116 727 939 634 349 367 711 569 727 253
9 375 810 977 975 982 454 884 303
131 62 35 936 117 127 724 530 135 188 156
338 406 103 584 802 0 847 796 918 518
682 457 801 383 930 815 893 54 109 20 982 644 692 521 271
160 322 378 930 871 156 810
893 515 395 871 742 935 381 953 332 396
337 116 321 707 833
530 244 754 885 724 622 441 254 766 891 692 173 151 873
767 503 38 21 760 324 540 134
82 205 193 675 204 102 735 811 893 438 547 904
833 157 386 697 898 689 260 7 692 866 533
355 271 646 787 128 699 412 37 20 217
132 635 273 171 475 12 162 665 320 354 339 357 717
697 473 850 35 605 653 100 256 809 533 683 863
314 2 180 62 524 721 137 280 681 292
580 892 913 384 668 369 690 82 220 785 337
711 819 741 429 405 740 694 729 500 628 982 895
254 114 642 117
68 115 572 542 243 557 631 241 218 788 346 871
220 199 177 239 882 680 700
255 233 930 286 314 79 587 451 670 306 430 199
850 83 686 322 330 952 963 116 188 889 971 930 747 400
957 274 613 269 591 413 825 896 69
6 657 306 28 958 937 464 298 301
671 934 114 303 494 336 258 537 504 656 699 777
877 518 305 144 432 427 971 852 556 508
819 690 932 880 811 180 878 317 554 869 656
763 318 910 723 33 13 465 523 848 631 167 348 650 834 864
697 249 337 42 96 88
991 808 399 554 564 441 932 111 186 480
27 865 390 352 354 520 270 126 711 962
311 852
71 653 258 626 733 809 203 403
809 946 66 600 485 658 977 50 160 827 559
615 272 356 173 680 274 373 730 357
357 273 770 361 624 942 377
243 766 981 325 870 984 461 837 681
573 641 593 609 605 956
24 225 820 656 817 902 931 967 136 157
798 340 918 316 803 885 638 17 427 413 446 499
204 343 815 188 381 436 660 540 43 131
38 555 5 620 235 166
563 667 822 545 31
108 211 985 536 526 912 221 715 749 396 523 123 149
331 468 154 288 846 619 661 642 468 136 635 16 645 575
458 685 279 682 328 67 790 678 419 360
88 610 382 482 568 951 313
97 484 468 832 302 513 935 716 763 565 706 461 789 236
341 889 240 780 559 552 9 152 630 167 810 134 649 104 652 8
470 508 465 618 551 128 291 460 707
864 555 437 116 994 213 523 633 576
388 244 764 516 384 953 801 543 900
832 705 717 706 754
900 539 254 822 593 18 693 433 517 433 254 947 866
105 89 409 747 462 732 465 461 771 74 162 482
462 624 501 468 550 575 514 298 767
829 744 846 549 438 582 392 973
389 867 987 303 266 101 867 726 541 863 841 40
642 124 917 897 913 900 576 36 928 543 463 120 91 971 673 899
120 395 221 685 409 519 101 307 354
384 445 683 551 981 249 366 228 388 619 530 687 751 142
230 215 442 715 974 791 618 652
751 814 120 652 359 960 876 329 754 597 437 106 885
597
265 547 597 587 778 421
336 957 339 726 152 192 979 832
132 738 9 641 260 872 581
134 932 696 190 590 537 881 532 400
228 176 333 455 865 90 878 92 553 599 329 884
525 739 341 891 893 40 72 912
195 84 60 693 893 160 49 731
799 734 287 592 302 747 121 814 134 730 844 941 128 601 13 653
93 884 892 710 382 747 94 669 926 176 935
282 24 148 100 924 606 623 786 574
963 823 821 454 351 16 289 20 694 29 614
894 335 199 452 524 415 426 25 278 274 747
401 870 822 483 84 991 893 358 27 99 963 403
811 560 397 517 79 64 418 684 409 689 261
662 674 60 821 266 587 922 287 499 871 726 502 730
664 638 70 970 246 50 540 700 368 837 376 142 25 74 78
955 931 902 80 184 164 31 452 840
196 214 692 486 967 671 241 730 397 448 373 256 923 269
451 578 361 387 429 573 990 431 628 228 839 520 332 81
450 495 789 444 274 670 462 320 829
181 466 148 572 330 573 3 293 81 790 774 854
720 115 753 221 164 284 323 799 959 417 162 399 834 211 553 39 317
402 848 167 166 406 860 669 184 89
803 299 986 89 428 327 364 765 75 64 293 415 812 646
854 320 855 627 617 648
894 747 828 346 268 628 786 683 672 430
574 774 565
241 305 269 590 730 224
952 301 245 944 677 163 542 937 420 645

