314 955 170 658 37 854 191 34 539 496 267 160
401 920 668 259 611 476 509 587 15 93 307
218 641 456 911 662 438 358 404
342 20 726 688
94 421 856 426 58 77 79 787
171 400 636 746 594 161 529 252 775 537 561 803
305 402 599 649 58 717 969
388 183 77 261 290 820 393
408 575 899 420 389 922 76 344
921 436 605 223 953 550 876 871 565 955 344
252 377 891 184 7 815 854 433 62 313 630
174 72 345 13 790 683 692 708 612 184 458 890
485 360 614 206 546
348 973 297 213 867 248 303 563 167 815 657
362 969 718 3 506 218 48 25 566
557 29 437 200 708 846 78 385 631 842
975 114 114 912 343 218 488 801 693 901 677 4
233 827 978 802 536 412 462 8 358 675 911 421 956
131 8 939 703 346 594 224 57 140 771
999 890 505 757 945 993 882 818 534 784 978 26
913 748 351 181 308 970 882 134 810 862
282 816 335 282 671 308 842 416
934 466 667 792 534 308 174
701 99 509 0 92 299 994 177 683 940 676 189 219
562 364 848 441 962 677 252 948 224 307 691
850 65 153 528 186 217 287 197 261 196
739 178 538 7 570 909 572 247 460
191 135 370 945 465 30 982 213 661 580 706 268 331 519
648 57 453 898 276 758 587 209
315 537 896 552 2 488 275 316 556 508 708 908 304
627 621 904 27 239 136 563 296 908 378 9 82 826 765 491 133 863
80 633 531 333 986 720 926 231 136 876 569
166 616 625 265 464 697 506 644 349 791 736 700
944 128 12 39 337 640 147
155 314 19 261 679 264
862 535 843 159 444 725 802
202 970 731 836 416 667 465 663 692 194 482 5 896 730 362 154 513
947 353 405 608 357 287 972 988 952 144 852 293
54 653 207 79 691
233 396 360 195 504 565 242 247 219 951
725 416 733 247 595 744 934 338 324 583 225 416 694 460
203 487 128 783 778 286 79 268 79 28 727 402 575 769
436 876 825 919 181 832 6 392 597 91
110 277 297 106 817 683 709
63 811 373 393 55 466 617 997 677 41
786 332 535 364 296 467 697 743 23 48 117 21 284
210 720 931 119 350 736
364 945 813 960 574 127 838 374
371 521 372 171 14 25 935 602 995 239 797 565 219
405 482 919 382 863 577 504 548 377 414 276 755 928 214
765 680 869 860 644 701 218
698 397 939 279 880 20
871 664 511 753 223 245 84 477
410 893 504 593 1 973 589 670 636 285 533 387 908 352 157
125 794 590 378 804 26 583 226 402 577 976 196 321 21 889 587 164
224 765 234 752 822 89 707 765 647 553 146 896 834
742 858 325 486 405 515
515 787 101 38 482 442 698 711 611
675 226 5 223 893 68 425 774 695 543 79 501 16 340
779 334 892 697 848 630 159 238 844
251 943 93 421 632 477
907 294 823 444 743 588 696 297 56 507 576
474 369 60 110 931 643 824 341 293 900 165 705
397 78 531 342 970 722 270 919 880 949 767
43 988 177 61 124 596 177 336
512 575 828 413 581 64 289 343 4 893 911 297 597 709 553 207 188 630
144 688 378 820 398 550 461 344 510 803 268 494
404 707 14 544 352 831 540
316 244 355 37 368 936 435 507 156
802 627 928 587 719 182 632 451 312 980
935 565 940 12 551 590 547 807 9 990 103 755 842 862
434 694 155 861 731 725 559 67 954 486 624 247 46 214 632 915
805 995 613 664 123 982 674 703 440
791 679 287 539 552 672 865 325 345 626 131
767 335 49 17 716 337 593
526 310 212 213 730 140 367 446 436 93 845 741 617 817
224 675 601 245 307 522 905 113
702 818 564 897 452 98 913 980 50 53
521 596 807 418 685 123 409 991 83
895 486 808 502 781
659 892 395 371 430 405
297 80 563 329 219 590 660 593 321 261
927 994 471 661 197 669 751 59 350 635 965
964 479 110 612 582 338 384 581 108 954 716 628 556 418 336
137 257 102 287 614 301 251 532
847 20 727 301 22 82 879 470 89 443 232
547 451 157 394 257 920 470
609 577 15 282 767 104 623 4 459 485 994 165
842 745 849 147 113
752 264 683 319 934 528 493 775 348 327 790
592 593 199 660 869 441 272 241 18 280 314 10 137 235
227 437 502 566 956 423
963 973 225 248 727 690 613 261 879 432 709 243 60
124 520 197 559 944 392 811 125 376 763 708
925 863 902 786 312 352 483
252 468 186 847 307 179 502 181 164 370 935 996 319
58 538 195 178 792 163 129
834 509 428 400 136 925 9 441
96 173 648 762 535

