587 251 754 351 990
946 87 48 242 527 572 901 36 871 811
412 573 709 70 777 370 467 192 879 244 520 149 670
815 708 615 36 427 721 532 153 61 8 681 111 298 309 996 732
706 286 614 178 636 364 775 304 757 409 462 686
741 942 701 415 954 823 367 426 509 351 46 502 960
683 856 675 729 190 998 939 737 462 139 939 890
261 283 643 708 373 388 902 371 767 454
481 41 226 744 157 929 756 902 656 544 979 932 881
55 158 402 736 171 227 507 190 628 169
454 60 62 900 121 990 39 161 982 60 541 186 384
46 356 44 951 171 238
752 860 562 604 590 230
206 929 863 671 234 661 789
362 646 626 860 333 168 976 256
21 420 610 701 504 366 793 252 982 921 380 307 2 919 938 32
302 626 74 730 221 381 240 795 97 563 741 395 901 351 211 125
610 951 296 912 338 317 926 858 835 371 263 667 166 814
275 529 424 903 804 841 402 195 12 772 387 200 363 989 668 338
597 729 144 797 536 376 343 879 512
319 651 505 944 152 562 530 598 652 369 561 683 838 419 665 36 653 460
836 15 661 807 822 934 926 520 715
191 615 147 350 357 100 500 313 140 444
128 691 685 644 967
543 405 908 809 957 936 133 316 594 46 799 721
541 468 248 495 673 447 147 577 454 686 78 574 438 112 801 762
726 619 922 62 730 716 566 437
984 296 106 266 150 474 402 726
984 986 531 412 587 918 698 137 988 876 424
465 536 694 433 516 768 190 828 393 414
406 527 306 748 811 819 137 800 480 239 946
285 35 301 877 463
6 579 176 964 608 763
949 174 384 873 898 813 748 851 276
107 469 708 76 565 122 350 497 355
272 199 585 582 405 788
109 201 60 603 910 501 823 775
894 547 527 162 298 981 928 962 248 308 985
240 864 885 69 416 280 208 274 855 398
11 342 512 770 125 473
384 984 764 8 346 525 288 804 890 38 889 75
533 516 566 983 317 387 506 352 355 551 124
38 132 433 74 444 307 365 68 754 95 146
712 724 599 56 410 113 935 727 106 452 949
965 44 534 985 318 892 421 723 384 801 469 328 917 145
724 598 55 571 727 359 485
557 459 511 465 281 619 550 38 501 671 718 997 857 474
679 142 895 955 253 606 78
925 877 685 681 601
200 825 270 333 629 346 46
246 550 258 646 588 504 435 968 186 780 828 566
803 370 436 695 89 709 579 68 719 972
49 765 574 971
265 779 358 143 622 990 115 743 836 975 938 797
879 985 936 860 899 993 467 378 837 173 61
615 769 525 382 159 62 981
374 815 313 808 661 669 157 159 963
487 525 581 521 977
437 529 690 698 579 886 190 995 820 393 994
639 810 803 702 815 102 303
310 817 173 692 106 25 664 391 627 135
582 354 473 2 614 481 620 307 166
757 500 765 146 275 858 86 434
58 869 201 208 558 733 345 448 907 997 999 822
906 994 856 780 112 529 326 84 912 207
308 932 400 936 103 66 856 208 856 612 519 224 976 240 465 77 229
953 301 943 887 232 442 407 812 705 720 524 766 105 154
183 469 104 383 228 480 837 681 543 216
428 161 580 552 701 374 593 933 101 462 468 937 73
190 10 493 832 905 544 772 19
32 322 569 909 265 791 471 821 27
104 126 410 43 449 546 823 108 754 73
708 153 971 627 443 647 844 569 656 451 402
540 814 58 94 553 516 315 596
480 972 195 163 276 78 308 551 868 893 235 566 605
824 22 535 480 173 33 983 500 115 415
825 313 515 835 123 354 844 606 394 453 656 784
810 605 101 604 775 575 802
213 390 841 850 226 847
71 29 649 296 534 690 717 271 837 468
400 116 188 509 788 940 703 119 824
206 946 245 676 596 683 258
235 804 134 832 839 888 921 176 69 836 176 818 634
144 618 984 112 985 826 250 358 205
40 125 497 157 721 630 940 515 137 648 514 94 427
485 10 927 456 308 154 576 704
542 914 369 231 931 694 201 79 60
756 709 449 463 804 292 498 511 125 575 656 60 798 64
387 55 207 992 702 487 322 608 138 674 276 826 70 353
632 458 165 841 617 687 145 638 273 258 970 284 224 869
989 139 695 745 675 682
138 503 290 993 329 719 528
438 34 254 329 269
760 830 630 168 308 755 297 334 715 435 916 682 754 910
543 386 732 476 38 768 380 441 184 917 498
701 415 638 98 933 609 860 906 354
213 35 552 222 720 512 536 812 929
723 226 28 874 227 518 817 686 378 709
444 334 694 447 290 314 384 318 967 314 285 411

