394 43 41 631 947 113 421 540 472 370 962 836 22
137 93 602 319 581 500 668 184 416 959 936 793 725 486
590 963 359 664 513 870 506 223 981 850 863
916 351 697 392
486 871 911 150 967 548 23 272 816 988 460 428
71 130 970 997 687 29 19 511 765 435 456 50 870 406 614 765 886 938
611 587 394 704 779 162 1 131
894 117 874 904 942 112 470 790 424 254 641 249
549 196 456 253 76 596 185 580 246 677 208
361 470 987 324 954 666 545 117 942 361
520 986 524 177 667 201 235 834 632 874 883 470 420 566 396 982
661 248 14 120
553 604 611 931 600
693 570 444 777 756 823 728 557 836 399 730 727 280 204 852 59 712 985 99
451 827 615
690 78 178 171 669 297 172 695 446
800 52 817 7 288 860 661 619 694 698 786 245 323
27 74 967 932 847 146 567 306
785 549 118 709 851 564 931 173 473 586 343 542
260 670 255 183 993 506 921 309 150 936 612 532 18
9 811 254 153 183 652 656 97 732 271 14
714 899 728 588 802 125 179 238 401 326 734 46 870 385
37 633
713 931 181 617 810 126 81 33 850 931 281
445 958 325 487 710 975 804 970 186 417
777 99 514 446 862 713 836 207
777 290 612 55 363 291 797
176 11 544 949 203 307 299 280 400 327
309 22 771 370 816 969 769 533
983 108 533 428 582 874 426 283 339 969 179 190
230 934 863 290
111 98 606 70 146 953 193 785 24 529 200
184 359 815 480 735 845 0 357 475
874 417 852 973 496 55
660 85 376 399 752 795 881 123 161 894 71
175 861 213 995 783 173 817
722 376 376 172 202 546 546 587 587 156
308 686 390 211 307 726 161
276 91 980 333 360 669 894
334 562 179 407 835 533 98 480 363
264 224 396 407 212 947 165 550 92 170 773 412
796 311 564 178 68 851 616
530 643 507 391 673 704 902
12 345 293 509 871 328 347 479 315 727
275 1 344 269 680 784 722 233 235 58 67 560
30 420 789 575 491 238 166 671
762 254 659 325 897 108 783 888 44 940 831 734 603
158 179 471 340 801 455 305 343 172 469 972 241
227 502 312 360
462 169 592 34 977 781 670 195 3 959 158 590 447 944 137
482 859 928 98 562 432 142 992 486 365 67 211 667 968
724 484 771 106 511 765 926 862
303 665 9 77 963 114
914 778 190 935 981 230 463 814 280 182 35
276 181 705 672 506 767 360 103
925 226 632 834 248 653 93 648 988 309 896
409 305 575 334 281 855 221 524
276 265 477 242 795 723
96 601 525 365 109 680 925 560 878 831
796 88 734 265 125 299 809 585 303 22 605
81 426 47 453 855 145 508 213
658 106 388 345 179 31 270 973 462 801 708 250 194 712
92 784 829 807 809 89 85 411 29 502 953 835 960 789
820 967 671 327 618 644 711 118 549 410 84 340 820 320 721
574 810 866 246 634 103 307 842 837 565
925 171 787 830 817 793 319 679 15 530 940 701 721
210 525 482 898 322 362 845 511 690 262 476 274 812 54
736 701 925 148 710 981 79 294 59 469 752 691
406 870 915 342 881 853 465
564 324 658 780 963 214 397 574 76 445 0
525 28 212 9 811 792 497
8 865 917 565 561 427 969 837 181 899 870 768 253 73 224 966
321 947 271 322 639 370 43 895 987 677 767 171 319 994 243 844
773 612 786 844 454 733 49 1
244 266 642 873 623 524 698 495 609
687 129 872 824 302 872 463 922 776
366 764 402 254 12 305 54 592 818 167
121 961 489 493 209 70 983 653 31 359
477 563 593 759 710 477 295 683 259 732
608 615 233 379 313 66 389 511 654
962 149 826 258 814 569 221
537 182 231 841 636 539 907
741 424 521 274 64 708 260 812 644 797 642 350
23 70 645 328 677 400 633 787 1 595 770 585 804
778 660 370 209
817 789 40 722 10 205 459
887 276 110 214 656 553 301 783 531 845 668 801 64 287 689 660
782 791 486 697 648 684 870 521 705
761 577 576 175 227 788 15 31 139
143 832 793 589 686 501 371 442 725 544 449 628 562 509 298 696 215
808 555 79 261 65 61 11 794 616 805
358 204 477 174 487 665 570 680 745 533 168
56 82 357 667 443 885 453 13 287 902 184 418 345
762 564 827 976 719 19 164 938 418 608 160 224 128
467 648 733 202 847
816 34 334 594 850 182 329 477 256 138 221 688
948 845 398 945 378 590 750 442 9 290 273
461 490 238 774 7 345 594 217 965 581 717 2 604 487
771 649 565 390 751 533

