522 625 186 948 353 135 997
489 474 945 605 794 941 701 391 550 796 313 743
783 771 132 182
883 282 586 578 897 571 643 894 707 652 838 186 573 870 828
899 603 505 883 79 194 916 273 417 744 520 102 909
146 224 181 621 213 133 865
189 791 675 12 656 478 129 294 839 563
775 200 398 524 141 411 862 462 894 14 410 130 359 121
557 835 85
947 943 482 32 143 358 628 315
286 89 284 452 400 377 485
484 431 507 231 377 546 664 489 423
865 416 877 537 361 515 551 589
778 422 392 484 405 720 845 494 623 200 415 442
76 16 629 44 501 266 566 805 22 452 716 22 934
909 328 107 308 13 85
950 91 746 612 545 606 545 658 105 259
826 395 324 609 111 167 151 888 508
836 583
35 77 365 459 456 605 638
600 667 243 209 305 384 287 639 628 612
592 731 926 728 768 714 428 251 921 68 719 502 513 89 656
489 149 460 552 744 7 460 251 621 919 991 432 985 243 12 933 149 40 473
250 120 423 196 538 795 657 325 968 260 999 990 976 832
186 599 132 673 902 276 223 531 198 51 233 183
249 393 33 205 223 562 782 800 302 676 270 19 660 110 575 81
231 97 635 292 711 107 260 165 539
926 370 251 671 471 92 157 161 905 930
567 560 777 111 738 512 518
469 241 370 128 851 722 264
300 362 630 328 78 207 643 744
428 228 101 666 589 551
962 586 880 998 233
19 347 351 461 4 398 0 822 210 402 185 396 688 207 583 53
692 438 194 224 549 669 856 390
385 303 313 771 498 637 23 71 906 72
31 186 757 272 634 945 648 166 52 575 362 189 45 871
71 251 398 763 926 797 484 520 887 620 47 406 707
368 736 661 83 672 415 43 257 576 67
258 687 490 11 530 159 172 987 669 995 731 576 752 285
277 103 950 13 379 901 676 89 120
822 926 206 525 587 993 154 833 882 482 469 544
436 798 265 641 838 243 101 843 153 732 624 963 497 332 571 376
343 894 216 406 31 524 272 225 469 694 582
915 386 812 685 526 901 675 834 710
796 98 125 46 228 351 744 501 640 225 943 342 348 473 336 433
582 631 231 876 726 492 197 456 819
61 274 512 319 866 968 99 177 148 416 800 737 313 976
249 108 563 467 299 230
904 984 636 521 823 571 11 300
218 603 12 341 467 198 315
662 686 144 762 930 511 423 3 232 755 378
466 406 189 566 861 123 787 939 21 792 500 926
885 878 324 499 997 141 184 752 509 416 220
923 419 631 954 506 277 69 742 691 112 811 694
830 441 861 636 41 86
149 438 854 89 480 126 245 657 530 244
154 484 667 483 187 573 797
286 327 201 773 163 490 253 753 37 58 458 471
960 931 701 291 239 634 507 494 483 218 645 173 70
112 191 494 818 954 733 184 322 243
763 961 456 990 731 341 36 583 926 38 30
496 119 943 799 725 281 99 237 715 556 158 509 20
778 628 886 814 626 815 893 116 385 640
792 634 658 360 220 0 355 29 355 600
185 265 241 151 426 848
917 894 207 967 263 918 726 106 632 761
930 947 817 783 284 149 849 86 365 667
245 657 865 44 263 131 577 795 63 329
38 41 78 531 842 681 21 835 328 123 436 379 1 603 790
794 411 695 732 99 322 767 865
45 298 350 521 842 697 513 110 45 701 516
704 610 34 174 358 486 105 692
76 502 458 470 98 15 960 887 134 744 742 739
877 171 441 400 292 96 912
652 220 363 504 177
994 53 563 272 300 798 496 491 817 82 527 466 408 157
8 674 402 206 388 658
618 596 686 837 947 198 864 235 323 905 696 358
882 592 515 59 196 290 832 459 815 823 829
532 871 240 419 273 961 703 389 864 928 0 502
487 879 3 989 646 513 141 55 33 638 27 157 738 524
595 880 868 31 552 26 286 80 426 325 516 853
298 324 583 794 797
795 793 106 848 629 392 665 15
816 114 270 390 461 889 161 42
376 524 211 388 699 0 494 517 466 141 402 955 328
270 760 381 470 836 496 837
496 37 594 332 662 459 899 78 767 739 168 851 888
286 410 648 791 215 680 159 695 840 95 419 463 676 666 923
375 993 511 754 559 13 397 939 359 665
339 21 712 209 439 71 940 495 128 827
661 43 694 963 39
750 736 490 183 47 730 29
276 633 882 759 740 33 899 296 993 247 206
853 281 580 847 943
673 499 42 192 663 641 562 762 597 20 622 890 868 67
259 943 391 184 214 903 698 628 971 957 846 372 746 460 200 954
301 264 615 824 397 884 644

