16 330 436 407 17 440 55
959 476 274 631 411 202 339 449 427 881 477 653 934 396
965 790 719 762 336 768 160 984 687 664 712
644 254 703 842 711 160 267
458 241 199 0 588 131 44 561 805 675 367
424 352 765 99 410 760 52 516 417 783
7 88 884 481 175 738 912 723 103
43 947 574 361 467 235 34 772
31 577 890 20 213 968 295 229 379 753 369 987 36 149 576
797 897 645 839 452 102 279 809 103 288 504 384
566 352 624 984
933 629 591 844 522 389 93 482 314 747 486 462 444
230 828 287 95 353 169 602 249
984 263 312 845 249 471 883 732 910 917 610 501 875 302
595 116 176 166 129 446 419 566 321 975 700 701 313 59
912 306 15 875 250 994 537 383 196 469 385 604 46
726 378 18 109 376 114 689 47 158
218 218 431 479 798 175 597 109
366 236 557 695 61 746 673 671 844
910 980 486 823 519 515 170 205
469 149 401 243 463 968 282 105 972 250 30 112 847
376 381 46 583 908 848 17
8 811 562 782 60 764 754 747 814 845 339 52 197 307 62
630 768 218 855 352
450 424 657 650 241 360 357 311 732 550 209
751 392 829 239 417 713 783 224 673 524 777
938 22 269 989 140 994
836 246 791 693 766 474 278 571 213 152 252
15 953 386 419 933 892
267 162 135 22 695 400 714 231
662 372 137 620 88 776 926 303 322 262 527 344
703 368 127 35 799 684
885 737 31 390 46 218 362 814 892 4 653 488 84
253 910 494 115 88 941 906 156
148 988 580 410 829 637 7 30 58 911 296 875 305
416 43 413 916 943 716 709 715
882 89 469 167 963 623 226
301 753 768 203 935 415 94 390 718 689 855
845 767 716 604 991 772 492 127 875 586 164 142
729 768 937 782 732 72 164 767 823 837
280 631 986 651 775 365 346
157 83 728 347 107 410 7 400 853 909 889 142
742 27 443 149 443 24 846 792 904 281 675 176 380
356 509 717 946 498 392 457
161 671 755 213 922 208 527 337 502 750
5 811 142 655 201 996 918
718 819 753 483 397 777 737 822
617 398 767 89 186 491 331 573
635 587 894 290 480 167 300 975 33 491 155 582 336
855 961 709 512 356 940 145 193 914 770
131 534 314 121 549 315 341 488 909
610 901 594 820 129 245 17 841
597 914 177 825 207 571 157 682
216 958 710 112 266 990 318 190
706 334 357 720 931 233
957 868 834 685 899 846 697 664 203 192 628 360 426 545 283 314
766 270 271 947 472 210
1 965 464 200 837 452 916 103 182 492 94 651
832 713 917 752 654 214 577 824 262 587 118 367 998 985 633 137 894 771 742 334
131 742 980 754 633 546 848 916 87 262 717 860 37
778 442 838 516 265 241 244 920 964
839 934 236 276 22 772 319 921 298 370 505 463 813 979
321 21 991 442 207 669 605 453
585 540 372 936 920 42 90 333 928 829 589 114 662
981 595 24 602 513 854 377 687 479 378
189 682 77 124 592 603 471 386
430 859 35 530 624 436 643 537 962
457 299 273 940 660 975 659 830 134 919
457 702 732 399 451 541
190 296 761 4 821 79 31 708 17 713 153 273 769 186 462 934 937 446 438 814 822 833
719 12 688 946 225 593 656 413 336 619 9
83 483 460 143 66 65 431 498
308 126 82 560 277 82 325 539
223 790 79 85 9 459 131 464 561 317 49 305 380 558 169 142
963 874 265 471 849 135 167
157 990 260 11 752 267 45 770 221
457 199 720 258 368 659 167 352 878 98
243 119 274 477 850 508 863 306 846 580 968
148 264 294 766 118 951 744 77 470
831 226 869 505 484 436
176 955 670 644 82 853 17 451 607 833 955 982 936 655 483
358 391 633 684 426 282 68 698 202 373 747 432 25 410 891
336 891 8 738 421 533 573 777
40 761 524 880 299 601 238 847 550 75 743
459 347 12 64 998 279 551 557 759 974 963 134 877
308 132 393 708 267
397 258 330 425 124 629 472 65 141 795 587 158 252
298 941 836 54 583 20 553 939 263 608 87 973
263 144 277 445 999 929 354 72 166 571
818 864 794 696 300 706 351 411 705 410
952 102 40 323 772 50 516 169
355 228 37 837 987 392 680 549
73 541 403 928 350 947 255
259 282 372 201 103
744 958 232 11 812 826 736
869 91 843 538 6 243 68 295 637 360 445 380 891 756 354 305
464 281 192 488 911 863 380 16 826 509 698 84 360 363 99
155 257 370 631 123 563 355 802 488 90
188 844 634 552 452 391 695 239 102 10

