3 297 707 465 720 633 541 907 85 385 289 406 39 396 975 999
263 704 835 891 463
116 245 756 73 685 941 242 386 447
731 823 772 393
301 88 873 819 943 508 144 837 753 172 209 1 615
874 954 702 714 656 696 227 880 265 934 836 792 69
546 478 942 192 347 577 644
242 276 112 798 911 429 168 878 707 19 561 249 390 133 758
166 223 839 420 430 25 891 764 94 213 978 263
271 188 744 286 640 784 334 12 423 15 813 602 946 940
360 948 265 398 987 105 388 735 333 374 206 254
154 137 641 417 434 754 317 915 694
871 173 687 827 406 446 951 808 171 421
258 642 759 535 872 188 164 408 590 573
870 493 1 189 17 666 920 22 463
93 670 745 29 562 417 376 799 290 915 819
378 721 904 978 74 289 215 171 709 447 849 379 847
801 804 960 153 437
895 220 30 556 680 555 741 641 854
61 195 438 988 214 932 136 996 600 444 753
302 897 884 939 811 66 154 53 552 482 384 883
50 278 509 870 418 585 835 11
107 356 632 985 176 540 165 589 888 356 391 915
113 571 760 953 335 621 247 423 279
318 421 170 612 803 411 157 480 292 876 249 565 892 509 812 8
196 562 773 439 49 644
354 707 374 299 785 729 690 696 394 653 946 773
508 179 563 535 894 536 422 202 85 914 897 964
183 852 708 797 264 470 15 664 967 783 698 327 786
594 136 585 158 633 698 185 123 934
595 326 593 917 29 557 166 394 18 947 623 428 584 16
761 837 260 276 336 345 220 721 280
462 88 338 874 500 862
812 288 71 48 424 729 840 119 789 957 743 221 474
131 193 108 706 855 654 900
490 357 877 874 243 820 363 589 850 266
825 487 235 221 289 933 349 99 169 390
635 353 602 755 352 152 667 407 712 479 715 506
411 581 958 441 739 269
535 574 820 17 749 221 793 128 248 883
5 266 4 906 510 364 579 12 423 59 194 957 876 877
22 871 719 5 742 195 922 896 131 652 867 414
439 933 493 472 914 204 726 311 53 716
144 128 802 702 692 602 612 899
905 79 435 636 283 999 843 91
329 390 85 333 113 22 150 451 362
946 237 996 123 359 887 382 197 83 556 335 352
493 930 250 510 695 298 815 254 659 726
116 610 491 853 667 380 695 648 511
997 311 38 81 807 624 608 834 936 245 290
587 273 99 749 250 592 190 797 333 57 631 40 78 412 426
901 62 950 463 900 712
396 93 437 751 26 652 723 531 620 626 434 428
491 169 692 937 109 164 982 57 936 756 493 365 4 278
525 657 179 705 258 121 98 894
638 393 302 140 548 464 875 115 759 169
169 680 617 87 44 519 347 723 578
346 686 831 342 577
480 471 282 479 69 804
923 841 987 555 835 785
349 689 632 59 461 724 994 976 355 950 972 775 505 996 968 538 323
530 724 985 584 462 816 476 664 598 589
39 765 901 795 481 853 266 638 895 7
32 967 853 380 688 593 738 992 417 924 711 304 271 558 279 195
325 773 738 728 320 254 720 662 101 868
869 587 669 24 953 193
383 588 771 18 391 870 578 679 998 839 278
98 950 146 440 709 429 858 376 39 34 376 753
985 373 76 869 438 819 249 23
631 430 793 887 356 224
316 323 248 689 592 20 740 927 860 522
209 206 761 306 753 711 748 776 788 362 543 495
415 661 32 293 225 829 811 793 735
329 933 614 477 453 665 50 234 208 560 956
430 104 845 801 719 716 555 225
220 972 842 155 827 103 446 795 334 755 394 512 565 712
343 496 726 613 60 755 73 268
859 934 385 685 737 555 535 698
234 504 385 896 219 502 247 800 922 973 522 955
614 919 828 615 157 277 133 10 657 943 49
661 970 390 518 582 344 711 803 31
419 415 874 793 608 62 387 975
626 940 532 822 999 580 170
279 486 357 994 818 749
16 36 471 372 427 370 483 531 658 93 404 125 609 424 204
673 422 783 55 180 212 73 309 868
750 299 489 361 704 566 64 387 431 719 289
184 758 871 157
255 323 182 607 701 159 533 173 678
902 148 706 946 743 350
228 384 938 496 845 739 182 439 601 214 523 457
623 886 858 250 209 173 833 338 561 816 736
594 250 30 639 677 555 387 463 596 324 503 779
477 673 201 340 469 437 779 161 58 828 73
740 667 907 15 205 667 346 410 479 118 608
561 764 165 786 28 627 645 392 930 541 821 291 432 179 260 132
208 510 525 838 169 855 143 556 655 864
405 488 957 58 882 568 542 694 575 585
743 295 587 26 328 925 185

