564 819 485 399 151 456 181 445 901 574
861 33 842 487 435 693 329 311 354
179 611 715 76 8 938 492 790 201 782 378 526 558 223 853
864 612 690 816 51 763 756 616 106 24 502 255 137 629 416 307
926 593 14 893 809 699 66 73 993 747
181 923 275 682 355 217 846 764 507
185 841 992 613 353 495 187 459 996 461 535 914
791 754 495 898 145 608 744 915 164 726 740 943 71
535 966 814 605 870 266 163
24 533 15 393 352 995 454 472 801
591 418 497 770 716 22 529 1 87
5 203 608 690 933 226 480 737 952 744 207 53
436 469 317 209 821 110 477 474 535 699 994
555 107 888 844 488 845 720 196 437 904 83 799 878 350 749 174
110 238 626 754 627 360 449 707 3 476 949 244 395 709
673 39 252 85 56 579 548 703 723 520 910 633 649 645 544 950
784 223 55 598 124 824
282 602 440 101 544 97 463 768 541 932
790 564 400 368 860 117 615 246 745 350 322 625
974 294 39 672 903 531 64 690 260 229 729 585
646 696 208 65 80 426 949 837 382 710
812 771 888 37 642 829 602 767 205 36 968 995
554 655 39 971 806 507 374 154 512 864 410
12 742 673 428
227 292 450 375 305 236 397 168 346 793 515 528 409 672 952 442
804 91 442 713 643 635 879 940 265 864 27
57 165 431 49 837 503 209 61 726 162
510 924 52 850 777 242 9 181 539 176 728
952 33 150 289 340
188 959 508 862 121 940 858 631 975 218 95
96 658 574 909 121 165 234 161 44 597 846 372 695
532 697 309 702 775 613 294 41 642
713 87 844 321 907 182 473 657 991 0
554 483 453 626 452 354 179 906 808 735 842
187 23 306 536 326 495 344
352 795 770 638 184 333 84
702 603 815 693 426 782 272 405 673 466 724 97 267 335
235 690 120 119 140 52 757
151 289 685 463 338 632 258 306 218 811 103 829 486
822 974 500 130 54 753 394 366 374 104 553
769 531 933
40 53 448 792 159 658 40 470 162 448
65
528 506 68 44 606 27 158
500 469 522 783 796 517 411 701
489 90 234 345 903 740 693 202 385
686 696 105 572 204 468 997 480 220 85 256 233 962 656
188 17 775 441 710 173 598 551 58 75 164
261 160 903 496 923 890 509 960 44 835 94
997 579 764 27 143 790 354 512 613 477 427 267
269 584 408 406 263 836 154 372 697 396 90 294
168 259 537 100 422 296 561 366
383 745 616 314 515 804 914 559 203 231 95
666 366 874 664 248 762 676 669 336 79
243 278 217 504 713 910 240 907
998 362 457 96 106 459 461 965
831 543 85 353 536 117 106 648 451 849
417 527 350 537 916 936 907
188 433 944 377 316 797 777 973 299 413 479
86 193 313 538 891 949 562 592 983 503
205 308 151 30 688 814 378 543 458 754 308
216 185 539 428 49 940 780 727 382 256 848 221 293 687
799 446 184 37 953 694 906 347 192
535 868 400 73 655 68 347 680 735 740
494 639 183 616 451 389 570 239 843
852 585 609 12 846 438 813 897
38 843 910 522 154
300 130 66 223 725 187 35 886 667 273 56 152 124
637 213 842 579 517 81 17
171 740 997 671 802 150 59 753
19 349 744 553 961 447
645 81 443 191 991 545 436
564 13 286 91 56 462 127 126 649 449
375 197 974 208 481 281 521
584 594 629 309 604 15 198 684 745 804
575 373 866 558 364 29 197 594 223 911 720 272 346
853 373 51 894 145 743 303
451 51 820 303 476 297 7 343 229 828 245
918 824 464 672 49 247 153 912 21 768 774 144
533 25 670 657 244 643 508 394 457 201 752 842
809 197 881 96 713 133 345 243 426 345
77 430 398 571 278 391 696 622 814
717 277 783 758 623 217 121 799 870
844 986 103 212 650 652 481
44 479 741 166 667 174 223
233 837 554 482 177 833 798 825 747 3 57
720 104 517 250 957
323 285 604 584 933 90 859 969 621
684 373 880 34 537 52 389 591 183
581 469 654 423 438 279 266 944 739 6 322 321 221 734
597 313 468 594 9 77 146 810 879 32 817
836 774 572 764 208 687 411 289 343 107 794 225 244
544 345 945 174 180 906 724 760 280 578 322
173 208 718 532 582 984 856 77 887 268 619 693 502
796 138 683 178 925 818 186 218 194 514 699 464 308 347
578 189 297 750 29 790 880 606 295 434
191 541 805 75 655 711 253 150 395 364 345 247
245 741 20 146 596 615 388 181 127 975
93 269 776 742 619 319 588 878 761 318 551 762 307 225 122

