553 930 256 366 584 922 481 725 413 499 768
354 37 334 431 326 607 928 383 685 152 965
421 704 669 100 138 788 801 392 933
867 620 109 573 452 72 296
180 842 813 536 418 2 10 618 19 34 372 268 382 432 545
827 465 184 90 848 562 785 46 441 40 564 132 738
441 523 685 514 948 948 749 791 280
351 548 153 162 56 564 964 578
567 523 310 648 773 561 351 299
242 714 233 958 664 906 986 933 857
286 184 565 468 18 702 10 398 19
750 146 870 313 464 718 125 439 323 710 3 725 588
657 713 862 376 946 345 159 809 970 513 552 370 874 884
144 287 673 11 317
782 966 689 697 184 889 404 457 323 631 9
631 469 213 503 14 858 114 996 458
800 921 833 952 993 942 591 394 935 619 853
280 174 952 836 2 789 226
19 96 391 846 286 985 96 393 815 979 152 686 744
589 980 228 947 350 234 644 639 690 500 572
536 847 45 256 791 451 556 588 529
355 14 848 927 87 968 411 980 27 9 940 996 732 646 325 303
397 795 576 944 135 754 513 592 623 776 303
706 717 595 317 351 289
722 906 824 19 339 388 709
11 602 931 774 127 192
249 340 452 260 672 372 65 637 231 276 37 303 83 66 642 889
957 186 191 691 351 894 902 49 84 694 976
470 358 0 665 2 616 518 744 921 198 639
779 272 206 816 287 976 138 590 840 104
727 566 697 516 909 402 280 213 433 596
340 420 982 284 54 457 456
907 632 949 597 883 539 478 831 128 454 816 266
649 226 969 713 349 566 744 912 992 646 291 586 452 236
657 475 730 113 217
829 180 481 163 361 138
276 579 241 955 531 777 531 722 803 3 647 367 579 278
642 659 603 347 356 481 635
535 136 184 460 643 662 514 259 847 559
123 992 147 761 11 823 525 827 561 209 103 801 292
659 514 588 81 238 948 955 814 375 941
569 124 768 357 181 608 906 541 685 880 566 957 561 75 745 58
538 267 805 529 387 155 239 975 79 265 275 204 769 684 881
929 588 382 463 158 752 274 86 869 353 305 183 722 947
190 662 450 179 242 508 411 550 475 404 348
267 56 545 381 171 660 11 594 59 150 34 734 473
311 624 427 727 356
701 539 790 152 231 917 180 82 990 572 102 244
160 998 117 35 246 474 780 416
120 408 918 324 977 551 148 732
987 617 995 65 903 99 828
850 441 538 302 202 568 281 92 422 167
140 256 886 404 537 958 585 311 443
727 561 652 891 745 593 931 64 133 823 172 152
446 888 220 467 681 640 483 252 86 593 325 547 905 188 281 668 393
515 638 893 798
589 4 12 151 612 676 194
541 754 370 338 665 319 624 679 142 176 628
203 521 199 74 990 934 663 773 234 670 349 747 281 613 139
399 63 297 167 450 713 666 632 895 279 419 678 276 525 959 953 445
711 813 242 144 523 757 874 952 389 103 795 977 358 286
879 491 402 945 455 450 449 715 152
674 833 633 920 861 803 38 67
859 289 254 430 476 501 496 228 257 738 361 185
646 778 234 308 120 474 778 795 651 887 939 308 631
131 17 876 508 436 822 353 989 616 378 102 169 121 226 601 856 71
318 167 265 441 867 188 705 922 566 325 624 63 63 397
969 627 821 805 851 466 341 533
994 155 315 26 570 820 225 156 226 321 704
453 658 63 900 312 667 627 520
224 481 895 68 216 604 935 748 848
734 686 229 652
730 14 796 538 887 228 679 20
343 333 764 284 792 662 705 154 409 686 858 509 605 560
49 901 32 37 166 846 917 257 712 664 99 749 571
141 589 847 907 8 264 674 220 168
118 794 812 715 31 400 387 271
29 75 212 251 675 465 176 247
288 551 276 19 887 254 612 566
684 508 220 932 267 866 942
329 287 712 91 204 273 170 13 755 590 622
470 909 995 814 232 808 960 542 136 130 706 421 838 468
31 732 276
973 680 801 332 193 734 907 460 701 475 373
41 65 569 849 394 541 34 218
478 694 946 610 206 267
84 583 891 769 24 472 493 157 908
102 974 262 569 207 999 297 905 766
683 168 329 68 60 584 984
970 802 963 76 892 898 419
355 72 858 639 643
878 243 805 56 263 908 491 82 519 267 202
921 440 112 172 324 134
419 924 861 568 237 412 660 699 941 265
98 242 543 104 2 988 799 551
867 318 482 663 362 426 576 767 599 948 607
190 343 63 105 11 545 669 102 92
377 816 284 457 995 627 73
263 314 336 559 354 860 275 962 619 84 288 113 220 278 138 37 162 574 544 974 791

