438 582 67 423 559 141 543 251 95
895 24 376 480 61 660 312 281 654 422 522 498 491 361 84
783 132 880 695 63 392 54 378 707 1 847 396 94
641 382 80 970 154 767 804
452 723 44 540 791 629 903 388
633 87 373 447 512 70 28 117 114 987 48
267 879 335 647 604 244 515 416 711 652 364
343 760 174 738 554 582 789 660
881 50 80 732 33
836 93 517 429 526 627 386 760 386
617 885 638 408 379 343
380 908 890 255 37 942 194
746 6 937 223 62 233 371 584 715 371 650 920
264 106 310 498 247
884 869 139 570 0 136 598 273 143 738 161 415 78 393
812 365 511 97 903 883 674 946 816 856 365
523 238 926 213 712 548 718 168 765 301
949 257 101
574 373 784 379 607 248 539 440 143 541 885 64
448 342 270 125 611 153 699 469 421 157 603 950 918
996 194 494 655 398 430 816 834 453
492 196 759 975 595 958 934 213 332 551 440 458 290 354 814 726
69 612 703 924 798 291
848 319 860 119 799 168 963 654 604 668 251
550 886 439 802 807 579 550 529 287 982
211 790 304 264 212 535 289 293 699 340
187 729 857 647 647 313 865 476
242 864 7 703 710 390 280 822 950 158
918 898 843 439 801 644 64 368
994 693 195 921 333 246 452 943
748 761 522 662 606 944 225 238 234
807 306 651 442 887 818 365 929 359 363 818
814 322 322 270 876 217 492 710 957 434 726 643
819 107 58 175 506 824 651 462 426 617 138 281 574 570 318 993 296
22 679 896 836 528 251 854 748 728 527 910 142
430 381 509 900 972 863 364 793 208 562 472 939 789 629 444 792 937 832 385
849 284 55 519 93 444 225 693 720 132
142 171 888 872 576 741 599 72 792 92 146 547 489 244 521
150 423 476 456 347 675 285 346 740 559 314 789 740 467 527 247 583
771 362 510 276 637 952
599 834 666 764
142 9 334 17 17 379 78 439 112 851
550 387 973 517 450 710 735 4 793 776
700 482 674 101 57 740 30 545
448 618 720 448 817 330 36 629 149 374 4 984 387 193 996
711 587 57 522 329 520 367 542
947 138 892 237 196 623 498 909 522 23
321 909 591 697 263 373 72 767 177 679 990
931 874 985 289 506 580 226 487 257 652
863 651 731 735 142 938 197 550 425
815 269 674 80 759 814 248 483 585 913 650 78 420 211 123 962
280 523 235 744 842 722 305 504
803 217 20 926 865 464 510 897
79 474 339 197 197 736 596
760 872 322 552 348 603 698 462 220 379 34 504 332 364 404 364 489
308 457 923 786
712 898 626 282 164 134 833 723 246 445 192 332 855 704 468
283 687 432 497 546 69 112 245 544 19
81 719 209 358 682 350 106 438 963
455 539 825 332 418
659 272 303 160 117 144 852 770 191 555 816
788 517 756 742 173 683 590 309 325 818 50 849 707
656 989 337 295 357 188 828 792 844
72 366 25 345 177 62 976 397 208 854 75 424 869
653 76 342 39 458 908 175 924 230 638 181 311 678 508 361
658 588 17 448 371 273 566 938
627 808 894 838 933 100 81 427 642 71
115 243 359 94 532 506 64
625 629 829 265 152 137 46 863 827 361 55 969
536 74 668 884 557 669 108 509 574
533 247 704 43 368 913 718 548 180 933 349 735
919 556 613 42 902
7 862 503 91 400
604 194 8 224 836 206 467 813 360 995 377 851 775 690
797 385 195 871 545 824 525 600 311 805
287 834 718 39 240 194 806 756 397 456
464 748 607 414 452 415 167 880 338
695 612 881 424 266 157 766 44
941 385 63 770 485 541 53 564 193 13 988 669 678 593
661 375 791 148 690 845 492 175 649 268 230 892
429 858 486 707 333 919 384
25 6 567 205 230 983 441 290 571
768 732 539 185 985 43 340 667 555 756
71 130 215 265 400 817 604 4 303 407 93 374 2
654 364 458 602 281 938 985 143 448 202 149 486 17 432 303
689 268 512 837 686 574 581 884 145 739 250
105 808 553 236 146 375 281 308
693 691 59 163 795 827 101
789 559 917 409 254 876 895
608 844 675 566 710 495 340 314 268 694 699
894 605 503 135 948 13 83 964 324 471 454
321 223 229 507 751 577 356 241 513
215 627 662 906 883 486 630 693
233 341 968 731 236 715
60 991 99 300 181 183 266 221 601 546 729 991 932 773
636 464 252 798 927 216 178 747 272 362 713 686
221 171 122 141 708 397 645 343 281
208 524 798 217 146 959 963 617 548 240 544
25 79 508 263 710 612 839 133 839

