946 731 8 400 399 455 289 647 164 326
673 829 81 148 831 839 602 62 68 585
862 464 28 101 589 96 590 972 733
174 403 21 428 69 577 183 624 182 126
439 975 378 578 516 659 572 617 366 371 573 924
790 660 216 730 753 95
382 365 62 639 312 913 30 103 809 83
222 289 745 956 42 983 559 742 816 212 13
634 294 82 352 987 781 433 642 386 429 819 88
941 288 547 194 904 940 269 838 504 706 316
112 680 192 565 44 142 863 408 412
924 115 705 945 850 277 827 945
946 639 538 224 530 33 862 586 409 246 267 154
705 451 603 574 773 548 20 870 303 955 228 255 627 703 395 309 337 832 282 276
763 84 49 414 716 685 217 498 421 565 941 428 701 844 501 6 325 248 831 303
367 768 599 776 648 406 580 646
547 922 592 378 423 510 558 725 528 270 608 940 655 57
0 509 402 401 82 585 66 405 855 543 781
944 914 526 744 865 788 71
981 800 401 239 521 330 407 341 60 129
47 33 352 512 616 983 552 912
876 138 931 742 578 33 392 223 598
683 157 322 931 88 652 817 298 606 991 893 533
162 53 69 864 444 642 68
998 701 611 686 433 606 140 12 948
596 56 314 779 161 854 940 278 66 754 998
825 55 90 824 956 320 561 140 655 523 428 102 676 599
461 451 263 543 69 236 183 876 100 660 636
132 612 98 318 207 165 156 799 465 729
684 953 207 430 245 996 30 919 262 955
15 183 577 536 62 718 561 937 72
420 777 323 92 673 919 749 731 291
112 138 137 323 849 929 56
883 1 199 543 786 273 484 755 475 124
819 758 117 123 148 168 291 524 178 31 167
211 521 895 903 221 930
688 506 835 485 68 556 372 577 859 890 612
348 79 872 926 203 557
822 26 531 42 18 699 911 810 50 619
758 178 125 805 57 291 344 147 185 206 534
833 162 36 189 148 132 807 905 903 222
230 54 358 972 478 178 361 329 190 137
39 970 59 0 862 611 868 508 405 791 230 905 101
944 584 81 281 247 29 242 436 554 751 977 694 187 975 381
530 615 842 458 388 989 470 727 813 164
745 231 750 700 966 181 615 800 886 643 381 465
412 624 379 851 733 487 258 185 587 794 600 591 329
335 867 338 970 938 765 600 724 441 741 559 668 973 632
376 999 622 731 867 313 824 519 206
167 823 46 716 645 831 36 378 819 8 214
678 145 16 236 652 355 965 122 637 570
945 70 54 572 63
527 654 580 410 583 651 784 730 911 99 867
705 514 585 29 105 525 158 946
291 969 405 715 902 672 761 379 53 475 527 452
207 683 586 570 16 149 693
528 757 743 840 152 734 980 135 198 751
340 484 283 779 472 35 327 950 569 536 578
495 745 380 72 800 600 504
365 377 797 16 377 428
42 251 942 778 966 599 464 759
298 509 791 437 777 884 293 244 682
619 805 136 704 976 393 427
65 139 661 523 687 724 117 518 476
443 367 361 272 218 110 424
136 171 438 921 725 648 117 736 869 663
464 92 324 159 213 166 663 550 770 509 891 239 178 329 460 261
235 424 894 377 643 327 278 689 62 632 59
968 322 940 772 735 960 726 675 23 876
849 509 842 779 537 747 416 42 983 438 490 462 5 77
909 784 509 893 625 133 105 844 52
922 634 389 414
445 180 768 596 496 871 137 178 391
428 3 871 591 613 667 611 797 702 838 144
425 475 132 375 557 50 363 331 701 866 213 669 624
788 810 165 777 572 522 531 287 792 927 618 301 668 908
586 328 30 292 208 466 431 574
824 196 478 192 808 256 792 623
713 28 86 49 528 839 110 902 865 993 391 793 763
363 376 421 356 10
898 992 885 490 555 682 365 467 834 50
898 282 909 351 799 116 511 963 237 15
76 339 463 815 150 391 490 758 83
345 326 542 15 884 177 773 743 43
190 703 459 478 397 415 716 680 256
335 787 66 189 750 447 788 291 852 328 393 966 925 850 543 70 765 900 81
206 823 363 956 755 349 822 536 125 804
601 251 883 151 967 20 865 392 722 939
577 98 663 750 317 711 480 396
94 856 180 450 221 370 518 330 931
903 193 96 671 419 255 554 223 435 783 100 213
157 937 606 801 556 915 341 99 858 25 608 198
660 393 303 591 907 306 9 596
947 35 620 935 406 86 460 411 268
93 708 991 873 890 544 299 936 488
124 239 170 437 349
423 662 791 820 286 965 9 691 646 364
765 977 204 344 579 143 994 31 978 565 192
229 496 252 497 596 510 371 310 725 363 680

