334 928 608 584 795 990 954 846 272 861 767
326 827 484 242 983 457
135 620 462 518 828 446
796 442 812 450 499 375 37 459 956 308
132 878 415 789 345 32 68
74 997 658 51 337 483 809 331 853 416 325
500 310 974 150 646 582 239 47 95 547 274 451
643 24 133 626 18 123 219 256 331 56 868
427 370 783 322 441 842 995 398 84 154 777 939
441 300 854 479 323
93 6 640 531 332 182 816 211 711 987 583 923 186 493
309 278 249 587 403 906 288 616 836
856 563 368 109 147 814 155 300 914 549 689 810 423
501 140 886 658 861 179 278
192 576 46 211 327 548 839 825 532 308 814 23 984 758
990 707 385 533 166 695 15 756 129 422 587 847
998 490 536 886 615 156 773 215 237 837 526
967 458 509 621 271 100 968 792 998
723 898 156 726 87 541 740 507
455 682 343 34 18 972 256 870
685 591 983 567 175 668 467 327 950 518 681 193 660 252
511 472 816 725 73 425 738
295 792 205 724 904 552 362 45 836 402 719 320 561 916
355 812 645 304 286
714 566 980 885 299 431 394 847 45
216 26 571 699 279 155 421 819
745 677 292 829 14 88 260 415 21 189 72 897 428 334 409 915
228 499 629 396 356 758 842 130 90 511 127
803 414 918 45 300 761 672 188 116 797
769 146 331 316 152 248 940 711 877 73 317 419 979 929 239 39
262 952 427 303 301 439
721 709 981 672 991 971 534 572 893 745
257 599 192 631 854 192
197 395 168 360 451 781 709 892 305 558 489 543 413 190
153 696 678 810 520 41 753 839 235
362 342 19 148 315 157
239 84 81 960 930 839 527 85 481 22
524 174 862 951 140 706 546 684 381 863
644 602 642 630 101 290 959
703 250 260 152 353
703 23 740 924 86 187 470 429 811
502 572 88 96 571 221 843 553 780 120 830
844 410 956 950 754 987 291 511 704 462 270 167 794
333 776 522 164 426 102 752 96 510 856 855 259
619 371 595 300 968 930 503
411 73 294 307 897 688 570 554
464 734 573 413 604 412 974 242 308 442 246 569 85
654 649 957 634 546 230 200 961 837 845 795 995 746 652 370 868
46 697 13 300 480 758 547 306 263 766 251 66 727
852 658 761 954 967 399 151 219 480 548 691 689
64 628 535 177 303 335 605 333 165 543 202
426 718 619 908 303 912 50 991
973 186 449 79 121 490 765 926
49 408 269 646 324 642 91 466 64 800
43 654 355 696 994 569 983 428 192 289
226 743 795 875 45 79 720 263 138 872 772 611 631 2
498 362 814 742 2
535 212 849 803 416 905 501 745 458 766 765 974 177
456 423 892 657 500 90 200 489 61 710 95
995 864 863 765 75 199 665 365
190 275 603 766 796 327 681 564 858 616
225 151 631 91 703 212 472 455
203 388 819 622 344 413 295 969 959 651 61
663 496 443 9 389 623 962 516 116 961
352 486 452 470 326 97 169 605 437
770 384 64 366 49 292 72 901 98 688 8 162 20
278 542 369 660 914 849 495
946 385 352 62 838 166 601 594 772 319 752 7 295 491
797 495 399 794 148 257 205 434 986 538 492
636 935 414 721 121
774 991 600 821 280 431 481 190 491
158 991 167 731 122 435 447 89 175 116 461
280 159 616 491 275 788 920 718 615 195 110
686 284 948 997 668 495 94
822 846 424 627 464 48 435 482
700 539 278 72 937 671 159 348 938 137 99
679 860 358 954 647 209 390 854 705 984 61 146 589 948 950
634 180 902 845 859 57 764 817 715 552 624
983 63 804 519 656 249 799 184
114 341 813 995 788 683 848 136 49 338 15 267 85 387 231
756 387 124 437 911 740 580 264 558 435 876 781 435
310 452 317 979 564 445 709
522 231 665 533 57 106 625 30 80 773 550
968 142 210 891 397 579 171 738 276
697 914 89 895 656 314 112 592 952 906 372 923 503 943 867 883
569 358 306 616 855 354 494 616 146 860 225 460 822 399
253 780 589 690 23 517 510 419 873 670 125 385
14 825 943 971 849 567
627 661 548 233 938 751 153 535 539 885 529 113 524 220
688 867 97 331 452 784 905
778 333 398 37 558 975 744 925 639 601
308 704 278 484 449 215 301 128 400 440 594 862 476 306
857 460 197 41 816
500 633 521 58 725 380 771 572 446 632 963 113
911 669 827 69 425 821 62
667 868 422 649 752 804 309
879 460 922 122 534 341 469 46
729 972 351 472 84 103 487 50 721 280 413 364 357
466 541 251 313 297 606 735 54 498 646

