71 778 906 96 140 786 520 381
982 12 894 436 563 957 365
34 932 155 743 498 374 53 884 57 483
539 703 350 13 646 885 707 179 261 462 630 373 492
151 476 542 217 94 20 807 80 678 229
748 939 848 903 184 724 35 436 799 703 99 51
665 153 243 702 314 480 337 322 532 567
117 185 389 471 315 817 855
434 873 813 379 201 660 525 40 813 476 666 403 746 319
15 862 126 303 247 916 777 84 977
553 20 150 645 513 357
72 117 944 200 712 546 989 779
104 584 184 384 974 968 590 550 988
460 104 123 74 690 127 241 158 328 510 32 751 506 214 950 798
319 83 264 580 589 954 64 705
400 104 195 234 577 107 611
58 72 214 138 846 158 908 432 471 991 906 547 442 323 841 642
943 377 377 291 141 778
288 240 290 16 131 187 959 892 102 660 4 365 91 999 170
473 973 920 745 548 484 679 917 761 830 139
808 762 130 5 198 265 503 308 878
381 762 614 374
376 787 786 897 144 968 779 975
236 204 93 243 95 147 485
715 605 431 805 525 980 799
661 501 687 784 247 540 396 21 830 910 470
169 977 641 522 164 770 23 969 726
829 267 686 20 549 203 122 411 113 878 570
496 536 491 703 709 379 763 336 434
660 830 203 159 326 985 868 454 2 867 58 710 529
953 545 391 72 877 870 678 679 274 948 589 441 643 131 307
531 970 290 801 720 247 730 978
462 215 630 162 585 776 209 774 526 984 575 663 792 367 52 599 691
525 949 719 566 49 303 964 394 538 72 253 975 716 388
226 450 968 221 63 253 28 100
928 814 938 826 842 495 200 373 551 989 290 928 603 7
461 704 928 610 317 143 125 538 769
53 790 44 808 419 800
517 355 266 972 894 462 45 559 679
618 713 419 522
336 348 460 217 723 597 193 503 66 835
937 218 426 441 617 34 648 350
176 280 279 222 831
954 15 214 892 706 335 904 314 803
269 423 828 615 65 809 541 362 111 753 643 807 659
254 263 474 297 469 266 79 568
640 888 284 189 609 308 440 663 25 467 884 396 192 412 120 905
38 997 800 111 893 966 792 314 287
615 676 603 617 369 524 440 782 208 910 27 835
423 105 451 217 435 922 765 108 654 18 394 623 929 88 233 754 712
586 348 936 52 811 850 135 359 236 655 733 848
51 463 404 700 107 208 940 817 406 911 522 912
51 13 436 169 467 810 552 945
237 45 871 860 411 407 653 269 843 684 217
135 93 867 107 593 429 538 303 388 524 135 9
415 462 36 351 653 403 42 920
289 110 944 182 176 553 89 892
115 671 892 290 205 612 607 151 50 643 520
597 358 111 425 153 593 763 822 421 553
995 323 988 116 934 471 500 475 450 753 240 372 409
639 889 673 334 657 395 941 108 393 60 78 664
935 553 623 704 89
254 233 618 325 373 127 369 543
917 673 347 104 407
690 509 301 293 931 858 173 796 272 403 346 800 946
794 682 577 438 169 830 810 574 2 716
852 822 123 342 560 950 271 761 203 233 36 738 547 22 991
785 544 862 253 859 154 154 454
724 818 240 297 757 633
328 11 221 874 657 374 440 938 621 286
533 712 795 954 217 112 820 806 246 730 874
88 161 936 714 217 715 519 61 212 474 794 970 731 575 338 697 310 532
910 691 142 224 754 626 293 426 393 767
559 977 387 166 982 628 505 870 625
607 601 431 288 207 505 462 620 290 163 480
299 192 452 499 922 380 931 499
466 942 545 791 332 814 729
581 765 92 549 139 180
182 925 660 274 76 992 604 769 451 971 950
563 227 312 754 920 700 471 474 607 348 850 377 868 726 89
697 131 949 156 334 810
307 507 138 654 175 697 213 573 459 120 92
11 304 656 445 871 408 210 213 489
789 622 283 946 664 893 772
778 326 74 28 354 999 176 874 153 557
366 470 460 575 796 446 281 373 530 417 536 75 939 75 402
57 890 505 774
514 749 950 220 501 144 423 911 160 611 496 643
201 91 322 225 445 880 904 186 80 661 904
227 784 814 210 950 148 605 676 474 783
529 306 926 577 194 105 662 537 869 195 529 976 753 22 12 365 759 674
47 200 983 464 740 909 532 687 986
133 406 439 601 518 61 994 442
450 971 429 53 933 435 275 368 811
881 892 561 95 173 276 266
447 206 252 979 590 119 742 254 376 426 818 343
335 384 555 499 858 742 8 39 280 868 309 315 627
641 523 704 91 39 914 340 211 98 110 976
137 914 610 433 837 178 83 982 386 523 857 637 95 285

