205 572 86 905 520 836 885 826 900
418 341 819 358 846 21
99 174 119 975 15 398 236 848 106 913 31 363 407
730 899 726 782 287 114 379 972 450 595 868
827 32 535 468 768
356 173 961 621 140 343 981 201 221 939
497 624 30 986 10 721 199 916 37 509 268 877 884 656 786 607 247
703 592 327 724
461 652 224 385 724 680 731 177 782
581 348 298 712 219 168 768 100
222 972 217 687 980 228 351 4
317 801 129 381 256 319 80 49 973 172
621 251 74 958 554 198 928 593 83 818
416 830 334 210 931 314 997 293 857
463 651 743 165 40 982 48
275 913 780 589 842 496 126 125 172 840 898 86 956 698 555 191
351 129 984 767 703
561 416 882 559 450 280 854 942 485 840 427 53
755 74 320 746 468 969 663 338 748 710 812 729 804 684 974 1 16
59 816 677 630 444 31 374 435
151 572 293 343
349 362 901 962 999 167 421 546 231 496
83 4 84 529 13 575 486 103 852 612 968 179 197 960 633
967 208 492 414 673 474 108 11 745 776 10 740 462
744 376 468 733 272 54 519 49 36 800
836 497 224 228 531 979 349
863 563 754 774 783 44 662
219 579 800 70 734 105 580 124 890 168 866 164 837
44 582 358 270 501 687 136 222 582 593 507 844 917 892
70 429 736 242 666
208 887 152 256 955 564 268
234 775 274 428 350
658 743 460 336 68 285 27 680 402 56 283
803 870 83 341 881 492 240 146 71
910 918 179 784 451 81 61 391
11 736 807 84 296 477 938 830 670 594 79 452
503 702 859 95 540 440 697 80 39 135 61 438
38 658 645 195 209 621
234 374 559 158 830 749 50 990
743 293 853 136 456 719 181 178
953 607 905 833 796 362 995 249
202 125 161 526 221 791 430 497 99 25 199 698 269
69 711 521 40 880 942 403 889 22
208 70 385 638 76 971 618 742 539 240 85 322
94 372 53 220 550 493 791 506 97 412 851 106
510 554 857 986 246 524 723 607
784 713 977 414 630 105 80 627
469 119
839 416 267 761 694 175 164
977 911 871 583 611 798 423 706 80 772 736 563 772 737
15 980 240 881 367 452 600 180
914 644 138 265 571 866 668 173 335 253
221 938 2 327 22 354 117 935 740
497 946 331 321 117 108
370 685 36 898 779 3 886 524 196 292 763 480 743 518
713 981 573 373 871 767 309 132 267 407 625 73 422
676 24 159 824 836 854 301 758 300 240 862 483
485 296 242 41 724 210 183 825 245 782 673 954 372
125 38 679 431 293 191 608 281 503
589 224 324 113 939 952 813 95
486 572 976 526 351 114
995 29 976 17 921 272 835 7 412 574 154 238 499 854
244 711 638 761 24 453 518 967 88 328
235 607 367 467 455 173 137 576 884 805 524 804 1 995 486
294 999 167 814 223 721 455 515 581 511
54 10 825 658 527 852 520 655 469
494 844 30
893 926 511 301 789 272 480 903 833 233 715 2 829 383 651 206
681 630 711 241 179 709 258 990 766 6 584 867 584 113
111 307 89 140 295
579 468 379 699 205 543 270 635 404 248
387 271 506 947 487 985 643 720 994 461 49 157
231 155 971 290 16 610 435
386 959 741 520 690 805 528 513 714 933 524 355 178 519 347
347 894 130 602 867 838 144 199
512 798 922 830 316 401 172 246 105
29 608 8 704 930 381 466 426 449 832
697 677 894 848 447 546 448 399 805 350 160 720 703 468
411 765 794 705 480 929 761 541 98 827 746
888 107 628 745 936 81 292 246 967 486 884 12
900 573 207 55 781 940 177 685
748 994 380 121 627 337 567 707 373 458 642 42 570
325 894 684 472 218 196 682 36 793 568 184 384 795 591 618
370 197 195 149 277 720
623 813 665 237 611 272 275 886 403 947 727 879 18 629 117 950 148 54 945
720 701 246 822 962 420 123 553 74
88 137 102 581 789 806 201 124 127 985 979 742
836 402 776 656 959 519 70 964 424 725 939 375 569 518 97 133 997 563
465 329 313 900 402 595 443 273 540 74 979 835 422 877 893 358
659 993 149 91 702 729 609 265 787
802 280 893 923 784 84 107 875 723
224 477 472 1 601 58 223 197 169 814 287
792 211 127 877 14 417 272 855 597
844 10 532 351 609 305 455 675 157
149 585 155 649 303 643 382 714 254 951 8
588 49 625 125 839 15 507 341 952 705 749 294
400 494 983 314 988 35 798 495
488 944 675 33 898 501 504 638 503 631 219 708 636
465 1 540 885 268 578 516 427 441 699

