528 268 816 511 245
747 904 545 887 219 60 648
552 114 259 189 867 602 560
842 985 97 717 548 352 498 361 98
105 942 892 669 670 307 734 541
551 182 720 705 636 256 4 906
296 927 812 601 396 903 718 407 670
687 618 737 250 251 43
52 607 467 707
344 17 845 0 898 254 736 520 529 693
80 6 663 595 387 866 301 704 587 853
568 812 37 275 36 221 290 825 591 888 862 854 609
671 398 478 799 68 630 452
967 196 665 415 264 228 772 690 237 78 172
738 837 77 363 874 243 195 431
277 960 579 295 121 15 81 400 155 907 450 661 840 537
322 278 173 113 264 680 431 215
978 375 283 124 449 627 164 849 523 898 301 885 71 970
118 797 200 478 351 570 840 287 955
659 751 921 721 161 346 632 338 748 937 554
149 819 785 575 410 297 264 791 347 314 513 742 633 757
113 984 723 768 702 373 683 593 384 759 385 602 785 331 886
101 132 961 427 672 347 230 479
212 71 375 254 622 149 346 993 674 750 420
785 464 890 48 30 327 652 666 183 31 38
511 210 727 827 845 123 28 248 256 29 214 6
250 713 862 384 201 205 782 731 396 695 633 79 947
571 71 682 5 747 874 317 228
701 261 766 649 638 259 209 950 715 527 37
937 300 989 771 225 853
426 751 819 730 905 335 826 183 347 155
126 629 292 332 630
841 431 622 583 898 101 994 395 291 852
307 245 368 378 517 389 633
799 579 597 138 13 15 969 469
221 829 656 961 187 276
776 245 607 406 274 220 703 324
994 488 217 465 675 677 334 758 759 599 221 223
279 472 805 62 535 405 677 872 887 303 181 906 315 146 670 411 538
524 603 628 370 289 350 896 760 438 305 500 834 38 683 824 174 242 44
391 382 610 691 254 34 213
586 899 15 38 973 84 475 380 18 343
669 445 349 401 147 667 48 233 853 493 712 247 905 673 963
411 510 124 195 358 769 101 21 999 987 79
215 180 587 761 676 737 226 408 797
339 796 269 443 69 691 29 851 458 84 224 322 634 965 389
52 297 669 458 460 601
141 660 527 521 659 894 637 21 39 642 832 785
829 15 378 365 984 418 377 413 325 341 682 696
489 425 961 633 445 629 58 604 574 810 272 83 770 272 856
221 415 258 632 999 981 591 299 738 903 810
187 843 325 931 507 34 795 502
675 489 488 134 906 45 374 867 754 490
710 956 728 227 161 966 877 724 542
749 276 423 616 230 338 873 222 793 567
755 947 53 851 364 599 528 36 150 725 316 893 483 423
54 929 402 666 199 534 783 524 484 980
785 209 128 331 475 816
463 416 330 326 317 864 380
888 484 432 15 318 768 547 430 773 340
728 145 110 708 750 996 793 9 326
231 649 711 138 947 130 735 807 499 866 675 840 601 846
436 836 771 420 446 128 836 269 885 251
859 606 304 899 691 83 64 490
789 353 651 281 209 323 894 115
513 141 465 434 207 478 893 128 659 491 853
607 141 283 620 568 872 56 452 667 512 806 148 308
342 675 456 495 488 255 678 95
355 102 236 299 329 8 428 78 904 119
690 719 822 336 736 884 988 949 780 588
841 148 410 384 922 85 147 536 347 687
925 465 225 804 151 322
391 425 743 48 506 933 125 386 355 295 418
742 962 354 439 908 627 25 139 629 13 463 774 10 18
134 884 863 597 77 825 960 946 587 959 688 868 361 174 147
134 952 286 732 489 41 484 553 396 468 342
220 297 741 339 84 234 477 889 973 349 694 945 646
523 216 116 558 813 436 287 643 741 400
438 425 486 495 157 847 485 674
18 970 449 449 304 774 152
937 607 207 594 53 685 159 261 552 951 672
638 438 110 35 834 686 359 777
644 303 39 354 304 935 999 879 493 642 760 118 726
970 903 825 455 581 237 984 767 123 722
272 592 151 236 735 521 836 385 116
787 684 94 245 355 349 75 92 938
707 345 289 938 47 614 85 364 213
892 319 401 649 36
285 65 417 333 215
972 712 596 527 527 986 444 450 903 880 824 428 966 985
799 852 170 536 283 168 930 984 557 342
623 127 881 599 465 793 257 0 184 675 746 349
344 419 763 634 277 828 490 383 400 670 588 554 482 498
85 546 275 168 662 811 789 991 713 602 641 510 548 862 730 560 677
400 937 542 451 115 685 16 111 764 155 77 306
896 877 778 872 99 735 754 973 348 265 519 415
419 313 856 575 737 696 267 442 29 928 229
841 789 709 664 353 879 690 695 96
499 159 834 374 492 89 677 856 506

