604 947 917 128 829 842 694 654 352
286 377 492 323 795 438 292 573 457 895 667
387 573 485 430 721 923 590 907 944 57 8 334 73
972 91 715 881 579 283 562 869
375 233 36 705 433 859 326
715 743 670 725 663 294 879 200
523 894 922 147 579 510 934 933 211 939
984 339 529 209 582 954 435 104
18 773 740 801 280 781 182 345 154 373 925
305 528 981 849 908 883 753 924 512 782
141 782 279 320 46 722 112 33 231 830 533 183 24 654 965
634 930 289 506 323 195 81 788
657 809 264 352 803 572 83 279 312 192 797 578 951 390
827 44 741 265 515
743 383 747 695 91 48 628 887 519 610 253 918 339 596 327
123 46 593 761 347 818 704
4 158 93 779 154 522 972 36 19 953 948 893 483 447
439 720 169 55 950 775 926 292 156
913 186 140 630 464 96 785 485 621
937 803 510 806 266 845 684 259 240
945 970 42 688 339 264 367 94 649 148 396 182 49 619 368
434 779 963 285 180 23 373 337 798
228 695 790 460 399 268 975 76 94 50 728
389 611 487 559 28 257 764 53 345 730 519 423 97 660
853 86 821 712 706 543 924 404
336 467 580 702 519 920 269 957 849 774 819 962
436 467 21 454 906 937 873 499
94 939 194 647 910 165 486 814 993 641
175 480 287 798 469 780 457 321
576 378 518 115 141 995 777
890 528 409 568 828 746 381 587
849 851 240 396 431 645 772 375
495 814 863 782 713 59 373 51 943 323 414
797 472 366 529 325 840
447 685 85 413 507 626 221 552 169 19 211
809 877 787 860 65 823 116 446 734 288 80 256
22 572 778 681 265 448 343 144 565 745 720
480 477 959 424 575 586 51 541 72 940 493 396
562 560 922 491 11 28 825 985 790 72 515 265
135 294 345 867 759 301 958 790 779 448
51 628 50 236 25 16 812 403 620 351 580
462 864 984 820 583 136 725 206 84
998 426 847 357 68 193
565 188 726 734 815 56 114 495 514 34
239 751 872 731 461 468 608 471 575 959 779
976 794 288 682 730 121 103 509 550 96 399 995 313 962
343 124 684 386 410 270 17 10 928 687
677 202 183 479 157 484 861 277 631
828 481 657 889 950 774 261 733 61 251 432
670 277 469 747
883 846 602 63 207 595 705 616 955 22
319 909 790 88 746 132 390 16 529
478 107 523 858 613 77 261 311 74 342
836 701 793 194 243 766 833 395
513 975 85 555 702 633 902 963 58 908
995 695 931 952 862 331 112
470 954 727 776 63 36 313
140 765 743 95 785 453 648 778 433 643 102 98 40 354
735 639 793 726 190 510 887 52 373
292 983 425 462 897 753 77 144 900 935
686 708 798 388 226 698 969
677 509 378 163 456 966
591 305 996 447 504 542 804 511 171 773 894 874 462 504 317 931 129 689 905 825 961 264
844 201 989 429 457 90 390 685 282 448
415 144 476 553 990 936 57 848 522 294 196 654
564 927 539 387 619 299 702 400 303 239 157 945
444 680 512 222 766 494 176 169 530 650 16 20 442 614 288 892 958 492
845 654 924 507 335 494 242 934 684 89
180 893 294 470 678 12 301 377 705 982 457
551 876 21 832 271
60 34 546 947 17 344
882 26 952 790 834 486 372 915 61 258
567 39 763
2 463 441 400 164 718 722 88 858 687
508 367 637 579 470 805 520 500 347 425 416 377
854 198 114 146 244 770 935 575
997 628 459 880 613 946 25 206 995 515 723 41 89
883 892 910 234 625 880 499 823 27
75 47 271 826 212 60 741 628 721 97 17 255 351 844
818 910 412 694 15 822 756 98 397
950 252 215 12 202 85 130 852 553
282 139 658 506 617 414 652 679
119 285 481 343 458 703 544
788 666 476 195 836 800 634 165 186 687 793
811 757 966 261
375 294 279 179 783 843 28 157 85
23 981 796 170 866 44 862 512 255 371 534 312 812 34 796 183 29
150 857 134 685 273 49 100 934 140 589 402
335 208 285 121 162 671 982 527 69 349 331 817
919 789 940 159 869 63 373 244 283 0 2 232 798
921 114 222 24 134 417 789 301 819 920 966 33 86 470 830 61 878 752 473
812 81 488 644 10 840 161 127 857
284 827 674 575 587
824 309 397 939 150 873 251 869 319 704 480 68 657 639 858 631
916 817 974 988 927 986 601 432 851
442 188 659 329
311 805 253 358 379 128 509 538 638
348 763 785 562 353 6 952 349 840 285 182 637 543
194 183 890 912 693 923 803 817 154 935 696 72 508 453 794 878

