531 941 963 912 33 833 384
100 846 834 869 974 216 27 140 292 219 996
669 156 783 355 241 923 920 645
582 934 57 683 925 929 483 203 142 612
849 10 870 250 143 116 960
213 828 616 137 500 709 70 513 132 74 223 621
44 769 685 807 143 761 990
992 108 295 855 130 342 855 655 797 150 849 904
299 628 542 135 199 12 259 17 962 159
769 753 822 245 787 876 606 78 959 707 448 468 481
688 442 924 553 439 767 834 623 161 643 526 650 610 821 46
571 237 910 525 292 797 448 8 216 39 374 909
513 343 998 669 836 284
324 381 512 304 352 398 987 664 608 666 39 422 449
721 811 160 902 434 853 169 52 534 645 824
259 95 426 324 553 975 55 599 546 499 141 736 785 643 311 946 243 192
954 275 754 526 268 12 918
592 920 303 569 998 170 335
658 147 76 933 660 649 110 696 904 695 440 130 446 582 318
818 578 370 906 673 462 487 770 293 600 995 56 582 360 544 588 643 870
441 531 246 512 583 690 331 333
41 628 20 253 810 443 88 326
327 44 21 638 929 162 687 989 661 812 735
791 779 386 995 846 479 805
969 628 920 224 553 322 850 113
460 781 50 623 53 402 48 889 797
251 367 443 430 848 375 364 405
55 491 827 940 886 587 243 658 903 677 341 776 572
963 407 362 992 63 272 199 519
86 600 248 193 812 823 750 813 437 675 271 111
844 199 613 287 133
691 560 915 816
924 972 807 485 812 918 426 924 606
878 468 66 288 397 450 609 772 24
574 301 838 408 525 826 703 968 794
60 267 239 819 448 386 685 850 727
781 531 788 266 994 783 462 136 683 370 283 295 764 355 402
228 768 630 231 694 31 138 788 991 614 484 743 344 393
594 926 240 969 589 886 346 97
900 269 832 933 31 96 918 692 762 981 22 617
580 200 869 445 351 928 117 935 650 864 41 701 893 186 116
616 387 342 275 996 478 362
868 87 697 410 967 346 110 488 312 30 32
27 844 450 489 513 676 866 196
639 454 364 690 795 885 38 842 267
190 809 293 567 118 732 403 175 570 279 55 493 967 211
67 636 989 933 750 371 390 145 592 201 19 442 250 947 707 160
571 434 598 513 469 210 140 861 382 862 352 157 968 959
269 88 545 270 531 330 182 732 745 678 716 627 747 935
895 424 852 917 450 407
872 563 741 207 830 211 911 840
640 761 857 936 216 881 907 260 479
12 806 904 265 896 272 475 611 310 464 659
144 840 479 969 794 370
101 117 621 673 865 212 229 447 537 452 236 19 879
296 494 512 914 710 485 270 200 90 685 311 512 82 455 369
262 733 873 503 314 217 38 518 352 511 458 783
560 929 61 122 238 2 433 400 585
172 495 281 577 129 341 252 859
411 160 716 236 315 743 421 342 262
477 922 586 451 582 504 844 565 421 701 139 485
467 0 531 994 503 25
276 351 886 964 229 675 606 470 680 730 397 413
595 777 384 167 265 983 57 486 974 547 943 254 67 447 679 272 54
145 530 842 621 745 449 915 453 218 575 180 741
814 875 804 786 108 549 54 62 410 893 999 611 585 28 427 813 561
682 824 560 2 204 91 598 835 727 320
20 254 740 360 907 901 671 181 93
555 864 846 406 139 731 18 460 283 385
723 135 431 122 927 645
716 205 305 627 881 237 14 53 818 546 738 239 562 871
242 554 732 213 614 823 160 520 429 892
53 321 239 241 239 522 820 157 761 885 399 721 945 901
892 631 319 491 795 757 383
313 392 324 4 828 580 129 266 7
739 569 741 918 111 854 879 397
4 616 306 9 751
470 769 826 230 528 846 915 768 354
322 159 277 536 424
78 143 746 698 509 864 353
185 81 87 434 97 180
730 480 563 407 947
673 174 45 75 549 234 315 682 278 74 674
182 943 503 22 394 0 602 413 527 916 296 111 511 703 319
574 802 862 841 96 647 421 764
483 998 447 543 129 400 748 298 216 740 883 656 478 786 448
379 417 513 832 687 879 187
645 190 384 880 514 146 84 423
350 107 264 897 842 998 872 501 64 518 585 892
9 102 794 392 919 224 758 529 506 130
713 676 834 36 948 626 430 7 309 852 294
81 784 926 981 138 138 679
501 261 882 340 523
451 219 31 984 72 908 779
655 860 873 868 343 463 733 226
35 394 275 871 3 862 421 445
620 63 368 530 494 794 83 516 438 102
752 196 697 540 953 725 76 436 763 341 795 152 899 117 234 912 635
829 771 545 130 362 227 459 116 179 722 953 562

