793 224 659 140 573 683 648 233 85 285 197
653 759 984 965 983 542
575 709 678 701 136 44 641 842 575 814 295 270
623 756 883 298
936 386 160 680 820 875 303 480 857 195 728 580 470 281 627 289
603 428 289 314 677 592 958 305 708 407
995 256 789 55 99 596 268 961 752 58 287 405 184
420 447 956 462 649 96 113
200 665 515 145 318 62 847 57 522 577 279 562 570 116 641
61 54 907 435 873 627 962 410 140 180 266 605
841 204 924 407 917 77 8 521 151
111 168 696 897 866 296 801
214 627 800 996 722 696 968 918 374
658 798 217 377 947 57 928 102 785 962 213 52 634 839
364 234 18 509 809 616 938 534 898 634 146
903 435 501 92 438 380 457 897 974 893 419 599
729 972 475 764 971 79 318 949 423
814 424 134 696 664 297 829 301 869 22 934 370
898 75 783 303 548 536 379 478 434 953
274 142 851 785 116 144 8 6 251 829 816 46 327 810 232
42 705 590 8 727 703 515 74 47 222
874 792 497 2 564 199 964
984 151 219 844 450 844 976 706 536 25 500 486
249 953 431 662 208 683 833
963 208 77 63 874 813 299 472 29 126 72 53
472 362 174 104 915
272 253 112 626 543 285 787 752
819 942 10 434 503 535 255
526 705 106 704 441 532 945 922 498
375 345 148 158 390 833 808 146 580 463 239 675
515 493 353 926 514 28 366 698 113
844 485 496 610 976 292 979
887 682 204 88 645 262 417 276 564 926 821 127 693 591
318 50 957 225 173 676 631 632 884 587 479
582 300 911 943 966
103 169 571 311 819 704 991
113 551 953 199 577 533 918 334 320 548 366 208 390 684
982 88 652 394 640 712 870 65 356 5 652 921
899 652 310 912 904 289 59 252 149 237 324 755
110 953 205 724 306 762 710 854 412 159 681 429
719 387 32 352 24 786 535 522 950 264 380
997 401 836 623 202 887 806 360 983
473 915 328 808 512 222 124 284 22 66
626 709 359 668 157 682 135 304 171 853 43 106
625 292 910 664 871 22 797 137 705 234
299 953 764 18 589 357 442 740 187 469 791 373 666
319 754 767 904 208 100 513 572
100 948 438 891 948 75 266 562 784 71 420 531 391 109 285 778
993 137 292 397 637 391 915 487 337
509 111 517 394 929 138 671 222 249 14 803
715 496 238 995 20 107 565 578 475 793 635
19 403 73 673 488 43 521 577 761 236 987
609 128 999 541 522 428 765 374 317
589 901 851 281 594 684 472
669 141 203 683 307 856 684 319 569 741
558 907 237 851 872 268 205 292 369 832 850 56 869 818 8
332 334 926 344 47 763 571 889 654 478
329 461 30 673 444 464 6 643 731 939 637
338 930 751 326 128 936 154 44 351
580 73 77 19 723 399 737
191 90 538 255 433 916
202 264 643 391 981 986 872 709 447 380 67 832 288 438 687 251 467 967
845 696 719 966 365 764 344 10 729
36 128 476 756 741 369 47 811 426 419
317 97 382 63 135 88
622 804 335 544 890 49 790 667 87 564
849 294 291 614 706 497 420 1 392 505 455 103
95 772 310 981 837 697 403 885 511 469
232 689 821 520 314 437 948 296 882 815
816 743 872 11 111 806 374
911 437 199 921 164 935 775 125 684
685 15 426 529 352 917 915 181 362
881 532 756 369 380 172 416 922 143
670 99 557 48 152 49 152 45
897 443 576 757 979 455 593 620 648 317 367 767
592 567 592 254 952 0 8 908 105 219 777 152 566 26 262
692 695 98 971 160
74 313 504 837 608 383 807 887
448 572 170 499 951 833 393
903 722 384 948 634 840 310
656 193 121 632 259 69 574 482 342 740
510 512 638 557 836 39 297 490 985 641
377 154 607 667 220 845 260 819 523 354 511 37
956 955 363 64 502 474 86 19 661 14 66 726 191
500 905 170 215
253 414 313 236 999 341 327 841 723 76 936 782 988 929
481 635 987 181 51
144 86 487 309 514 35 553 364 352 707
397 223 618 109 206 589 581 594 167 2 526
468 501 164 63 138 797 75
266 590 467 838 363 448 525 77 282
150 601 723 422 524
323 930 505 490 484 826 95 748 928 800 457 10 841 552 984 916
138 216 610 576 360 231 786 525 675 37 586 235 612 564
530 133 162 899 515 806 888 491 929
289 964 297 672 771 764 378 7 641
82 928 370 756 930 439 936 192 308 866
532 735 468 159 87 577 528 642 999 685 154 237 737 245 727 435
818 978 745 570 272 439 770 312 461 73 231 483 392 5

