633 964 825 747 885 542 924 508
307 629 977 572 915 299 556 204
225 63 988 218 645 469 792 83
376 400 590 19 339
743 967 119 189 245 22 724 331 21 2 750
928 607 341 41 299 527 179 16 195 820 553 972
155 146 391 806 624 414 889
173 692 373 319 719 509 392 867 481 662
153 718 835 640 807 713 623 194
494 387 191 597 219 868 13 22 650 640 995
322 152 889 284 733 526 889 997 484 762 280 652
432 12 154 676 84 59 961 502
631 806 498 279 744 760 768 373 736
39 211 735 969 594 982 759 726 378 141 682 661
584 700 699 312 844 159 570
257 628 543 146 992 88 735 27 812
936 705 386 619 351 91 422 668 654
821 157 147 292 774 395 69 984
184 653 816 54 620 432 324 957 799 907
996 144 264 811 903 24 779 210 190 542
387 199 501 326 729 195 964 609 396 787
904 86 277 167 850 842 400 442 117 853 658 664
410 562 576 812 425 691 89 745 663 767 892 317 375
552 661 432 59 644 5 709 838 354 104
845 820 832 240 38 788 3 437 305
326 646 153 214 814 47 443 699 203 302
770 539 381 557 178 760 683 391 750 655 990 584 600 652 814 281 324 114
291 736 408 586
962 335 8 919 767 14
936 525 399 694 162 653 850 994 751
598 639 350 806 714 731 273
428 933 140 518 161 686 582 841 535 835
546 223 845 719 306 659 762
50 715 264 987 874 306 119 10 841 631 510
196 485 317 326 643 430 114
502 283 491 737 140 849 600 215 731
779 576 813 330 678 261 407 579 625
722 12 352 852 87 609 555 813 714
917 117 669 263 717 780 209 299 13 898 555
952 224
958 527 241 944 898 468 940 415 779 185 364
607 619 146 428 905 573 292
244 616 694 982 835 694 334 572 556 12 344 454 269
795 195 332 279 416 734 389 237 0 949
496 817 885 518 238 501
279 735 800 254 504 853 610 307 910 574 101 158 671
974 90 75 651 564 801 982 672 510 163
359 389 554 684 176 952 518
726 807 552 180 184 755 163 478 401 580 758 685 621
535 740 172 65 722 768 400 695 364 959 604
245 164 204 942 190
935 514 748 196 909 52 623 137 242 773 896 604 569 623 721 342 436
672 488 808 584 915 526 920 695 180 420 797 274
439 156 256 915 569 432 830 993
89 273 214 114 501 141 820 2 957 166
963 389 92 55 817 772
401 786 863 333 840 350 815 894 817 724 128 566 42 658 675
92 298 995 106 11 279 700 682 560 920 953 900 21
769 165 178 563 146 704 550 291 323
557 604 588 209 433 959
809 24 481 97 434 588 423 981 306 484 411
813 566 980 522 74 807 316 229 988 932 33 199 64 847 32
162 903 449 302 163 357 188 85 335 416 889 610
243 31 887 944 409 354 566 345 577 835 424 753 684 29
586 461 144 295 45 114 293 281
245 30 851 255 890 175 187 552 774 871 932 358
841 177 403 274 455 60 917 978 408 315
992 949 922 253 223 757 391 589 838 903
176 894 865 734 676 853 957 127 395 119 203 696 52 302
337 805 965 462 830
534 787 565 97 120 471 573 441 727 582 338 421
202 453 757 818 386 821 263
560 320 863 919 92 885 233 507 17 703 853 888 909 91 101 631
487 440 48 600 610 559 171 405 877 25 26 250 610
214 563 871 332 963 119 107 786
670 613 693 293 101 336 491 90 99 273 946 593
806 472 541 426 647 439 428 186 38 2 176
795 369 697 663 706 348
727 410 926 852 417 438 431 167 296 651 898 96 474
497 777 717 981 883 321 12 148 314 239 642 576
581 340 749 920 169 771 520 754 700 679 469 750 419 916 817 896
332 913 706 730 905 313 418 356 482 59 327 277 547 962 132 744 553
247 427 139 715 488 824 113 90 442
351 935 223 659 623 893 58 165 255 168 31
753 623 129 410 893 273 884 188 936 659
899 591 646 323 76 508 523 243
878 173 309 139 592 552 947 878 324 455 347
406 254 814 531 243 76 656 988 25 51 917 830
897 796 521 263 269 759 595 523 42 923 230
730 549 925 922 502 258 187 234 0 315 294 626 407 802
935 789 906 475 825 647 8 779 383 506 278 327 393
955 987 757 760 494 948 921 955 450 268
136 467 219 843 556 566 741 815
236 489 418 765 120 350 874 45 377
10 101 816 201 345 986 61
857 171 948 794 342 706 995 753 649 623 61 386 317 334
865 32 381 600 648 647 457 912 523 582
112 906 803 88 388 72 987 912 640 401 326 398 228
684 148 14 938 848 325 910 288 19

