680 541 20 802 345 582 491
800 424 840 747 972 644 126 227 227 238 351 565 345 738 269
130 335 256 932 721
587 779 21 935 782 896 294 664 95 945 342 921 536 213 871 675 292
396 55 286 727 440 247 386 576 612 902 983
972 556 136 641 230 451 735 700
578 494 120 602 151 661 455 276 811 577 161
676 668 976 160 767 857 730 419 354 548 698 805 189
541 359 300 369 843 903 966 695 399 747 387 444 378 294 81
603 554 14 461 738 333 535 906 49 510
489 156 318 12 915 488 459 642 833 994 570 8
6 498 987 628 465 880 835 394 397
386 794 756 573 233 986 251 658 18 350 636 404
176 311 323 568 998 230 331 481 795 901 942 759 511 331
123 476 289 249 200 443 534 528 384 440 44
689 642 738 408 906 501 278 266 209 244 459
579 501 740 138
274 913 598 122 542 873 647 891 185 62 643
396 844 133 950 12
876 408 808 882 2 188 963 369 184 371 12 487 187 584 649
891 701 802 840 682 814 488 175 316 153
368 834 483 926 896 21 153 50 267 645 643 969 333 307
529 536 9 720 923 556
52 79 716 258
343 483 492 370 383 375 966 621 297 185 654 715 340 715 778 347
857 84 248 357 73 456 655 231 296
651 748 574 789 117 984
92 606 472 254 824 432 687 623 856 645
884 976 966 332 565 736 469
689 866 590 27 656 760 946 463
358 940 117 736 214 23 862 943 737 78
418 954 326 448 284
575 585 694 670 351 627 979 615
509 809 349 902 797 36 183 734 308 978 5 686 859
40 690 372 417 444 721 538 501 450 805
476 185 47 15 331 805 881 753 94 766 362
934 822 709 817 166 758 625 432 507
62 412 365 678 324 634 510 625 423 479
665 194 328 92 911 810 911 531
963 945 529 476 338 715 654 792
723 52 0 592 637 174
383 324 439 430 317 65 122 703 332 260 414 748
39 149 784 724 807 227 729 478
58 996 517 229 792 693 164 426 541 943
447 775 105 801 75 698 460 957 894
444 585 279 176 354 927 395
257 773 38 185 442 795 522 421 447 222 530 965 727
78 339 8 691 323 308 646 94 116 138 349 663 956
617 903 922 705 81 273 596 455 624
996 310 908 352 666 213 939 438 6
254 731 15 77 892 892 919 101 948 457
865 661 679 452 519 131 23 978 763 715 979 413
159 767 307 329 43 37 105 539 506 65 979 85
542 469 43 929 0 580 557 580 572 748 217 712 641
872 173 845 12 682 248 822 343
316 615 617 773 225 467 825 914 620
58 552 86 364 478 561 579 359 699 615 821
813 383 383 635 874 841 113 731 422 868 335 431
617 237 92 183 654 488 186 200 53 932 381 494 672
523 94 81 42 313 590 137
247 421 625 304 105 707 116 488 605
211 345 80 769 934 224 303 214 378 352 530
702 968 765 679 739
195 867 875 454 826 362 830 221 437 638
340 709 483 373 404 206 192 598 188 277 944 71 430
736 310 961 949 35 450 534
774 99 526 568 823 873 837 834 204
816 707 576 779 586 615 589 275 518 458
983 732 643 346 660 231 926 810 450 896 280 481 38
143 936 891 833 280 575
126 351 271 228 551 546 969 161 266 901 140 23 285
908 328 187 72 59 0 939 464
63 599 239 224 699 590 949 84 562 554 4 199 184 863
358 816 779 472 345 48 499 650
460 393 875 181 178 78 863 400 710
684 530 577 7 13 580 673 849 748 336 251
174 500 18 806 832 191 294 386 659 101 585 181 963 604 327
521 892 346 53 60 967 381 503 427 687 77 605
227 987 692 326 297 56
253 620 135 916 712 236 335
427 830 92 611 21 509 360 106 874 729 531 283 167 325 466 130 802 880
473 696 612 428 682 60 594 339 247
970 670 382 385 571 18 268 656
695 418 137 419 986 182 517 439
78 386 532 550 182 109 787 950 661 970 987
479 110 171 373 995 794 480 859 441 596 566 62
522 266 306 873 557 121 898 136 65 664 937 393
158 944 134 627 36 594
208 670 614 267 298 496 193 898 299 24 507 567 370
479 686 576 635 948 397 667 821 341 782 647
381 141 327 17 938 823 39 563 353 649 914
520 495 809 593 706
820 863 38 551 565 66 46 132 970 423
535 89 608 737 720 720 746 511 703 235 8 169 722 638 11 849 953
859 20 496 648 613 99 42 639 308 60 722 994
545 209 140 400 324 520 378 389 525 767 733 455
60 501 71 188 57 288 821 392
218 39 386 175 301 544 331 422 188 697
527 979 466 481 984 978 854 45 714 801

