260 942 101 371 864 630 495
992 510 813 220 70 632 94 219 73 797 543
960 792 33 869 574 662 906 97 594 582
100 748 728 720 44 243 467 207 901 683 140 712 982 861 947
596 776 77 509 740 482 473 476 138 101 773 227 626
446 441 784 478 497
237 479 46 888 790 91 509
396 845 364 887 978 424 432 981 736 582 172
54 704 981 128 96 777 398 152 158 802
793 776 980 903 398 399 808 539 338 550 767 166 420
86 965 865 367 654 532 764 176 566
537 663 583 540 677 710 973 442 622
618 319 849 278 672 409 61 347
865 762 790 680 438 71 134 269 924 246 433
779 363 614 930 217 306 627 389
446 958 306 131 561 577 562 340 556 396 823 319 413
262 104 834 437 412 334 502 673 324 289 38 586 812 673 411
818 250 749 607 181 431 835 722 397 963 573 583
754 981 94 494 132 409 861 570 126 267 680 50 859 696 967
710 149 310 81 903 45 905 425 6
925 591 495 946 220 928 629 725 12 731 111
684 204 840 324 520
581 530 366 84 539 414 568 751 115 372 2
98 1 550 170 885 778 301 651 709 423 85 134 949 283 506
374 434 676 504 813 875 693 156 889 494 506 921
710 205 214 887 912 719 497 628 621 878 585 974
616 776 120 53 758 547 868 336 259 377 927 160
614 590 753 734 793 131 763 203 344 433 214
316 913 900 492 628 459 266 47 733 914
870 603 167 195 322 826 635 868 34 648 439
84 868 310 620 733 675 506 372 487 435 390 102 886 243
656 722 490 989 464 641 495 796 644 587
717 115 385 581 170 487 991
995 557 581 203 751 785 124 101 31
301 532 220 348 55 995 713 625 916
40 268 753 523 949 191 356 303 22 968 6 850
334 858 446 876 366 786 932
215 735 473 777 85 878 235 584
747 720 939 806 578 922 917 215
276 42 213 514 604 926 544 778 108 523 152 96 661
813 369 383 258 833 913
779 262 680 864 591 627 125 341
336 973 229 840 26 908 931 369 310 268
908 418 369 79 368 399 139 518 363 966 404
402 629 453 24
114 823 226 184 807 637 13 48 824 298
363 291 45 812 180 952 824 382 562 416 72 108
551 658 557 677 426 854 684 107 372 523
818 338 349 454 587 888 76 449
659 863 757 621 876 314 470 707 137
706 777 694 988 549
475 877 781 480 934 551 286
338 9 153 965 183 842 149 681 900 298 262 405 867 280 742
228 735 365 976 431 320 895 274 476 218
152 74 373 264 506 374 43 113 800 103 54 817 16 960 202 367 901
612 707 790 973 602 292 230 0 190
812 139 773 37 532
995 902 861 345 353 827 543 201
91 982 343 720 120 702 601 478
125 704 799 123 580 728 849 620 942 121
782 173 920 185 980 209 345 970 679 484
732 906 621 605 247 781 931 372 366 684
870 829 258 177 366 423 37 407 444 84 512 679 585 362 215 780 523
101 383 314 757 136 369
287 844 172 44 323 970 471 171 918
324 908 506 740 559 889 231 56 643 570
924 702 513 709 184 903 28
470 826 709 799 784 66 822 540 963 123
66 533 956 624 471
569 842 45 538 669 660 150 633 872 461 292 127 801
291 169 597 754 165 929 940 554 784 648 849 66 187 118
473 561 162 770 677 531 567 970 42
785 449 4 811 103 840 421 335 649 265 97 880
394 740 811 51 874 552 573 103 950 720 705
778 725 459 232 901 466 221
799 235 148 84 406 9 485 53 603 45 251 954 475
832 20 237 855 771 896 241 608 807 997 66
184 826 446 513 42 684 109 351 848
96 366 890 589 101 946 591 978
939 484 774 922 26 550 437 536 846
888 463 740 93 983 537 202 556 935
517 815 635 812 59 913 999 586 461 151 968
945 634 180 402 791 266 205 747 465
167 89 487 269 401 484 220 268 742
936 29 213 704 367 504 601 732 885 173 228
238 239 283 718 818 25 325 513 957 765 53 89 725 326 764
805 691 916 690 225 236 448 175 741 2 858 952 203
911 281 870 675 527 871 272 423 414 268 69 403
494 160 495 615 288 218 901 636 464 670 722
349 28 436 393 567 405 127
568 171 734 861 819 894 848 151 762 173
837 947 117 927 268 704 859 865 484
239 914 210 466 759 560 35 981 105 251 689
485 92 711 203 57 775 272 69 207 187 213 815 814
786 803 33 29 933 436 672
181 481 235 207 870 148 977 288 817 796 112 234 294 273 314
635 661 45 556 283 432 987 232 657 127
165 293 199 392 603 701 954 424 466
205 665 57 304 592 194 34 210 954

