457 980 378 548 931 399
387 141 450 336 0 830 976 911 310
715 972 808 32 647 159 425 605 886 713 209
415 71 612 741 689 162 603 29 165 677 292 361
733 409 635 422 410 791 937 355 802
35 101 417 852 487 127 253 134 568 703 844 265
493 587 14 101 813 97 411 260 635 588 13 23 608
564 706 314 236 950 472 940 129 718
947 854 916 206 738 593 792 33 435 21 227 199
971 742 524 26 398 397 773
539 794 138 593 483 9 930
858 919 57 66 331 931 117 306 644 939 815 742 339
655 595 674 896 855 337 448 75 626
960 544 6 644 626 584 789
137 417 103 858 357 577 976 37 304 93 677 527 406 794 703
547 688 376 927 627 910 884 210 932
629 587 836 474 989 591 464
418 126 413 740 54 107
891 4 904 717 127 766 126 315 439 31
161 397 627 217 768 764 332 202 683 662 519 531
252 434 493 579 162 794 275 48 496 973
602 568 879 650 16 672 36
893 23 521 50 957 69
579 398 417 490 650
911 316 806 149 978 242 415
943 373 524 477 822 150 166 983 334 318
279 883 667 974 724 180 16 251 806 827 161 401 102
550 969 872 887 989 316 245 432 384 665 331
760 576 302 292 623 533 380 592 126 16 551 282
595 879 628 145 586 728 494 624 334 19 13
191 591 390 791 80 516 458 440 697 92
672 194 551 441 73 780 532
742 907 968
612 426 409 670 61 163 803 578 228 510 36 901 839
854 727 366 74 240 856 299
582 662 588 11 176 133 543 251 357 432 961
86 4 151 104 330 256 289 113 421
161 120 823 136
723 131 552 232 125 181 294 614 873 344
337 347 393 816 62 552 5 97 609 467 621 308 747 288 128
134 237 462 822 93 538 514 116 99 697
11 461 394 218 151 353 514 958 194 575 745 905 146 179
129 956 112 556 286 732 35 196
876 208 43 620 773 977 112 759 767
459 678 576 676 792 589 196 678 648 299 158
466 904 303 708 646 228 771 810 851 936 640
323 569 205 757 730 438 950 304 947 549 567 153 200
65 217 635 582 519 395 13 728 365 125 423 245 699 575 956
478 787 411 896 215 212 811 164 660 566
890 822 611 528 236 411 314
675 509 643 779 273 165 948 10 512 557 322 889 376 565 259 136
308 239 825 892 322 497 600 170 467 342
406 776 820 389 814 907 162 809 226 877 931 993 487 274
773 975 228 616 251 675 901 989 685 208 902 900
522 938 404 510 71 220
506 252 524 329 571 877 927 630
186 446 806 226 621 759 642
889 729 841 946 72 552 490 593 157 170 713 726 713 793
326 288 439 862 584 594 984 456 805 657
755 640 603 689 198 830
61 273 290 476 968 49 160 278 177 518 821 261 689 200
338 346 69 204 89 66
536 102 544 475 475 880 540
280 282 719 103 857 190 913 709 794 117
965 450 402 942 96 25 60
953 648 983 668 267 76 901 628 584 308 932 212
255 597 861 218 542 966 964 978 284 822 730 639 500 383
300 950 226 579 198 51 753 451
585 553 785 799 873 327 115 874 876 976 53
496 143 8 496 571 289 810 681 187 878 733 269 143 366 71
376 198 247 438 442 627 562 889 379 355 217 681 497
578 333 328 490 669 510 799 805 602
583 851 852 531 441 568 634 66 791 941 171 262 313
626 484 880 477 600 489 714 750 405 364 214
819 499 186 721 627 219 76 878 640 884 556 920
886 36 91 326 286 238 69 406 308 302 492 694 633
929 462 135 439 497 155 526
747 929 657 916 609 967 354 347 631
591 375 119 240 503 846 270 604
323 245 626 122 593 985 128 716
619 902 223 412 490 147 693 124 427 916 757
228 193 904 373 715 250 339 936
169 652 641 1 291
975 404 867 546 144 64 432 147 557
516 484 636 570 458 72 425 381 742 322
519 283 183 219 774 296 670 357 123 422 279 278 559
135 61 778 686 497 406 496 68 690 168 570 813 638 555 214 319 492 835
10 651 217 71 338 333 365
895 458 251 727 384 693 632 808
118 590 740 928 630 663 793 546 412 90 648 644 218
821 262 690 751 9 437 317 555 754 650 279 465 461 487 22 137
714 852 40 763 31 177 662 28 63 508 917 18 966
596 906 496 849 444 441 498 940 829 29 330 672 206 619
105 669 446 874 446 486 821 556 411 310 192
393 609 726 357 675 102 195 537 914
420 185 991 283 58 203 654 415 562 486 34 215 502
129 93 526 824 753 597
809 139 928 126 453 57 57 376 645 271 30 89
544 213 712 894 766 118 258 508 82 401

