923 414 81 246 999 643 280 333 170 32 432 535
686 70 71 768 643 128 339 82 201 242 85 416 410
928 578 894 899 813 779 518 262 564 397 202 448 564 839 214 256
511 928 931 381 641 43 864 882 637 737
343 927 998 736 325 509 774 41 973 504 160
89 612 817 426 993
828 600 976 498 197 245 73 614 657 611 115 443
957 962 946 879 595 766 972 557 483 468 245 429 934
603 24 998 649 838 379 791
405 302 339 861 6 104 558 565 259 904
755 627 25 889 176 455 204 129 553 372 658 236
531 482 44 294 344 99 579 945 111 109
363 95 661 743
315 970 846 448 914 178 921
366 703 439 352 285 894 840 977 387 665
866 430 190 954 871 986 323 484 560 213 10 246
488 211 323 915 435 830 194
824 703 620 173 658 301 685 21 801 286 956 825 115 942
868 879 716 935 45 642 142 255 883 41 706 92
605 573 102 909 105 475 674 785 160 365 481 203 96 209 109
790 482 764 314 363 958 735 920
757 983 487 242 257 420 785 134 320
742 931 647 288 514 805
25 637 726 272 780 465 460 252 838 158
894 325 106 289 161 788 868 646
961 646 117 224 291 333 795 544 724
918 348 274 807 795 710 965 822
999 190 446 944 350
82 741 850 765 345 131 294 620 283 400 588 374 745
975 893 714 919 572 23 846 33 827 90
374 87 383 86 39 709 511 554 621 151 467
917 333 761 94 107 693
340 994 879 851 346 437 663 428
145 845 866 852 249 415 659 822 8 980 407 986 647 558 316 589 853
481 420 751 720 534 100 587 542 346 788 434 499 913 662
96 970 242
413 483 677 775 113 332 908 694 757
242 727 630 302 713 616 353 594 469 80 779 761 100 929 607 147 553
483 923 796 592 128 205 483 160 250 909
166 417 856 551 186 232 539 226
706 85 655 635 547 32 630 719 538 507 7 254 424 717 744
427 905 852 775 488 530 384 625 812 182 809 501
133 425 452 560 826 91 231 893 269 339 522
229 898 798 809 805 971 258 508 719 298 911 368
201 625 301 99 655 712 714 666 395 697 883 182 632 249 437
73 739 861 506 387 86 256 408 205 586
241 987 698 799 801 732 998 731 48 513 340
912 949 770 115 613 537 628
899 901 58 291 367 337 705
324 374 941 661 781 565 881
989 368 325 688 615 342
730 283 141 416 247 865
879 480 636 198 799 236 278 224 382
708 182 368 989 507 661 135 33 702 850 539 972 806 873 381 496 194 516 466 641
333 151 553 820 683 652 44 97 148 890 348 573 58 519 232 238
876 997 654 782 266 274
116 87 889 438 623 363 524 998 698 327 982
631 943 613 996 763
829 761 872 722 623 44 36 350 658 811 454 168 137 27 443
620 892 259 16 122 666 822 294 578 195 614 502
475 53 330 960 169 71 671 364 94 943 982
360 315 389 22 586 915 441 443 939 629 974 175 767 763 105 315
731 667 647 360 225 182 902 406 885 243
98 56 750 749 810 51 215 578
300 34 94 940 62 55 437 891 612 292 365
638 49 78 602 393 483 129
878 703 26 246 830 680 275
413 52 251 893 672 676 294 398 242 321 32
559 514 424 864 896 596 761 170
554 208 757 592 145 471 328 382 376 204 621
844 992 638 358 101 368 534 846 670 324 846
109 743 666 634 474 572 610
848 788 419 801 420 620
11 449 52 547 821 40 673 482 663 562 968 623 340 488 267 140
367 986 463 483 668 333 675 308 638 391 763
999 514 850 810 140 645 332 664 138
874 282 524 76
716 897 915 933 772 20 196 823 92 637 506 195 137 175
850 490 457 245 448
590 907 207 821 795 1 471
664 110 757 936 731 264 919 646 483
518 974 757 929 563 247 510 748 45 526 911 155
539 394 682 329 7 644 583 198 375 673 878 664
74 808 104 205 918
119 305 235 822 61 713 423 226 364 664 174
810 476 574 126 577 810 359
550 314 9 47 602 578 767 582 945 599
532 382 24 840 394 443 122 498 587 132 153 724 942 120 46 995
357 164 3 699 210 814 470 430 868 308 65 197 390 208 997
426 65 21 786 997
410 334 398 654 142 584 204 884 334 175 835 409
979 322 770 101 662 380 782
307 568 132 931 772 835 321
738 692 488 223 887 693 231 417 651 95
355 745 892 809 540 958 519 517 59 501 769
11 257 310 690 986 594 686 466 529 50 409 148 700 705 667
88 610 575 664 547 633 900 763 798 124 309 473 188
806 809 114 668 130 907 820 88 189
952 766 898 418 3 874 339 802 425 951

