44 579 234 998 694 70 940 740 770 49 229 493 957 40 871 574
35 565 292 167 356 797 558 842 470 342
530 880 390 950 589 399 932 402 980
900 133 660 610 636 130 752 400 467 590 658
800 548 764 28 87 60 28 375 943 324 602 627 654
384 499 752 18 939 612 318 370 92 937 686
678 636 674 808 755 35 619 443 70 862 864 37 268 846
280 396 578 814 957 598 476 446 302 601
453 36 404 915 448 523 531 340 6 628
39 571 665 260 952 918 389 612 16
995 441 595 201 763 253 647 399 202 43 351 255 169 827
592 210 645 559 284 653 120 745 226 172 4 957 3 552 929 906 930
219 75 58 241 145 743 583 920 389 804 765 499
830 593 259 171 54
199 779 827 28 186 114
586 319 882 741 284 588 783 902 487 504
211 634 774 329 896 839 849 349 810 142 199 421 574 773
67 980 714 640 777 931 503 923 277 122 834
825 134 65 837 653 459 50 174 277 769 955 680 563 627
517 43 55 113 609 988 976 603 522 303
778 311 753 79 322 215 932 176 420 507
88 128 181 978 629 38 64 667 375 980 554 892 823 828 957
749 555 988 330 767 8 287 672
585 414 267 710 142 170 913 129 83 910 631 199 388 355 528 698 464
473 112 740 724 765 371 365
996 109 305 144 284
404 237 196 637 65 253 430 264 693 993
776 259 81 496 923 495 378 128 528 469 409 379 402
554 402 716 223 495 89 697 663
881 474 270 569 407 854
198 759 529 916 728 835 817 655 794
318 349 939 89 293 230
641 31 907 501 666 382 195 30
903 648 750 441 512 219 223 171 833
261 441 5 444 630 898 794 473 432 71
659 201 734 685 510 703 904
839 320 14 659 517 364 333 581 156 418
447 468 798 721 602 796 561 569 243 908 575 131 627 886 579
622 317 931 166 859 28 939 639 358 101 506 195 923 751 824 811
785 583 85 36 339 910 825
819 75 611 708 68 104 941 487 100 55 475 508 951
638 48 377 522 851 19 108 447 285 282 820 749 933
664 159 225 957 41 250 261 425 96 287 329 901 479 20 525 123 805 558 15 357
103 214 429 151 107 793 117 90
549 659 163 343 710 553 736
503 398 87 439 28 299 365 590 82 235
115 189 669 882 564 411 781 142 532 364
420 35 272 679 528 282 964 39 240
305 695 958 723 991 868 248 193 68 303 595 532 66 97
357 669 284 885 921 88 38 861 554 291 693 264 605 545 700 734
671 272 482 467 487 755 639 546 30
268 418 447 160 681 507 282 235 221 928
729 566 772 487 865 354
152 207 596 441 451 318 936 692 110 867 842 699
202 903 264 107 70 788 288 908 323 35 477 499
98 213 969 963 667 82
370 263 300 608 249 78 79 250
246 174 561 355 796 581 781 365 258 565
303 448 849 671 106 790 19 339
633 234 912 46 618 326 92 193
991 396 578 310 377 912 395
861 924 77 529 338 933 690 624 46 697
99 363 707 130 514 279 12 555 140
397 945 959 522 146
720 574 950 448 911 484
387 205 283 50 580 414 699
183 683 440 198 285 203 231 397 941 410 466 164
143 238 935 854 567
230 789 661 215 826 870 264
726 658 136 196 307 460 156 89 285 617 379 782 1
329 660 60 679 248 960 257 349 733 893
998 396 16 26 776 178 424
591 125 392 542 240 688 673 666 968
46 532 994 291 968 50
37 184 859 347 50 138 522 760 958 638 287 980 839
825 554 845 687 390
649 189 742 664 689 362 550 529 313 588 455 592 645 345 580
790 286 718 845 970 23 599 715 117 226
871 426 889 333 554 603 958 688 24 908
200 602 165 400 650 612 497 658 792 294 938 885 483 852
665 888 60 299 188 210 636 855 983 628 851
701 641 747 885 937 978 243 978 554 289 741 601 226 466 777
326 75 255 185 129 183 293 464
486 975 744 55 403 969 835 192 627
885 645 853 244 29 124 503 133 853
461 501 281 767 189 192
23 489 27 251 530 570 845 435 114 379
805 510 839 49 438 799 49 260 725 122 373 317 501 872 497 929
564 552 448 786 433 920 265
736 124 649 430 494 700 633 60 851 735
209 573 232 938 183 694 349 75 686 544 52 735 216 27 547
543 495 706 805 572 483 89 249 365 382 189
363 83 913 40 289 522 514 678 348 130 756 603 232 133 234
459 859 332 13 869
421 566
682 768 11 948 290 590 347
344 89 605 794 111 262 771 447 12 122 48 123 214
240 35 898 862 35 577 457 241 736 804 2 705
976 528 778 184 723 914 159 635

