814 234 876 787 629 561 480 16 631
629 432 238 731 705 611 846 434
41 467 876 7 488 951 637 860 642 275 902 413
441 248 837 486 254
266 942 526 367 309 229 831 590 589 656 261 293 428 822 782
413 444 671 898 190 875
619 756 228 149 187 670 31 419 133 716
627 912 243 257 814 771 159 150 8 462
288 221 344 692 930 765 825 155 276 774 576 392
725 0 833 622 687 944 570 532 449 354
397 215 972 324 705 49 348 780 126 471 794 405
330 962 572 68
874 607 275 64 290 560 457 811
581 244 107 281 218 37 800
111 519 837 795 955 603 440 128 180 402 527
787 379 225 894 693 230 831 207 367
599 25 412 438 376 544 718 387 934
491 630 749 586 881 586 649
808 755 424 858 826 61 696 685
244 229 19 795 367 820 905 341 125 969 91 467 765 291
902 442 923 563 622 814
308 715 97 495 891 3 470
206 653 93 243 925 37 190 579
683 645 192 268 826 924 829 271 347 640 875 348 878 14 108 41
321 993 492 136 959 425 459
954 804 967 826 957 296 458 544 47 586 805
28 264 498 518 528 181 794 486 927 528 748 226
922 137 955 571 388 23
862 493 5 762 412 624 796 114
138 589 698 490 26 269 37 19 133 562 524
192 499 294 840 861 807 210 973 471 103 143 291 458
216 976 215 19 182 536 947 570 498 574 69 589 342 352 94
978 664 418 932 235 476 547 933 0 867
365 903 749 442 639 150
542 273 734 224 202 931 139 691 693 628 541 625 699 828 611 691 651
836 416 122 19 328
781 895 437 417 513 64 142 143 454 684 587 638 587 975
865 277 620 641 803 994 382 754 800 728 930 142 242
755 458 28 674 650 699 123 486 869 469
924 524 193 254 526 692
122 527 475 97 76 55 785 519 666
175 681 563 926 201 605 282 543
668 193 620 464 165 844 498
608 475 203 12 940 605 884 476 93 417
154 88 579 369 810 709
544 154 543 309 466 470 270 160 39
973 540 979 698 768 463 962
503 37 41 346 95 143 956 328 704 181 560 637 528
793 528 999 258 594 198 245 820 753
455 844 247 611 19 967
594 107 841 212 594
531 384 147 470 0 750 461 9 147 820 448
724 410 237 966 170 959 618 63
440 152 840 684 13 311 790 840 624 955 293 673
854 842 622 772 284 791 768 804 562 473 233 795
355 825 166 413 149 785 222 791 339
435 702 908 673 948 710 33 71 14 538 704 941 588 447 74 972 463 165
843 7 456 180 947 320 22 354 887 2 18 776 371 633
490 621 713 642 595 283 566 773
744 591 451 822 524 64 270 856
797 380 255 133
479 814 426 379 75 289 298 233 7 160
609 517 938 696 517 370 25 772 144
53 394 739 746 742 199 444
409 726 879 241 857 990 798 830 456 819 568 547 425 880 960 300 796 227
647 292 808 563 545 415 247 296 858
105 21 269 136 497 726 400 577 748 372
86 274 513 93 273 156 200 861 14 465
507 446 215 521 95 358 112 115 653 332 308 450
982 368 31 463 27 923 465 926
902 551 807 407 694 149 484 899 212 292 810 754
723 738 385 633 277 720 837 6 995 239 417 744
953 473 418 819 382 520 331 906 353 524 278 236 622 303 680 541 553
711 999 104 893 72
363 317 916 869 123 966 642 827 446 749 115 573
14 578 6 76 760 959 757 310 62 417 390 40 718 661 145 45 281 832 146 247 667
442 572 198 53 160 2 284 459 516 847 723 983 208 719 709 253
425 362 133 745 97 304 366 328
565 871 881 840 772 658 210 4 325
337 624 865 644 530 862 696 195 975 740
965 60 613 821 57 109 878 647 746
934 535 145 675 888 418 873 321 832 686
904 173 836 841 821 464 765 594
846 478 979 158 320 986 115 813 201 851 148 716 565 148 971 730 842
577 417 460 902 591 615 505 518 653 774 332 504
456 200 164 395 379 151 249 855 404 41 662 952 667
165 433 858 798 163 585 251 950 33 848
946 733 620 625 626 169 131 313 28 133 721 238 856
121 440 553 647 835 599 411 640
8 811 473 971 667 132 184 722 574 264
215 520 176 770 736 804
381 543 993 567 993 517 827 428 57
667 195 713 901 667 602 759 497 313 715 47 200 147 210 285
12 981 895 375 893 263 179 101 650 469 147
615 840 93 43 726 468 885 392 605 998 84 525
158 614 513 156 30 516 319 9 884 919
103 362 185 949 161 480 74 520 742 82 502
181 104 234 524 762 678 806 68 568
176 110 501 99 758 376 688 3 100 560 3 139

