364 452 862 314 349 377 477 156 565 9 969 74
365 453 684 987 790 420 842 920 766 747 640
690 793 937 338 731 123 141
922 470 945 622 261 854 882
997 65 755 508 982 542 305 509
230 133 12 923 358 390 556 792 777 459 815
765 185 22 217 298 371 150 327 834 454 288 84
627 183 942 559 158 98 739 360 59
874 200 283 619 896 696 895
576 727 803
825 862 759 132 255 63 725 269 290 186 264 720
188 803 180 357 482 94 377 105 607 691 567 288 639 364
412 332 207 732 485 278 104 801
371 757 823 404 368 549 374 998 9 783 604
280 974 947 528 463 989 834 571 740
324 895 639 49 774 226 2 557 469 202 354 141 325 714 919 801 138 61 950 470
964 93 230 239 518 743 91 254 868 493 732 874
511 708 252 631 499 360 929 636 433 616
640 850 683 481 576 781 991 803
239 897 639 392 751 661 585 615 328 775 595
891 803 55 750 737 903 130
678 201 417 909 794 262 860
225 794 169 170 782 187
243 425 996 691 819 319 748 896 104 466 260 588 978 412 566 504 272 893
248 103 167 124 538 175 891 472
601 926 861 137 419 132 278 524
144 51 881 934 7 435 294
166 405 516 388 599 214 87 481 904
289 230 645 969 768 857 875 918 91 901 261 264 915 380 543 212 983
769 171 945 888 249 857
393 661 211 138 79 161 171 845 524
601 582 446 449 581 914 731 837
186 300 742 54 735 991 786 393 713 244 788 159
523 942 205 893 266 386 573 637 195 82 403 651 291 239
820 199 619 276 727 856 76 114
58 432 951 949 801 884 343 797 576 657
795 817 636 985 197 197 761 450 366 706 846 152 766 348 798
520 510 698 240 213 781 214 161 905 375 287
529 894 292 639 981 563 89 494 959 886 895
632 511 121 555 687 58 271
655 171 435 974 760 817 341 190
441 499 623 357 35 388 467 14 604 840 832 338 109 641
986 19 909 830 847 771 231 108 917 44
648 991 93 702 231 765 315 470
903 54 366 790 788 223 250 388 818 417 156 596
450 404 831 546 934 176 290 775 58
451 745 793 293 829 814 765 591 988
134 319 399 311 964 348
934 647 762 203 629 861 865
955 520 573 618 467 885 218 452 897 603 138 409 195 82 895
911 87 887 721 490 120 795 635 7
86 480 6 25 40 272 799 153 976 833 526 238
884 824 915 915 219 590 749
419 279 68 312 330 647 147 806 427 590 397 981
68 825 791 825
947 981 876 933 144 234 10 65 450 486 10 522 89 796 405
730 353 719 593 981 347 221 290 525 631 237 952 530 132
122 335 699 696 387 226 860 951 776 10 768 279 143 758 213 154
432 246 105 541 279 532 363 537 121 578
657 220 734 424 563 377 445 617 572
107 527 870 792 657 260 897 43 915 459 911 935 431 396 523 451
517 537 614 632 464 965 788 260 233 332 755
153 845 532 210 487 219 384 302 800 636 335 881
494 87 792 23 292 554 921 618
740 763 170 85 326 578 191 431 646 728 474 933 267 722 386 168
431 0 515 191 275 377 195 106 144 426
308 484 871 403 755 154 102 601 887 465 627 840
897 774 955 499 141 269 251 270 901 34 258 793
758 332 985 598 846 982 766 488 109 959
680 867 551 867 958 484 540 834 422 300
247 249 570 759 995
296 830
944 846 638 298 696 874 289 203 797 152
747 982 458 546 638 911 814 0 259 179 117 548 344 706 499
189 46 56 456 892 956 718 712 746
101 500 475 141 38 627 369 818 977
639 262 480 200 126 680 559 445 541 569 484 702 165
882 817 730 953 807 274 30 816 944 268
808 661 153 97 304 11 925 529
248 2 597 750 829 599 412 41 883 580 248 315
477 862 491 259 706 664 742 866 831 861 817 760 802 607 892
525 938 490 47 688 735 926 242 471 72
596 810 71 383 402 764 213 655 627 105
56 538 597 886 571 350 546
326 513 244 937 890 77 192 509 670 72 234
168 146 499 418 810 735 277 81 831
861 712 545 896 723 8 240
943 43 815 528 736 961 495 525 301 801 354 588 130 913 310 687 185
139 635 588 391 483 565
495 601 412 981 348 328
423 631 520 63 954 12 99
291 479 352 893 596
181 441 43 247 497 816 683 905
738 522 531 577 222 942 545 461 436 758
720 648 218 156 208 224 961 858 246 646
841 683 194 33 127 781 962 322 344 272 414 89 67
75 530 84 197 729 219 397 530 232 561 840 516
551 315 702 694 138 457 421 148 614 118 592
776 983 896 789 698 221 193 459 231 983

