411 588 528 273 485 336 580 666
91 967 268 29 445 544 684 39
248 802 801 886 274 702 195 257 989 381 732
669 848 317 438 438 290 461 329 614 196 410 360
939 433 657 929 651 623 567
663 579 148 997 736 901 135 537 826 289
745 439 200 589 364 82 523 624 604 4 489 197 574 581 608
961 957 132 995 576 666 857 216 64
416 987 90 561 156 788 513 328 302 206 76 675
981 272 816 400 479 799 130 846 689 558 418 24 509 984
284 362 312 446
100 72 975 493 651 391 914 415 773 727
948 534 774 159 583 173 900 448 295 970
775 399 990 141
168 68 298 443 443 306 131 963 767 317 147 135 815 936 247 856 899 491
971 411 34 903 486 274 58 248 273 259 603 600 393 798
177 601 883 367 680 29 180 87 694 395 67 333 567 51 613
286 344 326 950 798 598 215 952 616 429 884
87 676 583 598 372 687 951 473 171 491 497 546
657 675 838 950 708 396 546
62 330 656 949 77 24 80 514 292
656 883 756 578 677 634 584
566 228 329 375 188 354 548 898 958 435 91 400 755 221 915
588 27 852 202 910 329 671 463 751 692
671 140 367 199 627 597 524 534 258 31 424 390 736 773
480 661 915 119 35 512 145 117 723 527 998 484 579
514 802 347 962 541 59 859 439 951 0 726 679
764 754 390
878 807 959 363 355 599 686 403 222 791 546 919 828
980 966 900 202 478 19 937 548 542 39 314 409 548
914 174 542 261 967 21 357 215 610 568 224 799 139 414 684
888 642 805 970 478 725 549 490 489 734 516 201
554 266 590 820 959 529 152 996
24 605 674 576 328 279 74 652 284 286
379 976 321 259 69 141 698 788 596 553 641 961 396 921
219 201 131 794 192 687 519 951 946 347 731 845 975
945 286 254 450 195 557
370 594 407 849 762 898 909
591 21 239 914 623 129 504 116 709 475
979 164 336 463 790 317 870 605 554 110 936 710 790
896 157 932 292 401 524 603 799 337 732 493 418
96 767 586 487 144
445 902 995 40 538
811 380 784 366 28 599 445 454 834 463 524 178
767 631 958 594 358 843
622 197 610 85
159 45 913 778 98 380 367 969 367
882 574 860 883 917 102 832 717 492 810 101 131 620
146 977 684 327 472 32 496 220
794 360 307 180 716 643 482 649 360 822 605 63 155 17
606 951 207 68 189 783 78 128 686
7 31 507 639 535 759 431 320 906
514 651 968 243 908 44 312
647 977 528 297 648 369 994 913
205 221 981 33 749 813 239
244 106 349 717 325 122 702 183 460 64 507
235 858 773 226 643 158 632 228 280
336 495 54 492 30 699 688 554 157 998
616 143 899 344 674 268 265 747 144 89
410 163 496 737 562 856
452 239 239 194 703 789
796 302 297 265 276 598 357 524 60 464 347 246
76 721 986 694 851 328 110
646 774 139 246 488 220 163 400 458
71 571 51 740 432 778 286 716
230 870 548 579 800 544 608 332 247 119 173
943 728 448 467 581
704 129 242 877 784 401 290 117 541 237 214
782 898 510 615 281 929 722 366 426 992 682 573 110
82 956 600 827 356 691 548 83 186
747 466 116 290 524 343 715 314 528 266
407 164 855 411 626 621 714 478 601 968 129
321 958 467 120 91 679 370 32 764 2
660 911 465 416 80 220 631 456
339 458 469 870 756 495 765 668 551 790 970 349 415 18
144 336 389 168 116 197 854 641 586 929 760 74 357 646 294
647 918 613 561 466 221 8 795 760 653
262 206 179 335 893 586 325
671 401 709 274 348 189 63 856
306 630 457 541 494 230 414 772 571 442 131 632 25 192 355
266 549 137 386 234 740 457 164 57 568 770
211 615 808 546 236 514 595 234 596 475 415 602 142 258 229 588 618
467 503 551 953 162 70 780 734 173 533 865
421 11 27 93 515
404 668 234 321 643 777 738 147 284 819
960 924 656 66 757 866 225 963 104 622
530 76 740 680 828 846 836 318 664 92 142
722 349 663 541 625 817 672 185 200
903 995 188 108 634 426 137 623
733 948 925 865 234 544 96 629
914 752 725 395 672 116 131 51 984 689
262 533 642 964 665 922 521 872 69 96 422 446
390 129 686 203 715 892 866 303
828 801 41 720 29 873 752 606 656 357 998 774 28 789
400 785 560 853 753 748 988 797 167 883 308
60 535 160 172 288 438 622 637 96
885 851 849 28 927 571 891 27 84 579 22 238 942 566
44 559 736 263 380 459 659 939 198
87 78 209 740 487 947 625 101 382 677 268 410

