152 663
886 154 698 503 162 831 126 235 625
442 628 147 306 484 858 347 656
901 525 554 639 577 412 776 614 686 286 130
799 401 223 644 619 465 317 265 285 512
943 229 574 388 548 447 66 451 923
982 13 870 50 673 852 965 507
645 323 246 857 903 545 927 356
349 872 777 627 277 97 134 940 393 596 401 369 45
300 904 441 464 579 385 494 302 850 499 87 975
513 446 75 627 673 690 550 204 553 252 279 185 594 668 228
66 407 747 935 381 114 363 218 913
839 937 317 409 183 751 994 374 333 708
620 521 504 37 842 372 118 63 291 595 846 383 804
272 975 298 533 169 407 116 332 210 915 781 597 316 262 926 558
83 565 494 484 321 580 854 104 982 585
781 21 509 48 862 578
454 367 75 605 365 989 370 896 745 444 168 248 845
53 247 675 299 181 848 771 525 69 961 105 169 601
912 757 4 981 757 476 571 766 352 954 523 810
237 471 804 454 337 252 38 940 803 40 595 672 400
445 387 727 834
843 488 182 524 11 427 396 845 507 296 115
848 879 436 648 805 578 733 669 478 55 338
531 291 380 2 215 689 903 941 520 124 87 287
518 496 698 0 291 766 684 417 246
363 305 724 254 609 319
17 722 997 488 517 816 24 369 304 946
369 619 51 619 270 748 781 393 519
126 867 161 914 352 742 733 50 977
556 817 172 241 656 222 182 444 556 974
126 6 957 499 80 996 995 657 565 500 370 193
49 500 253 563 613 927 271 348 80 568 502 367
194 744 67 15 596 592 995 284 81 61 365 307
936 872 666 705 144 892 972 625 627 233 575
619 881 42 39 836 650 593 742 221 784
517 652 106 160 370 335
497 615 417 616 329 135 951 399 139 388 374 533 898 122
649 919 178 50 412 41 321 659 697
890 991 386 182
590 886 35 680 91 516 645 76 691 841 645 994 80 413
324 12 941 557 418 317 469 168 875 583
817 119 389 28 280 521 970 626 509 758 709 210
451 960 658 322 948 821 791 51
369 872 323 458 661 82 940 317 694
620 579 200 36 433 167 993 549 693 784 931 498
730 398 474 543 366 899 115 2
945 860 578 919 518 37 598 231 980
706 807 72 756 819
614 122 903 291 606 528 63
823 335 862 986 695 677 497 948
439 534 889 315 110 499 537 636 172 897
264 532 201 238 121 127 160 10 802 380
517 455 50 861 298 872 560 638 493 887 330 443
22 798 523 866 796 244 889 634 340 104
239 318 416 73 334 102 752 651
569 133 548 551 312 210 831
620 48 959 244 827 951 709 908 648 155 797 418 17 515 377
372 204 684 787 388 644 988 508 245 412
657 956 732 449 620 735 557 157
376 249 296 19 249 292 933 156 678 330 558 406
356 214 731 762 402 342 914 932 657 916 876 559 780 147 679 713
169 415 883 728
431 148 996 961 212 8 551
14 214 198 867 593 536 491 851 635 705 147 151 408
585 520 228 285 947
55 318 706 612 978 322 814 635 34 949 966 691 249
644 351 48 209 201 356 262 293 540 256 712 957 488 7
775 53 634 366 686 398 375 678 663 706
25 133 405 445 859 923 220 35 20
247 610 468 184 247 915 328
785 777 134 874 398 888 476 164 54 142
504 552 367 483 386 108 609 808
750 961 49 280 846 527 704 532 775 723 466 348 83 659 228
849 525 505 10 518 867 898 576 109
476 525 594 725 37 895 858
699 235 776 349 963 686 971
333 450 860 988 409 196 771
519 780 541 798 883 393
886 309 26 567 660
876 355 86 331 420 442 895 76 168 44 897 798 277 186
424 419 335 413 680 426 680 967 938 54
185 66 255 418 313 240 867 843 717 467 438 250 515 735 923 213
933 788 521 341 699 687 117 974 436 331 764 359
903 823 249 472 81 615 606 101 259 358
24 773 90 922 103 991 118 979 477 79 418 109 495 320
289 773 73 400 730 416 635 449 926 345 427 815 490
585 733 886 681 145 541 594 2 852 319 612 98 821 637 147
669 686 18 95 640
771 418 815 224 196 663 751 756 830 598 399 173 104
874 945 221 182 257 405 200 778 510 904 913 675 436
472 394 640 103 313 7 650
695 120 909 601 62 193
56 876 875 352 225 444 267 330 528 962 780 888 583
359 437 687 755 770 704 388 720 970 879 692
893 722 187 547 933 492 561 534 217 939 75
887 593 729 229 474 850 920 370 358 476 902 628 677 442 759 346
827 666 893 602 57 709 490 961 257 753 75 986 700 368 991
691 583 6 28 213 750 695 741 838

