133 132 714 99 976 114 93
605 581 839 342 497 810 510 567 41 203
322 770 781 282 537 289 834 450 26 712 682 369 822
263 54 452 865 681 290 326 360 865 601 885
881 34 644 518 221 712 988 2 100 81 115
550 773 347 236 694 875 554 945
349 838 286 515 483 643 507 658 858
904 872 110 676 37 426 525 843 144 322 25
732 337 932 346 987 561 247 34 811 457 247 522 383 19
808 10 593 819 717 342 491 44 68
463 335 367 774 14 98 952 177 576 863
556 928 400 489 230 208 309 65 878 555 770 740 324 498
410 831 25 995 202 877 164 79 79 444
983 327 599 951 290 279
859 574 877 437 678 853
863 772 277 747 338 737 942 107 915 180 78 874 398
672 408 480 466 639 491 11 780 460 758 984 969 753
116 258 481 363 882 906 21 873 586 346 781 845 424
518 790 885 452 53 257 660 314 556 264 476
40 629 646 571 5 130 108 559 163 646
970 353 979 650 272 250 403 751 660 708 862 92 67
966 472 683 790 818 18 735
421 900 913 53 572 287 843 183 646 600
685 253 751 200 0 276 136 803 686 94 149 499
679 649 381 218 550 902 337 13 459 424 392 545 321 57
521 994 897 231 730 873 479 608 14 35
933 167 542 249 589 914
199 307 248 844 447 25 905 547 18 276 181 888 731
247 374 236 115 170 102
656 862 597 937 262
26 408 785 621 654 147 427 147 331 468
684 130 805 666 39 505 276 636 182
854 898 575 651 982 89 208
977 128 114 55 442 184 558 888 208 889 931
221 536 556
609 832 165 933 13 196 935 980 675 282 531 40
529 330 600 376 723
375 778 648 224 735 863 639 840
262 6 737 596 889 59 353 967 161 824 784
241 345 439 285 821 229 576 285 70 900 499 859 141
348 440 932 159 898 498 550 309 574
440 93 966 859 70 215 272 391 622 611 160 64
251 192 847 166 797 278 665 331 39 228 836 415 255 391 622 256 732 519
368 140 23 657 292 382 221 954 882 62 204
647 64 872 980 875 783 884 964 559 633 580 507 41 744 780
961 726 897 594 806 452
217 504 440 191 80 224 267 308 223
559 20 453 355 885 94 799 104 242
8 269 74 616 636 870 125 46 31
7 643 87 227 154 356
131 213 452 547 434 499 694 649
698 49 607 509 99 118 189 680 469 398 807 689 22
949 528 289 102 173 198 162 325 1 303 183
996 801 917 179 813 186 874 995 67 968
473 865 941 563 47 503 788 456 982 663 91
188 548 750 177 838 167 740 209 567
849 596 220 674 135 20 381 413 309
571 394 706 384
638 632 766 767 274 691 696 671
887 694 228 509 427 109 129 249 831 114
575 858 56 693 795 743 978 287 861
536 41 863 33 413
814 239 72 798 508 283 691 238 826 996 339
284 546 497 440
739 617 46 909 23 665 387 785 80 512
673 233 363 513 661 429 323 261 992 173 47 191 268 560 929 92
877 532 98 678 297 102 679 958 785 341 632 712 28 348
220 494 74 397 934 849 375 211 44 66
619 215 63 766 409 709 410 796 681 943 410 469
862 780 198 289 36 957 752 451
545 408 719 810 854 141 322 968 34 666 731
476 794 59 899 497 567 82 879 761 265 887 607 231 582 736
481 137 610 159 261 536 910 415 551
202 172 784 909 303 937 653 41 69 616 867 218 975 496 740 555 270
710 236 448 983 257 736 506 39 626
639 471 297 677 602 678 140 384 843 261 620 282 975 731 752 297 819
738 446 99 226 814 682 808 986 149 32 771
764 700 889 399 11 807 526 295
955 308 730 33 815
9 772 797 734 81 779 739 892 549 440 107 898
560 845 120 972 779 584 226 513 693 184
188 727 465 532 510 525
26 525 873 650 181 834 867 637 72 226
226 375 27 31 718 279 443 901 95 840 316 268 198 887
537 198 725 742 464 728 248 889 650 567 391 536 505 19
934 942 543 810 233
313 249 550 860 771 967 540 279 248
22 514 677 525 319 208 416 325 16 163 398
380 16 583 226 48 1 695 247 149 345 18 843 694
537 117 362 503 600
329 514 233 424 255 16 368 311 590 815
345 533 244 570 989 462 279 307 432 20
926 52 219 22 20 216 393
536 871 628 374 654 168 347 421 202 787 18 662 807 874 615 945 995 575 721 870
324 702 414 978 78 442 289 827 460 885 467 611
23 895 679 560 399 492 739 739 592
553 526 748 957 704 160 39 437 506 140 176
419 699 388 524 509 444 829
839 309 355 29 797 550 315 947 588 331 435 579 378

