303 535 569 635 223 372
273 618 860 523 749 115 403 391 623 185 142 363 399 457 12
776 627 251 406 867 965 98 556 791 698 997 904 705
631 141 583 774 12 378 983
889 979 519 672 187 177 804 847 70 888 998 444 85
219 923 66 642 710 396 946 564 550
62 472 802 522 41 69 25 455 335 270 721 776 253 282
48 641 452 950 434 539 849
754 23 430 540
802 840 312 57 325 628 431 299 372 244 869 89
273 661 980 344 188 897 753 662 468 712
117 400 83 867 852 823 189 922
372 636 267 489 435 122 873 797 105 343 530
336 309 958 282 429 980 922 64 787 710 599 734 703 592 730 19 890 890 223
73 593 721 269 299 522 402 189 648
872 332 269 135 272 307 223 222 678 83 596 315 584 803
273 24 774 562 997 912 780 368 601 352 490 26
90 59 247 189 857 836 209 262 579 408 628 928 203
513 637 538 944 512 98 533 99 956 320 671
254 324 105 205 937 143
878 550 542 231 216 710 734 298 558 154 455 341 208 738 540 576 393 390
527 501 20 726 412 86 630 58 206 220
991 458 837 805 630 94 190 70
325 356 638 160 340 974 920 629 159 831 196 338 658 3 89
711 262 818 803 559 556 50 721 353 297 263 467 788 396
616 121 750 742 696 25 592 621 919 587 833 851 816 707 126
551 402 441 38 689 630
426 439 882 248 613 329 287 712 257 132 466 658 392
441 984 194 136 97 733 596 56 858 277 180 725
97 148 153 367 129 276 941 213 307
546 723 642 802 723 330 325
656 520 635 946 354 794 775 508 624 271 579 835 742 272 305
48 522 945 657 649 734 999 87 750
719 37 878 643 743 545 153 947
444 65 253 224 273 328
334 404 92 998 446 362 808 693 138 730 406 119 598 152
777 765 931 186 356 216 721 725
615 543 184
118 22 955 412 129 682 276 968 179 236 325 781
390 795 976 144 79 125 474 770 308 541
382 805 881 35 697 360 426 339 450
463 362 236 921 641 394 549 871 462 923 603 725 503
957 946 915 170 213 866 504 579 278 640 52 652 877
533 719 759 978 661 748 921 214
494 432 226 511 100 876 921 342 420 504
36 410 794 280 779 881 924 983 634 789 655
280 746 440 356 388 993 510 569 497 56 71
666 771 45 411 61 777 755 97 612 616 774 508 366
913 571 441 625 833 875
348 337 642 620 317 801 941
328 688 587 506 950 496 838 118 52
382 428 154 316 150 718 932
326 111 882 933 332 165 250 177 395 844 527 110
301 890 852 768 696 162 303 125
699 889 960 676 863 826 787 54 167 595 259 700 465
202 772 254 806 39 552 467 940 998
919 736 52 724 583 141 7 910 880 497
705 355 426 934 542 420 549 601 525 916
413 561 243 383 788 358 980 102 77
320 781 198 448 240 425 328 644
242 141 548 793 906 831 970
771 478 908 757 343 91
877 751 295 619 645
829 235 83 583 338 994 791 896 908 118
220 9 816 428 601
214 712 113 476 993 689 608 944 89 444 929 691 906 331 666 964 277
724 671 915 455 281 239 524 305 847 318 645
925 60 219 410 392 348 928 441 847 731 131 367
146 278 710 968 72 196 70 602
988 745 787 318 982 437
4 861 914
146 242 230 378 699 871 54 58 426 589 987 303
677 873 738 722 173 79 10 393 686 126 380 476 506 535
223 23 428 280 5 442 316 707 997 566 539 475 595 368 166 937
442 943 4 520 781 89 733 880 631 277 877 374 212 423
803 133 533 860 891 798 658 867 420 316 351
261 871 196 660 764 72 184 29 954 136 28 541 715 957 571 0
531 511 55 247
243 362 918 463 743 72 914 747 191 824 421 190 780 924
995 449 474 2 758 104 169 717 665 754
174 628 777 31
609 225 878 542 823 380 502 158 24 743 91
291 667 830 463 999 141 728 827 332 343
278 743 205 358 843
437 250 633 75 714 574 901 401 669
192 808 489 324 803 903 35 617 327 836
725 968 241 977
211 760 686 302 706 9 985 507 764 754 542 258 85 522
307 352 557 625 531 686 11 120 913 848 561 808 787 809 629 109
556 756 801 746 209 461 92
670 757 986 156 549 769 313 87 321 178
946 190 306 534 254 266 787 327 515 622 588
582 208 559 674 23 532 559 792
319 758 747 102 318 17 950 32 529
531 471 385 244 672 293 430 563 299 996 526
834 482 793 686 610 402 20 23
614 988 366 88 497 510 40 116 131 580 421
325 28 648 469 65 524
767 978 394 14 766 866 764 159 594 974 54 662 6 415

