447 330 825 552 87 685
974 503 462 596 445
875 939 25 950 457 873 486 129 614 64 559 879
307 802 195 46 496
394 866 133 456 960 541 200 442 77 614
68 586 815 20 597 424 850 584 154 825
683 757 863 52 294 621 872
878 975 966 478 342 932
443 464 968 896 232 264 561 110 597 309 784
467 127 36 413 57 286
699 87 263 632 222 541 674 748 226
314 221 409 278 972 913 584 713 410
25 784 482 155 859 773 97 481 3 430
486 150 71 664 603 625 148 198 222 118 713
944 855 878 585 52 642 144 520 150 474 527
520 744 934 993 390 944 824
271 229 199 297 421 505 165 232
691 712 547 287 936 93 804 664 573 662
538 188 48 469 573 301 780
898 515 384 691 975 548 443 924 260
298 667 863 110 563 18 597 254 220 309 752 791 691 549 591 169
964 401 776 870 367 12 653 505 222 609
921 614 276 147 143 512 105 759 161 212
224 965 943 444 837 225 109 297 142 817 427
226 714 941 586 985 870 147 674 286 895 578 261 968 144 737 609
652 542 325 593 101 106 763 413 634 484 179
226 498 961 172 275 941 248 202 794 54
140 527 946 968 903 975 387 891 568 500 802 394
622 920 974 228 559 718
148 146 119 193 140 599 23 106 349
916 526 365 284 346 705 618
306 1 8 983 719 821 664 201 460
52 160 821 736 568 385 720 484 495 725 586 719 617
996 501 309 382 857 73 369 138 182 197 315 315 661
410 601 35 635 117 317 439 362
235 639 556 20 711 920 784 527 923
600 768 746 463 943 922 233 726
917 295 733 977 447 259 3 203 811 667 114 763 788 761
615 928 609 572 908 539 593 797 872 901 781 775 522
26 506 520 744 446 2 233 656 462 877 558 737 471 518
395 362 897 372 419 102 363 954 640 371 106
98 139 804 889 787 553 951 80 835 464
190 330 141 261 663 955 12 316 97 723 554
810 47 836 175 428 669 282 338 565 734 579 42 603 312 74
658 435 461 974 758 551 645 591 532 919 612 797 44 629 219 564 404
972 260 583 207 620 865 773 793 390 21 958
885 188 672 32 486 449 731 832 941 119 405 938 826 155 85 517
275 761 349 708 894 822 372 406 389
577 109 64 439 392
892 493 954 109 253 324 673 747 765 121 174 163
669 457 890 93 377 272 326 438 851
661 824 557 832 90 818 352 232 903 652 811 198 25 10
403 993 835 357 729 263 475 980 11
181 544 592 933 116 587 529
264 938 185 750 817 610 64 172 537
53 145 499 649 999 639 258 706 977 451 575
55 582 965 161 878 54 691 627 241 475 443 138 146
480 663 518 195 435 23 104 14 442 675
804 899 858 126 640 395 863 504 291 102 74 539
946 604 21 564 204 821 450 190 142
215 570 358 377 881 52 199 841 240 631 535 670 245 899 140 20 210 680
220 478 591 471 822 704 946 707 8 433 24 793 256 261 501 705
877 747 76 589 917 542 984 209 48 790
151 499 62 504 600 373 997
220 40 184 926 131 343 865 710 132
314 603 307
872 490 847 608 959 585 474 433
802 797 242 369 114 615 493 28
724 129 27 185 92 350 413 49 49
584 332 793 235 538 527 614
350 890 460 684 950 682 122 389 848 26
304 720 866 631 753 268 245 258 695 93 477
255 265 127 321 337 283
233 854 386 253 778 925 622 59 36 253 501 250 476 535 969 601 305 708 888 202
350 584 363 520 230 917 119 528 563
331 833 1 309 587 472 620 195 481
272 642 261 103 240 811 959 915 731
292 925 797 327 243 274 323 456 913 500 956
654 13 995 451 300 695 771 442 836 28 718 859 473
629 158 223 793 466 333 348 472 548 852 425 758
13 287 529 986 632 815 367 499 669
870 614 492 853 944 349 303 651 877 757 586 386
674 314 473 442 871 255 623
725 481 359 114 671 753 575 607 174 715 574 868
388 270 925 851 48 413 424 49
503 598 726 250 836 874 891 432 55 964 530 817 794 752
855 997 590 611 449 98 636 973 270 940
885 721 202 81 115 487 949 848 651 895
10 581 801 45 81 662 391 491 353 573 628 227
286 466 350 660 684 891 546 376 603 590 375 598
311 879 218 425
547 247 937 850 471 904 685
97 878 537 483 443 309 735 864 745 617 795 248
698 830 74 595 225
782 736 774 697 520 19 611 673 32 151 859 605
146 336 927 192 573 753 268 451
393 932 443 660 216 9 80 615 816 791 556 146 238
206 395 531 730 572 206 510 629 224
339 787 913 965 451 176 136 402 541 283 960

