220 571 234 113 330 713 850 930 886 663 143 369 132
465 151 74 471 985 195 811 555 119 910 995
332 337 181 167 582 272 840 477 917 181 781 281
976 327 970 846 2 207 376 788 548 208 241 586 387 8 400 20 463
7 837 154 846 710 377 602 521 13
238 655 38 888 121 8 937 493 457 248 812 803
955 140 290 839 532 935 652 634 117 347 570 256
161 369 877 835 202 234 572
256 100 767 979 38 14 92 198 809
27 784 347 675 574 567 619 876 86 131 967
35 469 608 790
0 821 937 27 375 883 972 823 473 86
614 997 928 251 178 728 756 478
65 334 140 311 1 721 329 8
938 102 372 312 143
804 119 777 181 66 409 490 566 843
991 256 775 128 171 139 101 692 925 962
435 422 416 940 780 556 35 934 417 753
448 104 8 658 352 841 893 499 149 888
465 325 44 237 812 272 463 109 978 433 997 853
432 103 533 881 376 988 388 85 470
255 721 47 567 630 790 376
16 1 224 862 627 571 406
10 851 521 126 276 703 174 477 170 680 902 796 858 149 856
356 923 307 520 924 278 551 409 120 53 875 578
384 128 637 235 329 793
736 132 219 802 535
370 605 624 331 902 639 883 382 344
452 446 263 364 253 121 433 759 761 818
209 126 774 175 142 627 504 232 390
194 569 490 297 224 983 157 944 281 382
420 951 611 441 124 94 419 133 193 945 955
371 300 275 148 6 554 736 740 95 652 408 655
419 226 533 718 810 552 122 203
841 530 630 814 433 290 63
362 47 896 414 721 318 922 791
232 2 657 52 957 603 330 162 892 538
314 235 723 922 862 939 464 157 356 445
922 677 102 657 224 733 685 765 479 896
366 20 754 26 68 145
842 78 355 586 690 758 621 2 20 887 565 802 262
427 876 14 166 14 439 670 24 751 573 821 357
476 816 822 110 683 518 109 341 847 116 317
336 477 848 634 575 773 941
910 768 583 366 56 94 647 268 991 419 581 177 556 715 655 876 375
191 259 993 268 633 624 232 52 220 845 414 980 647 502 77
95 905 625 648 72 700 156 419 949 119 994 517 429 236
503 48 740 498 320 565 404 710 767 547 10 637
300 44 114 692 391 426 620 670
908 571 380 212 466 66 364 787
685 444 541 689 286 604
659 802 172 518 530 241 352 797
155 78 353 506 452 596 730
821 880 124 420 370 721 461 181 442
953 585 139 551 85 669 617 987 533 434
49 437 847 287 218 638
593 396 401 857 858 28 371
51 475 633 369
581 509 747 374 923 420 746 859 959 898 76 514 202 911
419 188 880 779 247 510 928 634 542 149 322
334 342 19 659 232 419 678
80 618 757 683 538 694 956 242 411
773 248 11 836 971 182 313 471 394 535 362 512 853
340 177 207 133 5 103 464 372 712 610 333 427
626 132 292 430 138 840 804 443 163 670
785 129 703 781 490 218 799 981
306 899 354 638 595 160 441
952 229 277 555 980 293 33 901 546 941
84 344 787 464 405 812 524 269
28 852 782 557 507 915 436 465 421 624 558 362 744
186 417 15 448 696 660
311 65 746 191 666 752 851 246 260 171 465
35 49 965 273 944 893 410 88 423 407
534 918 979 466 791 776 555
647 413 499 613 349
395 926 319 436 103 661 532
797 298 765 885 299 430 695
470 523 825 469 402 750 299 341 775 90 968 466 377
490 485 560 72 978 388 967 129 413 783 859 354
0 87 452 407 220 685 961 197 842 46 822 787 995 995
807 839 946 460 364 223 729 849 8 367 768 258 212 34
142 257 726 845 394 821 924 231 615 980
577 260 421 929 543 778 16 41 803 651
882 512 68 962 181 471 434 259 473 815 518 384 285 322 308 824 703
136 214 20 423 260 579 253 188
529 551 863 60 429 305 691 199 254 312 345 516
454 371 536 329 513 7 347 114 369
969 106 21 482 402 687 176 87 298 229 498 332 836 184 461 622 667 509
805 803 863 21 359 677 183 947 412 723 791 546 254 715
178 688 783 193 867 937 965 766 785 277 18 92 847 318 107
77 579 741 581 802 297 84 617 28
469 959 737 491 9 435 671 874 268 527 858 467 367 76
687 182 331 219 235 905 630 711 476
112 525 282 427 451 207 463 904 485 703 910
560 360 768 475 61 935 215 563 946 539
615 380 429 444 284 847 74 347 829 368 836 347 542 406 847
0 687 376 104 933 929 901 218 875 756 953 631
132 105 639 438 261 318 353 428 28 42 21 427 864 924 295 884 928 35
717 212 111 220 577 769 911

