856 421 931 973 371 479 612 291 184 706 393 769 943 429 63 310
627 3 645 105
221 93 587 61 365 870 909 374 201 989 828
866 314 677 307 244 692 293
948 885 454 493 844 707 590 109 433 885 592 929 82 102 926 872
179 854 683 314 789 844 5 923 563 307
43 681 357 950 954 747 372 485 500
189 856 803 304 715
707 294 1 451 182 963 799 829 900
625 770 792 545 590 241 371 41
588 80 803 324 650 659 986 607 800
198 390 284 436 996 958 251 837 851 510 692 749
905 756 906 386 887 613 832 357 890 932 798 662 87
976 845 406 133 766 374 92 481 881 901
435 719 689 154 275 163 542 24
778 414 741 242 957 866 294 379 636 393 435 458 139 392 53 671 232 71
912 124 113 392 901 403 166 257 576 766 810 848 183
78 915 965 239 203 574 783 926 215 510 981 863 293 776 415 414 177
631 705 518 553 338 482 730 396 187
569 814 904 378 336 676 561 694 23 670 943 949 859 754 438
337 782 691 307 840 578
927 22 929 940 982 189 143 968 233 439 337 674
469 95 412 488 787 750 415 535
993 966 756 787 504 634 468 833 656 76 389 517 920
345 376 696 197 549 903 550 492
310 423 896 346 290 472 73 270 918
352 444 26 848 349 277 296 647 369 41 717 327 347 918 348
731 727 80 847 869 645 989 811 555 562 20
213 511 685 492 588 798 586
333 992 938 858 841 965 71 687 428
5 981 951 609 11
834 587 964 244 533 832 955 639
4 978 358 439 178 244 755 979 11 873 454 343 431 745
725 781 139 760 825 535 242 440 0 84 22 425
390 291 884 849 935 72 617 758 190 774 242 54 421
247 783 208 861 127 998 856 116 774 840 421 15
309 572 468 363 375 585 920
295 111 940 758 678 7
46 941 779 556 561 560 980 381 546 362 820
118 454 495 233 716 141 869 453 329 792 478 435 156 872
827 689 567 119 810 577
247 37 725 481 646 229 90 640 308 385
108 748 719 197 79 560 214 497 546
146 483 511 792 313 926 595 192 241 299 574 310 106
885 341 868 932 809 443 375 880 423 835 972 543 329 951 370 261 311
670 176 691 143 514 527 551 21 991 235 9
820 221 732 320 547 159
121 794 29 427 624 128 809 807 175 220 954 592 979 327
889 554 286 634 835 889 956 14 860 664 332
894 547 991 181 737 514 359 841 421
499 591 65 632 15 195 978 323 464 89 565
994 462 783 12 170 188 802 154 164 773
631 178 59 676 768 947 667 215 303 720
872 50 472 536 753 375 677 345 267 393 883
764 57 636 402 455 878 679 41 901 763
821 160 584 919 847 282 205 328 865 675
620 289 94 781 352 74 502 329
268 444 513 327 231 822 855
613 476 352 302 89 470 296 378 669 327
732 817 429 199 539
510 972 392 826 984 437
704 805 54 566 99 138 8 26 943 848 324 825 983
701 668 630 708 994 775 404
982 844 552 397 281 904 952 802 547 632 548 767 595
28 129 388 674 457 511
589 521 806 896 123 569 148 628
624 217 895 618 926 902 369 209 495 353 78 704 405 41 100
349 800 971 106 120 211 31 393 445
171 889 596 530 455 315
40 915 571 169 341 902 347 40 91 338 831 959 415
557 185 855 887 906 512 544 608
840 423 793 701 822 753 96 977 419 10 211
503 330 287 718 87 728 929 275 689
386 659 874 835 813 665 827 424 172
324 383 875 362 323 219
653 636 350 372 295 962 31
537 574 824 68 683 893 413 303 685 385 939 924 156 203 499 839 668 816 351
705 657 688 776 467 754 41 268 293 192 57
576 309 930 836 240 578 717 69 730 934 477 566 528 988 97
485 823 816 939 13 807 124 874 295 206
161 830 729
225 817 721 763 364 170 437 779 159
623 882 259 743 126 838 771 605 184
161 61 419 788 281 666 569 228
358 436 421 777 87 95
562 47 783 414 500 765 912
848 524 182 940 934 571
683 262 59 981 767 986 341 921 637 678 340 182 92 84 639
248 129 427 666 410 500 105 228 644 462 813 455 236
350 641 445 895 863 877 575 434 671 101 402 571 820
12
761 348 751 708 450 87 466 50 574 141 683
40 982 640 47 96 816 173 732 613 275
978 932 257 122 814 699 153 241
360 355 398 818 485 707 250 832 281 297 639 549 692 783 111
337 739 26 89 505 119 403
316 632 205 680 37 375 418 162 746 727 763 159 337 514 601
515 246 923 240 516 188 670 812 524 87 655 727 325 705 544
830 567 510 589 423 662 753 379 233 401 710

