352 931 375 626 138 43 513
744 261 901
961 323 326 827 462 399 855 649 906 340 225
55 356 996 190
956 15 434 270 272 986 323
286 20 705 166 853 935 313 885 297 150 326 669 193 398 4 549
638 863 264 221 960 267 479 478 24 64 520
66 474 726 809 363 254 484 812
919 400 137 199 17 619 259 868 458
703 744 608 184 235 877 244 426 539 741 228 463
811 85 802 950 228
222 385 981 357 882 163 715 341 540 12 285 626
877 353 165 944 217 802 315 785 109 222 296 209
418 996 444 726 236 916 434 709 190 517 978 801 181
634 791 933 403 456 625 77 278 148 819
369 895 106 594 196 67 685 228 91 347 486 769 171
788 684 789 188 289 284 455 603 415 398 369 702 192
441 168 603 804 685 468
834 689 400 703 872 575 390 389 735
276 408 35 880 547 633 658
505 915 592 373 550 956
396 946 490 737 741 375 983 264 870 790 943 13
677 885 710 52 843 209 976 335 941
458 600 361 458 702 559 603 502 371
476 596 18 852 696 551 174
518 475 485 688 716 925 957 726
692 73 281 532 568 281 759 538 411 63 864 469 648 190
58 573 770 236 988 582 599 694 749 649 719 577 758
683 60 399 330 579 841 132
818 372 394 509 683 28 102 100 118 996 791 796
134 119 548 683 992 420 660 58 327 915 318 133 116 918 197
973 846 553 983 998 701 380 794 624 396 27 314 493 901
893 988 64 487 129 188 248 125 271 150 666 783 877
934 118 719 863 737 34
696 104 178 619 734 357 132 101 369 53 748 365 520 387
464 134 744 58 509 254 37 110
44 551 570 624 808 895 190 812
413 235 635 559 777 21 975 201
166 981 74 97 465 366 686 865 44 199 997
685 178 364 378 321 290 72 352 464 110 390 476 500 793
502 919 340 949 172 709 333 918 218 655 250
105 373 965 607 998 872 41 12 552 499
926 596 281 470 463 81 888 240 60
373 904 392 982 579 222 551 770
278 587 257 659 348 345 78 680 348 620 624 939 94 29
217 736 286 143 986 388 847 795 466 406 21 221 933
486 629 311 536 534 221 395 228 624 250 785 534 787 604
829 621 976 751 920 926 20 239 635
204 541 471 15 403 628 825 405
587 961 474 583 171
727 317 401 526 349 161 318 191 399 377
821 424 846 639 263 723 69 403 907 742
658 744 863 309 653 399 934 964 834
919 638 468 91 707 423 285 419 839 675 462 17 870 188
112 505 690 855 719 721 551 395
354 172 255 803 53 780 686 887 349 75 128 78 2
647 347 56 722 553 728 367 87 618
864 801 753 165 903 981 855 959 222 472 306 853 706
127 797 142 258 153 816 903 847 52 53 345 605 550 957 4
430 533 909 432 955 400 19 150 504 368 166 838
643 602 582 181 87 296 228
269 523 461 834 435 407 262 361 686 240 243
591 57 802 254 300 884 579 727 642 922 881 937 284 2 433
995 86 984 526 43 821 532 809 326 234 221 577 964
455 956 161 709 598 513 294 924 844 316
518 180 833 394 74 461 140 561 896
567 908 694 82 850 364 833 918 526 464 396 411 405 263
883 487 931 254 58 180 774 309 979 308 804 779 393
609 477 210 613 965 919 733 786 692 635 436 7 866
32 77 798 159 956
210 484 123 759 801 468 667 558 612
900 754 165 198 650 660 153 70 330 933 413 518 461
559 220 50 781 42 876 288 126
668 632 656 271 875 965 845 798
519 688 784 410 477
586 176 481 860 948 503 787 62 747
422 200 52 351 214 353 483 436 51 220 244 221
217 668 573 459 803 632 356 345 817
308 646 163 672 381 298 990
456 112 871 832 722 490 503 839 192 441 42 585 292
773 988 410 761 114 443 11 991 498 649 317 423 379
659 656 101 381 680
601 70 66 446 55 531 943 385 439 816 154 798
767 966 575 77 39 499 553 604
824 793 734 6 720 850 445 568 300 140
237 203 462 157 226 450 236 886 652 966
905 35 323 705 400 696 224 972 653 632 873 990 834 512
275 50 66 4 905 748 127 180 453
897 79 840 559 140 430 155 811 281 258 146 299 94 470
461 201 576 308 697 863
527 895 314 534 95 476 551 919 672
230 384 784 605 620 625 793
890 548 154 941 440 914 423 8 795 296
497 237 163 872 138
551 610 78 212 167 305 651 670 97
355 31 5 617 562 246 721 670 284 58 570
813 799 435 534 793 12 788 181 457 779 350 906
992 511 37 624 616 904 799 837 650 278
491 772 299 553 415 23 45 746 482 17 84 844 635

