928 685 253 882 437 941 849 721 738 554
115 203 977 919 552 734 676 329 640 775 899 512 954 504 894 454 694
855 359 851 998 131 743 526 45 660
625 622 872 84 896 972 616 825 845 263 148 436 554 927 983 261
39 872 560 701
50 583 367 417 876 690 501 645
993 866 289 830 746
289 696 511 710 137 477 815 237 692
427 333 188 215 259 604 50 699 889 539 850
635 312 709 398 916 719 671 631 62 262 220
53 657 222 688 328 389 695 165 834 622 664 989 893
755 410 532 940 865 127
388 625 883 431 575 493 998 10
796 531 882 705 78 343 681 227 706 188
507 481 871 301 934 892 935 292 710 203 208
469 271 813 928 297 902 383 491 12
871 857 806 402 570 567 257 315 842 112
922 809 199 50 519 431 940 997 702 219 753 266
719 943 109 988 401 360 367 732 596 553
452 985 318 834 797 455 487 697 499 223 128
680 168 909 591 389 942 240 549
749 590 579 467 304 737 963 10 481 267 200
653 635 374 88 357 329 986
999 323 583 198 618 100 535 535 199 839
555 462 255 76 469 311 301 364 392 102 109 566
828 416 913 358 727 653 800 649 285 433 558 650 424
321 977 579 807 650 664 17 804 250 693 200 8 941
805 294 233 424 351 163 569 189 279
330 140 750 720 865 777 833 550 718 616 100 18 689
924 521 968 63 527 136 572 560 32 255 895 299
872 452 88 771 35 622 821 644 112 62 289 713
195 257 730 148 261 534
929 903 68 10 897 73 156 820
990 96 566 512 347 682 181 117 264 534
322 380 591 423
770 602 937 78 397 883 55 273
372 363 307 632 416 324 238 360 510 817
59 2 413 954 518 648 78 86
970 845 112 3 838 801
868 242 729 635 480 622 171 634 409 206 606 484
350 607 293 195 62 691
933 917 717 750 375 516 90 312 802 871 785
954 50 408 840 513 293 246 728
154 10 145 203
420 685 22 812 812 103 883 826 214
610 271 103 314 669 250 507 913 766 826 831
289 838 58 915 603 45 411 236 791 608 840 592 849
603 742 467 147 962 681 433 298 645 702 289 868 595 35 935
451 270 488 224 291 353
37 568 927 615 387 769 437 950 808 479 732 685
625 669 329 321 176 736 669 88 246 906 468
189 251 102 1 311 806 293 415 655
228 502 482 420 105 249 790 233 703 614 791 716 536 245
838 51 325 824 942 335 785 620 574 519 147 237 895
682 535 203 130 786 678 695 468 312 310
701 561 717 678 547 722 730 800 150
62 664 888 77 217 367 312 542 100 607
911 886 243 820 86 462 611
88 469 404 245 451 418 475 503 697 171 97 327 352 150 714 203
277 431 907 933 596 1 293
234 460 409 843 688 277 660 404
308 156 948 587 900 304 284
925 736 556 637 526 373 855 510
738 831 575 25 28 441 840 250 457 134 552 837 916 791
548 881 264 470 975 63 751 340 197 410 423 560 293
452 123 61 67 587 89 595 399 818 198 625
562 85 581 261 579 576 372 261 487 686 180 774 937 927 226 794
872 992 615 263 524 560 211 701 242 725
679 526 852 28 997 368 623 432
18 99 159 744 599 695 885 958 999 775 673 771
814 393 340 811 627 408 203 189 80 266 141 4
898 476 971 836 735 737 682 574 35 176 992 46 677
968 941 456 686 929 747 972 703 167 711
451 150 651 429 401 112 23 339 119
208 982 784 752 526 455 993 521 347 494 834 678 564 69 968 652 957 602 623
639 610 510 442 369 318 203 189 541
8 116 429 85 288 493 78 163
716 106 424 390 801 374 673 676
665 852 411 352 992 579 488 710 141 716 996 440 566 531 996 752
758 751 642 995 670 18 179 916 85 866 918 329 797 539 655 308 782 336
551 381 791 350 706 527 190
917 935 614 355 916 555 976 951 917 462 844 19 443
236 681 977 752 605 237 868 608
409 753 192 290 668 122 889 936 877 603
290 915 284 687 82 652
402 568 518 382 500
85 918 296 449 644 994 775 92 513 547
331 478 883 50 462 214 993
408 493 333 416 713 939 15 947 562 215 674 352 429 920
705 286 780 267 387 926 315 158 631 306
905 538 15 426 573 206
319 200 306 806 753 440 152 542 889 818 25 222
786 452 907 19 254 914 271 18 268 805
366 802 856 496 876 982 512 941 812 535
335 176 856 329 361 435 431 677 756 381 609 270 538 610 188 801 247 683
462 698 175 205 388 771 373 210 164 475
996 687 848 730 189 184 203
611 532 425 948 870 354 522 124 759 898
112 487 443 682 177

