671 698 159 691 115 158 417 233 913 118
54 579 977 337 891 603 742 361 264
650 464 515 105 528 541 312 918 512 167
223 909 983 350 724 188 42 661 630
187 339 123 758 519 48 424 800 874 903
697 974 294 667 183 769 758 130 323 417 8
104 463 588 348 355 520 369 102 821 519
493 660 309 934 950 719 724 105 45 27 378 318 697 11
225 718 445 330 986 800 989
773 479 66 915 360 287
349 399 808 888 335 44 78 108 421 866 740 986
73 385 337 472 673 610 551 268 614 882 444
94 511 49 120 412 303 707 183 951 577
696 588 322 251 571 425 294 124 170 302 709 539 978 814
318 920 128 803 575 490 702 483 130 119 103
695 137 780 933 801 820 589 605 640 261 663 78 785 60
107 170 599 178 755 3 633 942
437 274 565 699 527 859 953 656
378 27 669 138 170 430 529 721 290 902
879 198 818 939 767 560 578 817 286 595
103 81 85 319 753 920 881 367 529 721 830 773 141 566 176
319 822 489 571 684 525 22 445 123 853 817 251 341
917 79 752 396 782 266 764 110 403 546 4 461 858 280 663 541 724
845 801 658 799 311 611 703 87 780 203 24 556 364 614 525 248 665
389 516 460 155 767 212 774 397 339
793 299 696 74 916 979 829 166 780 381 46 178 738
55 384 1 142 510 847 671 878 796
993 564 396 188 168 143 950
944 949 183 682 672 648 942 946 990 297 568
116 120 635 519 923 337 177 80 128 223 653 417 800 464 709 505 54 905 594 196
387 959 156 446 425 10 855 532 473 853 730 262
395 798 773 201 614 112 821 706 858 19
514 622 202 288 475 225 965 914 116 617 378 807 234
815 355 530 875 898 622 526 510 495 94 642
730 980 58 951 955 815 51 25 984 355
754 713 243 964 432 565 949 376
895 695 87 319 887 494 759 333 598 913 545 557
880 947 931 817 935 89 994 779 947 598 743 143
549 172 366 835 378 313 583 402 594 174 142 658
26 231 881 929 885 739
968 875 23 888 590 975 834 319
237 231 532 585 880 697 98 29 257 730
355 866 565 653 157
781 833 927 748 146 712 233
504 14 474 626 459 97 952 911 515 807
486 137 424 41 393 731 355 736 109 883 881 242
657 405 563 133 83 895 643 959 17
879 134 914 997 716 448 338 31 410 327 952 355 413 363 144
455 907 826 116 993 751 135 772 703 349
999 293 476 132 0 499 820 911
632 737 922 610 586 765 215
541 359 92 791 134 913 49 584 930 903
407 947 254 385 869 894 555 319 552 875 229
523 130 339 340 886 469
797 173 478 198 492 346 972 671 316 515 308 73 837 952 324
56 467 360 153 461 662 81 433 323 495 744 152
527 347 65 138 590 188 157 359 688 776
81 118 845 757 775 946 382 468 253 360
341 377 333 542 469 235 697 861 520
418 933 420 137 261 207 632
253 240 983 735 749 370
617 200 642 136 215 628
555 725 671 992 386 846 989 718 482 347 828 137
605 194 648 964 611 701
583 581 988 287 240 895 493 156
620 332 556 182 96 640 658 343
216 752 110 825 552 547 297 581 318 224
543 907 102 686 788 769 472 757 172 142
736 101 456 59 412
2 750 985 591 701 756 54 181 960 272
843 211 802 762 13 797 659 137 173 283 3 391 701 709 797
32 192 476 704 124 651 896 294 746
756 867 203 177 597 736 820 42
25 812 247 231 345 968 229 561 500 647 765 157 378
339 89 871 871 6 329 284 608 910 204 858
669 78 237 586 565 467
545 321 881 834 904 234 170 829 86 167
464 949 692 71 35 117 314
585 929 871 413 867 509
899 269 486 134 380 75 609 658 783 482 578 367
326 223 576 492 965 485 598 669
816 897 720 88 589 717 286 28 22 156 664 438 565
399 80 252 650 858 148 393 477 645 586 996 413 959 216
588 718 327 104 487 813
908 685 510 873 863 755 772 565 191 350 87
146 186 315 505 382 585 478 814 759 528 786
223 129 298 269 169 111 840
179 313 758 111 839 694 137 857 340 751
949 870 828 929 185 246 395 394 166 522 25
255 562 464 841 131 394 627 808 694
110 740 508 542 391 561 514
450 921 763 594 597 848 891
544 149 727 498 146 743 303 740 590 781 193 461 224 61 952
9 414 112 279 997 463 772 24
272 484 653 92 452 524 96 825 999
942 991 267 549 279 822 275 888 3
42 461 28 251 163 811 510
424 427 355 241 509 563 531 686 255 849 823 364 737 645 171 599 273 775
848 24 581 841 365 514 389 762 201 481

