358 4 776 936 550 807 553 701 511 642 783 446 875 612 282 432
843 525 335 250 135 766 631
418 528 584 693 425 977 872 354 323 74 510 720
500 985 310 550 653 686 136 704 373 355
312 627 242 307 850 909 954 179
429 591 875 856 417 609 66 183 853 649
364 565 357 434 522 675 282 858 50 452 704 914
917 655 141 690 302 270 891 935 645 891 646 222 714
549 680 920 825 792 648 611 816
879 63 446 452 859 326 984 155 616 510 493 522 161 262
268 962 509 572 200 811 702 113 475
879 241 709 713 426 704 224 843 581 680 330 245 964 57
649 281 749 400 439
493 101 819 900 483 537 488 133 373 913 724 16 95 257
455 674 42 229 998 680 838 644 716 58 854 97 304
924 669 156 586 741 433
495 311 596 213 245 982
192 761 718 278 90 117 531 568
703 604 795 105 327 124 686 320 561
871 387 602 693 115 209 475 988 539 396 524
505 638 638 994 461 260 404 707 416 913 491 16 750 643
928 76 71 349 145 171 134 557 441 719
958 72 701 770 339 66 773 527 519 775 5 72 735
428 48 717 601 127 148 535 184 712 519 364 649 135 998 647
210 637 807 928 489 735 155 646 312 735 558 645
65 322 347 276 102 93 83 522
121 249 455 721 864 870
965 35 863 454 203 414
145 125 846 568 32 441 582 698 469 37 373 873 506
553 727 119 333 276 51 330 965
208 343 327 238 666
887 676 24 948 434 271 290 907 877 882 911 441 128 987
434 410 276 516 52 823 895
202 330 291 111 902 947 57 759 472 98 917 645 932 434 32 900 382 164 591
889 220 943 256 914 336 405 873 960
202 829 218 602 812 43 528 767 120
141 886 302 205 422 847 288 339 639 925
325 486 0 378 161 185 304 365
499 52 739 419 521 41 123
426 303 920 980 783 896 441 413 294 387 768 142 134 158 481
273 559 561 745 502 85 915 24 790 263 766 190
113 614 560 149 967 742 124 136 859 825 466 482 96 892 178
608 87 899 801 947 889 740 487 348 530 260
40 309 712 934 731 40 949 130 984 876
75 161 818 32 670 179 963 435
837 174 804 31 729 687 622 326 794 320 172 649 221 831
358 490 736 147 869 906 132
221 575 911 216 884 330 390 466
122 168 670 786 114 203 270
527 838 303 622 827 917 939 672
268 132 93 216 590 813 451 285 103 115
166 309 938 551 56 218 407 693 562 304
956 914 310 662 840 938 349
410 227 45 873 864 409 712 411 726 993
517 612 947 785 303 226 327 949
49 520 112 347 340 491 995
92 334 614 742 738 298 742 74 920 800 997 868 191 777 291 203 959 323 917 471 910 742 949 31
676 436 610 36 920 77 177 374
946 516 993 399 165 305
295 2 541
334 935 191 268 127 25 697 817 105
621 22 72 734 529 701 331 240
662 357 768 684 302 701 214 882
466 858 420 499 591 321 771 954 74 902 878
709 920 92 511 564 756 664 382 85 550
741 992 20 80 898 295 200 416 541 47
562 393 131 567 404 388 175 55
973 133 120 131 968 734 511 961
585 924 701 926 80 161 943 357 984 128 831 134 404
778 394 774 976 249 439 27 896 903 782 33 998 715 908
858 369 854 85 4 789 694 774 970 453 50 364
944 610 312 598 806 904 569 600 299
949 116 540 372 932 434 588 229 385
826 390 591 867 158 820 56 349 915 38 493 982 366
2 363 275 441 737 493 255 763 797 186 219 49 122
998 357 254 903 819 801 799 336 795 904 638 578 852 672 119
158 546 909 335 288 863 566 923 502 732 233 413 388 568 59 954
355 345 991 840 961 308 63 483
519 238 148 505 467 55
512 824 146 918 867 987 532
247 514 584 510 97 388 728 854 787 888
605 239 524 872 599 33 75 290 897 252 721
651 34 200 497 489 193 874 739 407
570 754 307 635 703 68 896 450 843 777 869
600 469 210 799 75 983 513 131 372 402 997 640 172 351 130
776 922 806 802 439 807 23 43 286 773
382 695 724 213 134 467 263 320 613 773 796
916 272 718 92 567 94 718 189 254 780 394 971
211 256 504 172 4 88 621 72
314 446 315 2 294
366 911 35 831 791 264 367 130 111 0 897 793 179 557 781
635 650 363 225 97 774 796 290 802 485
776 343 129 346 938 953 273 101 768 747 307 355
831 580 2 145 30 855 277 359 379 354 858
475 950 973 46 294 598 834 954 267
956 500 266
750 561 7 90 622 347 620 955 784 495 720 675
938 336 935 242 370
82 353 888 290 462 192 922 200

